64
65
66
67
68
69
72
73
1784
70
71
62
74
1786
94
95
75
76
1785
102
103
1798
80
81
84
85
1790
96
97
98
99
105
106
1799
2580
108
109
1800
82
83
87
88
1791
100
101
63
77
1787
118
119
111
112
1801
2582
126
127
1810
120
121
122
123
2584
129
130
1811
2586
132
133
1812
142
143
124
125
2588
150
151
1822
2590
135
136
1813
146
147
2592
91
104
1802
156
157
1824
144
145
2594
153
154
1823
148
149
2596
159
160
1825
166
167
170
171
2598
174
175
1834
473
474
2600
180
181
1836
2602
2604
2606
78
86
1792
477
478
90
2608
2610
2607
2593
2612
2581
107
1788
1795
1803
475
476
479
480
481
482
483
484
485
486
93
2605
110
1780
1804
489
2603
490
1988
492
493
1989
2614
495
496
1990
2616
498
499
1991
2618
501
502
1992
2620
504
505
1993
2622
507
508
1994
521
522
523
524
487
488
525
526
2624
510
511
1995
529
530
2626
2628
79
2630
2632
2609
2634
2636
2611
89
1782
1783
1793
531
532
533
534
92
2638
2640
2642
2644
2646
2648
2650
2652
2637
2651
2645
2653
2583
113
1781
1789
1797
1805
537
538
539
540
541
542
527
528
545
546
115
2635
2585
128
1814
547
548
549
550
168
169
535
536
553
2633
554
2012
556
2631
557
2013
559
2629
560
2014
2654
562
563
2015
2656
565
2627
566
2016
2658
568
2641
569
2017
2660
571
2639
572
2018
2662
177
178
1835
2664
577
578
2020
2666
580
581
2021
2668
583
584
2022
2670
589
590
2024
2672
592
593
2025
172
173
2674
595
596
2026
2676
574
575
2019
114
2678
2587
131
1807
1815
543
544
183
184
1837
551
552
2680
586
587
2023
609
610
2682
598
599
2027
190
191
611
612
2684
198
199
1846
2686
2688
2690
117
2692
2589
134
1816
617
618
192
193
194
195
201
202
1847
613
614
2694
204
205
1848
619
620
2696
2698
139
2700
2591
152
1826
625
626
4
5
196
197
8
9
1752
214
215
207
208
1849
6
7
2702
222
223
1858
2704
641
2691
642
2052
18
19
2706
2708
644
2689
645
2053
11
12
1753
615
616
2710
653
654
2056
26
27
1760
2712
647
648
2054
2714
656
657
2057
2716
665
666
2060
116
2718
2699
2687
2720
2643
137
1809
1817
621
622
650
651
2055
2
3
2722
659
660
2058
20
21
22
23
29
30
1761
627
628
32
33
1762
633
634
2724
668
669
2061
24
25
2726
677
678
2064
42
43
35
36
1763
218
219
2728
50
51
1772
141
2730
2595
158
1806
1828
44
45
228
229
1860
216
217
2732
53
54
1773
697
698
2734
225
226
1859
623
624
629
630
2736
662
663
2059
138
2738
2740
2719
2742
2697
2744
2597
155
1794
1819
1827
635
636
671
672
2062
46
47
2746
680
681
2065
220
221
2748
56
57
1774
48
49
2750
231
232
1861
238
239
2752
59
60
1775
699
700
2754
246
247
1870
2756
729
730
2092
631
632
2758
732
733
2093
140
2741
2743
2760
2599
161
1796
1808
1821
1829
637
638
674
675
2063
242
243
2762
683
684
2066
262
263
2764
252
253
1872
240
241
2766
2768
2770
2772
2774
2776
2778
270
271
1882
266
267
2780
249
250
1871
466
2647
491
1996
264
265
2782
276
277
1884
468
2784
2617
497
1998
244
245
273
274
1883
465
2786
2615
494
1981
1997
268
269
255
256
1873
470
2621
503
2000
701
702
2788
279
280
1885
639
640
2790
735
736
2094
467
2619
500
1983
1999
703
704
686
687
2067
514
555
2028
705
706
738
739
2095
516
2792
2779
567
2032
707
708
741
742
2096
329
330
2794
744
745
2097
518
2796
2667
579
2036
331
332
345
346
1916
709
710
348
349
1917
520
2673
591
1980
2040
778
779
747
748
2098
893
894
2798
780
781
2125
472
2800
2625
509
2002
895
896
897
898
469
2623
506
1985
2001
901
902
2659
558
2029
903
904
2661
570
2033
802
803
826
827
804
805
2137
909
910
828
829
2149
2802
2804
2669
582
2037
850
851
2675
594
1982
2041
711
712
852
853
2161
2806
713
714
2808
750
751
2099
471
2810
2649
512
1987
2003
715
716
753
754
2100
2812
2655
561
2030
905
906
756
757
2101
2814
925
926
2188
2816
2818
2820
928
929
2189
2822
931
932
2190
2824
937
938
2192
2826
940
941
2193
911
912
2828
949
950
2196
163
2830
2601
176
1838
943
944
2194
899
900
2832
952
953
2197
2834
2663
573
2034
917
918
934
935
2191
2836
165
2838
2613
182
1840
333
334
961
962
2200
335
336
351
352
1918
717
718
354
355
1919
2840
2671
585
2038
784
785
759
760
2102
808
809
2842
786
787
2128
2807
2844
2677
597
1984
2042
832
833
810
811
2140
856
857
834
835
2152
719
720
2846
858
859
2164
513
2848
2850
2657
564
2005
2031
721
722
762
763
2103
162
2852
2665
179
1831
1839
723
724
765
766
2104
515
2837
2854
2679
576
2007
2035
907
908
768
769
2105
913
914
2856
946
947
2195
164
2858
2681
185
1833
1841
919
920
955
956
2198
517
2860
2683
588
2009
2039
337
338
964
965
2201
339
340
357
358
1920
981
982
360
361
1921
519
2862
2685
600
1986
2011
2043
725
726
602
2709
643
2068
790
791
771
772
2106
2864
1013
1014
2228
187
2866
2693
200
1850
814
815
792
793
2131
0
2707
2739
10
1754
1
2777
13
1751
1755
15
2775
28
1764
2868
2711
646
2069
838
839
816
817
2143
604
2870
2713
655
2072
862
863
840
841
2155
14
2773
31
1757
1765
17
2771
34
1749
1766
16
2769
37
1750
1759
1767
39
2731
52
1776
38
2735
55
1769
1777
186
2872
2695
203
1768
1843
1851
727
728
864
865
2167
886
927
2204
915
916
774
775
2107
189
2874
2701
206
1830
1852
921
922
958
959
2199
2876
2715
649
2070
2717
658
2073
606
2721
667
2076
341
342
967
968
2202
343
344
363
364
1922
41
2751
58
1756
1778
40
2755
61
1758
1771
1779
188
2878
2703
209
1770
1832
1845
1853
983
984
366
367
1923
211
2705
224
1862
601
2723
652
2045
2071
796
797
1016
1017
2229
2880
2725
661
2074
820
821
798
799
2134
2727
670
2077
608
2729
679
2080
844
845
822
823
2146
213
2882
2733
230
1842
1864
868
869
846
847
2158
210
2884
2737
227
1855
1863
870
871
2170
923
924
690
2886
2759
731
2108
603
2745
664
2047
2075
2747
673
2078
985
986
970
971
2203
2888
2749
682
2081
212
2753
233
1844
1857
1865
1019
1020
2230
987
988
235
2890
2757
248
1874
2761
734
2109
930
2205
377
378
1022
1023
2231
379
380
393
394
1940
989
990
396
397
1941
888
2892
2827
939
2208
1177
1178
1025
1026
2232
1062
1063
605
2894
2763
676
2049
2079
2765
685
2082
1086
1087
1064
1065
2261
237
2767
254
1854
1876
234
2783
251
1867
1875
1110
1111
1088
1089
2273
236
2896
2789
257
1856
1869
1877
1193
1194
2324
2898
2900
2823
737
2110
1134
1135
1112
1113
2285
259
2902
2904
2906
2781
272
1886
607
2821
688
2051
2083
991
992
1136
1137
2297
261
2908
2785
278
1866
1888
258
2787
275
1879
1887
260
2791
281
1868
1881
1889
322
2819
347
1924
321
2817
350
1909
1925
689
2793
740
1908
2085
2111
1028
1029
2233
993
994
692
2795
743
2112
2797
746
2113
1031
1032
2234
995
996
2910
2829
942
2209
381
382
1034
1035
2235
383
384
2912
399
400
1942
997
998
402
403
1943
2914
2916
2825
933
2206
1179
1180
1037
1038
2236
2918
890
2920
2831
951
2212
1181
1182
1196
1197
2325
777
2922
2801
782
2126
1068
1069
1199
1200
2326
801
2924
2805
806
2138
825
2803
830
2150
1092
1093
1070
1071
2264
849
2809
854
2084
2162
1116
1117
1094
1095
2276
2926
2928
2799
749
2114
873
874
875
2124
2136
2148
2160
2173
1140
1141
324
353
1926
323
356
1911
1927
691
2811
752
1910
2087
2115
999
1000
1118
1119
2288
1142
1143
2300
694
2930
2932
2813
755
2116
2815
758
2117
1040
1041
2237
1001
1002
2934
2833
945
2210
1043
1044
2238
1003
1004
2936
2835
954
2213
385
386
1046
1047
2239
387
388
405
406
1944
1005
1006
408
409
1945
885
2938
2839
936
2172
2181
2207
1183
1184
1049
1050
2240
892
2940
2841
963
2004
2216
1185
1186
1202
1203
2327
1225
1226
2942
1205
1206
2328
783
2944
2845
788
2129
807
2851
812
2141
831
2847
836
2153
1074
1075
1257
1258
2348
855
2946
2849
860
2086
2165
1098
1099
1076
1077
2267
876
877
878
2127
2139
2151
2163
2175
2948
2843
761
2118
1122
1123
326
359
1928
325
362
1913
1929
693
2853
764
1912
2089
2119
1146
1147
1100
1101
2279
1124
1125
2291
696
2950
2952
2855
767
2044
2120
1007
1008
1148
1149
2303
2954
2857
770
2046
2121
887
2859
948
2174
2183
2211
1052
1053
2241
1009
1010
2956
1055
1056
2242
1011
1012
2958
2863
966
2006
2217
389
390
1058
1059
2243
391
392
411
412
1946
2960
2861
957
2214
414
415
1947
1187
1188
1189
1190
1208
1209
2329
789
2962
2869
794
2132
813
2871
818
2144
1227
1228
1211
1212
2330
837
2964
2873
842
2156
861
866
2088
2168
974
2867
1015
2244
879
880
881
2130
2142
2154
2166
2177
1233
1234
1260
1261
2349
1080
1081
2966
1269
1270
2352
2968
2865
773
2048
2122
1104
1105
1082
1083
2270
328
365
1930
327
368
1915
1931
695
2875
776
1914
2050
2091
2123
1128
1129
1106
1107
2282
889
2970
2877
960
2176
2185
2215
1152
1153
1130
1131
2294
1154
1155
2306
1191
1192
2972
2974
2879
969
2008
2218
1235
1236
1214
1215
2331
1229
1230
2976
1272
1273
2353
795
800
2135
819
2883
824
2147
843
2885
848
2159
1241
1242
2978
1263
1264
2350
867
2887
872
2090
2171
2980
2881
1018
2245
882
883
884
2133
2145
2157
2169
2179
1237
1238
1281
1282
2356
891
2982
2889
972
2010
2178
2187
2219
1243
1244
1275
1276
2354
1231
1232
2984
1284
1285
2357
2986
2891
1021
2246
1249
1250
1266
1267
2351
2988
1293
1294
2360
1313
1314
370
2907
395
1948
369
2905
398
1933
1949
973
2990
2893
1024
1932
2221
2247
1239
1240
1345
1346
2388
976
2992
2895
1027
2248
1245
1246
1278
1279
2355
1251
1252
2994
1287
1288
2358
2996
2998
3000
3002
3004
1170
3006
2901
1195
2332
1296
1297
2361
1315
1316
1321
1322
3008
1348
1349
2389
1247
1248
3010
1357
1358
2392
1253
1254
3012
1290
1291
2359
3014
1299
1300
2362
1323
1324
1061
2899
1066
2262
1317
1318
3016
1360
1361
2393
1085
2897
1090
2274
1329
1330
3018
1351
1352
2390
1109
2903
1114
2286
1255
1256
3020
1369
1370
2396
1133
2909
1138
2220
2298
3022
1302
1303
2363
1325
1326
1030
2249
3024
3026
3028
1157
1158
1159
2260
2272
2284
2296
2309
1331
1332
1319
1320
3005
2911
1033
2250
1337
1338
372
2917
3003
401
1950
371
2915
3001
404
1935
1951
975
2999
2913
1036
1934
2223
2251
425
426
1363
1364
2394
3030
1372
1373
2397
427
428
441
442
1964
3032
1354
1355
2391
1327
1328
3034
1381
1382
2400
444
445
1965
978
2997
3036
2921
1039
2252
1333
1334
1366
1367
2395
1169
3038
3040
3042
3044
3046
3048
3050
3029
2919
3052
2923
1198
2308
2317
2333
1339
1340
1375
1376
2398
1401
1402
3054
1384
1385
2401
429
430
3056
1433
1434
2428
431
432
447
448
1966
450
451
1967
1335
1336
1341
1342
3058
1378
1379
2399
1403
1404
3060
1387
1388
2402
1172
3027
3062
2925
1201
2334
433
434
1436
1437
2429
435
436
453
454
1968
456
457
1969
1409
1410
1343
1344
3064
1445
1446
2432
1405
1406
3066
1390
1391
2403
437
438
3068
1439
1440
2430
439
440
3070
459
460
1970
462
463
1971
1411
1412
1067
3051
2929
1072
2265
1407
1408
3072
3074
1448
1449
2433
1091
3076
2927
1096
2277
1442
1443
2431
1413
1414
1489
1490
3078
1451
1452
2434
3080
1115
3082
2933
1120
2289
1417
1418
1521
1522
2468
1139
3084
2931
1144
2222
2301
1457
1458
2436
1415
1416
3086
3049
3025
3088
2935
1042
2253
3090
3092
1160
1161
1162
2263
2275
2287
2299
2311
1419
1420
3047
2937
1045
2254
1491
1492
1497
1498
374
3045
407
1952
373
3043
410
1937
1953
977
3041
2939
1048
1936
2225
2255
1454
1455
2435
3094
1460
1461
2437
1421
1422
3096
1524
1525
2469
3098
1533
1534
2472
980
3039
3100
2941
1051
2180
2256
1425
1426
1463
1464
2438
3102
1469
1470
2440
1423
1424
1171
3104
3106
3108
3110
3112
3114
3093
3116
2943
1204
2310
2319
2335
1427
1428
1466
1467
2439
3118
1472
1473
2441
1499
1500
1493
1494
3120
1536
1537
2473
1505
1506
3122
1527
1528
2470
1429
1430
3124
1545
1546
2476
1174
3087
3126
2945
1207
2336
1475
1476
2442
1431
1432
3128
1478
1479
2443
1501
1502
1507
1508
3130
1539
1540
2474
1495
1496
3132
1548
1549
2477
1513
1514
3134
1530
1531
2471
1073
3115
3136
2949
1078
2268
1557
1558
2480
1503
1504
1097
3138
2953
1102
2280
1509
1510
1542
1543
2475
1515
1516
3140
1551
1552
2478
1121
3142
2951
1126
2292
1577
1578
1560
1561
2481
1145
3144
2955
1150
2224
2304
1609
1610
2508
1579
1580
3146
3148
3150
1218
3081
3152
2947
1259
2364
3154
3156
1163
1164
1165
2266
2278
2290
2302
2313
1585
1586
1511
1512
1517
1518
1612
1613
2509
3158
1621
1622
2512
1587
1588
3160
1554
1555
2479
3162
1563
1564
2482
1581
1582
3164
1624
1625
2513
3113
3091
3166
2957
1054
2182
2257
1593
1594
1615
1616
2510
3111
3168
2959
1057
2184
2258
1519
1520
1633
1634
2516
3170
1566
1567
2483
1589
1590
376
3109
413
1954
375
3107
416
1939
1955
979
3105
3172
2961
1060
1938
2186
2227
2259
1595
1596
1627
1628
2514
1173
3174
3176
3178
3180
3182
3184
3186
3188
3190
3192
3194
3196
3198
3200
3202
3204
3151
3201
3191
3205
2963
1210
2312
2321
2337
1583
1584
1636
3181
1637
2517
1601
1602
1618
1619
2511
1645
1646
2520
1591
1592
1597
1598
3206
1630
1631
2515
1603
1604
3208
1639
1640
2518
1665
1666
3210
1648
1649
2521
1176
3149
3212
2965
1213
1818
2338
1673
1674
1697
1698
2548
1681
1682
3214
1709
1710
2552
1689
1690
3216
1721
1722
2556
3218
1733
1734
2560
1667
1668
1675
1676
3220
1700
1701
2549
1079
3179
3183
1084
2271
1683
1684
3222
1712
1713
2553
1103
2971
1108
2283
1691
1692
3224
1724
1725
2557
1127
2975
1132
2295
1599
1600
3226
1736
1737
2561
1151
2973
1156
2226
2307
1605
1606
3228
1642
1643
2519
3230
1651
1652
2522
1669
1670
3232
3234
3157
3147
3236
2967
1262
2365
3238
1166
1167
1168
2269
2281
2293
2305
2315
1677
1678
1685
1686
1693
1694
1703
1704
2550
3240
1715
1716
2554
3242
1727
1728
2558
1607
1608
3244
1739
1740
2562
3246
1654
1655
2523
1671
1672
3248
3250
1220
3155
3252
2969
1271
2368
1679
1680
1706
1707
2551
1687
1688
3254
1718
1719
2555
1695
1696
3256
1730
1731
2559
3258
1742
1743
2563
288
289
292
293
300
301
1896
296
297
306
307
1898
1175
3260
3262
3235
3251
3264
3266
3268
2977
1216
1820
2314
2323
2339
290
291
312
313
1900
294
295
303
304
1897
298
299
309
310
1899
315
316
1901
3263
3249
3270
3272
2979
1274
2369
3239
3274
3233
2981
1265
2366
3276
1222
3278
3261
2983
1283
2372
2985
1277
2370
3280
3279
2987
1286
2373
3282
1217
3284
3277
3286
3275
2989
1268
2341
2367
1224
2991
1295
2316
2376
1306
2993
1347
2404
3288
1219
3290
3287
2995
1280
2343
2371
3285
3009
1298
2318
2377
3283
3292
3281
3007
1289
2374
3294
3291
3011
1350
2405
3296
1308
3298
3289
3013
1359
2408
3300
1221
3015
1292
2345
2375
3293
3302
3295
3017
1301
2320
2378
3299
3019
1362
2409
3304
3306
3297
3021
1353
2406
3308
1310
3301
3023
1371
2412
3310
1223
3312
3303
3185
1304
2322
2347
2379
418
3187
3177
443
1972
417
3189
3175
446
1957
1973
3307
3031
1365
2410
3314
3316
3313
3305
3033
1374
2413
1305
3318
3309
3035
1356
1956
2381
2407
1312
3311
3037
1383
2340
2416
420
3193
449
1974
419
3195
452
1959
1975
1307
3320
3322
3324
3326
3317
3053
1368
1958
2383
2411
3327
3057
1386
2342
2417
3328
3319
3315
3055
1377
2414
3330
1394
3332
3325
3059
1435
2444
422
3197
3323
455
1976
421
3199
3321
458
1961
1977
3334
3336
1309
3061
1380
1960
2385
2415
3331
3338
3333
3063
1389
2344
2418
3329
3065
1438
2445
424
3075
461
1978
3340
3342
3344
1396
3337
3067
1447
2448
423
3073
3335
464
1963
1979
3346
3348
1311
3069
1392
1962
2346
2387
2419
3345
3339
3071
1441
2446
3350
3343
3077
1450
2449
3352
3354
1393
3079
1444
2421
2447
3355
3351
3083
1453
2450
3356
3358
1482
3085
1523
2484
3360
3362
1398
3349
3089
1459
2452
1395
3364
3366
3359
3095
1456
2423
2451
3367
3353
3097
1462
2453
3368
3370
3372
3363
3099
1526
2485
3374
1484
3361
3101
1535
2488
3376
3378
3373
3357
3103
1465
2454
3380
3382
1400
3365
3117
1471
2380
2456
3384
1397
3371
3119
1468
2425
2455
3385
3369
3121
1474
2382
2457
3386
3379
3388
3383
3123
1538
2489
3390
3375
3125
1529
2486
3392
1486
3394
3377
3127
1547
2492
3396
3389
3398
3381
3129
1477
2384
2458
1399
3387
3131
1480
2386
2427
2459
3395
3133
1541
2490
3400
3402
3399
3391
3135
1550
2493
3404
1481
3406
3393
3137
1532
2461
2487
1488
3408
3397
3139
1559
2420
2496
1483
3410
3403
3141
1544
2463
2491
3411
3412
3407
3145
1562
2422
2497
3414
3405
3401
3143
1553
2494
3416
3418
1570
3409
3153
1611
2524
3159
1614
2525
3420
1572
3161
1623
2528
3422
1485
3424
3419
3426
3413
3163
1556
2465
2495
3415
3417
3165
1565
2424
2498
3428
3425
3427
3167
1626
2529
3430
3432
3421
3169
1617
2526
3434
1574
3423
3171
1635
2532
3436
1487
3438
3429
3173
1568
2426
2467
2499
3433
3203
1629
2530
3440
3442
3439
3431
1638
2533
1569
3444
3435
1620
2501
2527
1576
3446
3437
3207
1647
2460
2536
1571
3448
3443
3209
1632
2503
2531
3449
3213
1650
2462
2537
3450
3445
3441
3211
1641
2534
3452
3454
1658
3447
3215
1699
2564
3456
3458
1660
3217
1711
2568
3460
1662
3219
1723
2572
3462
1664
3221
1735
2500
2576
3464
3459
3223
1702
2565
3466
3461
3225
1714
2569
3468
3463
3227
1726
2573
3470
3465
3229
1738
2502
2577
1573
3455
3472
3457
3231
1644
2505
2535
3451
3453
3237
1653
2464
2538
3474
3467
3241
1705
2566
3476
3469
3243
1717
2570
3478
3471
3245
1729
2574
3480
3473
3247
1741
2504
2578
1575
3482
3475
3253
1656
2466
2507
2539
1657
3477
3255
1708
2541
2567
1659
3479
3257
1720
2543
2571
1745
2540
1661
3481
3259
1732
2545
2575
1746
2542
1663
3483
3269
1744
2506
2547
2579
1747
2544
1748
2546
283
3267
3341
302
1902
285
3265
308
1904
287
314
1878
1906
282
3347
305
1891
1903
284
3273
311
1893
1905
286
3271
317
1880
1895
1907
318
1890
319
1892
320
1894
