2
4
401
402
6
8
61
63
6952
110
112
6954
159
161
6956
208
210
6958
257
259
6960
306
308
6962
355
357
4626
1
3
6964
404
406
6966
483
485
6968
556
558
6970
629
631
6972
702
704
6974
775
777
6976
848
850
6978
921
923
4829
58
59
5
7
403
405
0
9
4627
4628
995
997
6980
1587
1589
6982
2179
2181
6984
2771
2773
400
6967
407
4830
4831
3363
3365
6986
3955
3957
4625
107
108
6988
60
62
6990
482
484
6992
57
6953
64
4655
4656
1074
1076
6994
1666
1668
6996
2258
2260
6998
2850
2852
7000
481
6969
486
4870
4871
3442
3444
7002
4044
4046
4654
156
157
7004
109
111
7006
555
557
7008
106
6955
113
4680
4681
1147
1149
7010
1739
1741
7012
2331
2333
7014
2923
2925
7016
554
6971
559
4907
4908
3515
3517
7018
4127
4129
4679
205
206
7020
158
160
7022
628
630
7024
155
6957
162
4705
4706
1220
1222
7026
1812
1814
7028
2404
2406
7030
2996
2998
7032
627
6973
632
4944
4945
3588
3590
7034
4210
4212
4704
254
255
7036
207
209
7038
701
703
7040
204
6959
211
4730
4731
1293
1295
7042
1885
1887
7044
2477
2479
7046
3069
3071
7048
700
6975
705
4981
4982
3661
3663
7050
4293
4295
4729
303
304
7052
256
258
7054
774
776
7056
253
6961
260
4755
4756
1366
1368
7058
1958
1960
7060
2550
2552
7062
3142
3144
7064
773
6977
778
5018
5019
3734
3736
7066
4376
4378
4754
352
353
7068
305
307
7070
847
849
7072
302
6963
309
4780
4781
1439
1441
7074
2031
2033
7076
2623
2625
7078
3215
3217
7080
846
6979
851
5055
5056
3807
3809
7082
4459
4461
4779
993
994
7084
354
356
7086
920
922
7088
351
6965
358
4805
4806
1512
1514
7090
2104
2106
7092
2696
2698
7094
3288
3290
7096
919
924
5092
5093
3880
3882
7098
4542
4544
4804
11
13
996
998
1075
1077
7100
992
7102
6981
999
5130
5131
1148
1150
7104
1221
1223
7106
1073
6995
1078
5170
5171
1294
1296
7108
1367
1369
7110
1146
7011
7112
7105
1151
5207
5208
1440
1442
7114
1513
1515
5129
7116
1219
7027
1224
5244
5245
7118
1292
7043
7109
1297
5281
5282
408
409
15
17
7120
68
70
7122
117
119
7124
1365
7059
7126
7113
1370
5318
5319
166
168
7128
215
217
7130
1438
7075
7132
7115
1443
5355
5356
264
266
7134
313
315
7136
1511
7091
1516
5392
5393
362
364
4630
1585
1586
7138
411
413
7140
488
490
7142
561
563
7144
634
636
7146
707
709
7148
780
782
7150
853
855
7152
926
928
4832
10
12
7154
1588
1590
7156
1667
1669
7158
1584
6983
1591
5430
5431
1740
1742
7160
1813
1815
7162
1665
6997
1670
5470
5471
1886
1888
7164
1959
1961
7166
1738
7013
7168
7161
1743
5507
5508
2032
2034
7170
2105
2107
5429
7172
1811
7029
1816
5544
5545
7174
1884
7045
7165
1889
5581
5582
65
66
14
16
7176
410
412
7178
1002
1004
7180
1594
1596
7121
18
4631
4632
2186
2188
7182
2778
2780
7184
3370
3372
7186
3962
3964
4629
7188
6993
7190
7179
7157
414
4833
4834
19
21
4624
20
22
1957
7061
7169
1962
5618
5619
415
417
4828
2030
7077
7171
2035
5655
5656
114
115
67
69
416
418
7192
487
489
7194
7001
7123
71
4658
4659
1079
1081
7196
1671
1673
7198
2263
2265
7200
2855
2857
7202
7009
7143
491
4872
4873
72
74
4653
3447
3449
7204
4049
4051
4657
2103
7206
7093
2108
5692
5693
492
494
4869
73
75
163
164
116
118
7208
560
562
7017
7127
120
4683
4684
493
495
1152
1154
7210
1744
1746
7212
2336
2338
7214
2928
2930
7216
7025
7145
564
4909
4910
7218
121
123
4678
3520
3522
7220
4132
4134
4682
7222
565
567
4906
7224
122
124
212
213
7226
165
167
7228
633
635
7033
7129
169
4708
4709
1225
1227
7230
566
568
7232
1817
1819
7234
2409
2411
7236
3001
3003
7041
7147
637
4946
4947
7238
170
172
4703
3593
3595
7240
4215
4217
4707
7242
638
640
4943
7244
171
173
261
262
7246
214
216
7248
706
708
7049
7133
218
4733
4734
1298
1300
7250
1890
1892
7252
2482
2484
7254
639
641
7256
3074
3076
7057
7149
710
4983
4984
7258
219
221
4728
3666
3668
7260
4298
4300
4732
7262
711
713
4980
7264
220
222
310
311
7266
263
265
7268
779
781
7065
7135
267
4758
4759
1371
1373
7270
1963
1965
7272
2555
2557
7274
3147
3149
7073
7151
783
5020
5021
7276
268
270
4753
7278
712
714
3739
3741
7280
4381
4383
4757
7282
784
786
5017
7284
269
271
359
360
7286
312
314
7288
852
854
7081
7141
316
4783
4784
1444
1446
7290
2036
2038
7292
2628
2630
7294
3220
3222
7089
7153
856
5057
5058
7296
317
319
4778
3812
3814
7298
318
320
7300
4464
4466
4782
7302
857
859
5054
7304
785
787
1000
1001
7306
361
363
7308
925
927
7097
7139
365
4808
4809
1517
1519
7310
2109
2111
7312
2701
2703
7314
3293
3295
7101
7155
929
5094
5095
7316
366
368
4803
3885
3887
7318
4547
4549
4807
7320
367
369
7322
930
932
5091
7324
858
860
2177
2178
1003
1005
1080
1082
7107
7326
7181
1006
5133
5134
1153
1155
7328
1226
1228
7111
7197
1083
5172
5173
7330
1007
1009
5128
1299
1301
7332
1372
1374
7334
931
933
7117
7211
7336
7329
1156
5209
5210
7338
1084
1086
5169
1445
1447
7340
1518
1520
5132
7119
7233
1229
5246
5247
7342
1157
1159
5206
7125
7251
7333
1302
5283
5284
7344
1230
1232
5243
1592
1593
2180
2182
7346
1008
1010
7348
2259
2261
7350
2332
2334
7131
7271
7352
7337
1375
5320
5321
7354
1303
1305
5280
2405
2407
7137
7291
7356
7341
1448
5357
5358
7358
1376
1378
5317
7360
1085
1087
7159
7311
1521
5394
5395
7362
1449
1451
5354
2176
6985
7349
2183
5730
5731
7364
1522
1524
5391
2184
2185
1595
1597
2257
6999
7351
2262
5770
5771
7366
1158
1160
1672
1674
7368
1745
1747
7370
1818
1820
7372
2330
7015
7374
7353
2335
5807
5808
1891
1893
7376
1964
1966
7378
7163
7193
1598
5433
5434
2037
2039
7380
1231
1233
7382
2110
2112
5432
7384
7167
7199
7386
7369
1675
5472
5473
7388
1599
1601
5428
7173
7213
7371
1748
5509
5510
7390
1676
1678
5469
2187
2189
37
39
7392
1304
1306
7175
7235
7394
7375
1821
5546
5547
7396
1749
1751
5506
7398
1822
1824
5543
7400
1377
1379
46
47
41
43
7402
92
94
7404
141
143
7406
1450
1452
7408
190
192
7410
239
241
7412
288
290
7414
337
339
7416
386
388
4644
7418
1523
1525
449
451
7420
49
51
7422
98
100
7424
147
149
7426
196
198
7428
1600
1602
7430
245
247
7432
294
296
7434
343
345
7436
392
394
4648
7438
1677
1679
458
459
7440
453
455
7442
528
530
7444
601
603
7446
674
676
7448
26
7450
7367
27
4633
7452
747
749
7454
820
822
7456
893
895
79
7458
7347
7460
7361
80
4660
7462
966
968
4854
128
7464
7245
7466
7345
129
4685
1041
1043
7468
461
463
7470
534
536
177
7472
7255
7474
7265
178
4710
7476
607
609
7478
680
682
7480
753
755
226
7482
7277
7484
7279
227
4735
7486
826
828
7488
899
901
7490
972
974
4858
1750
1752
1050
1051
7492
1045
1047
7494
1120
1122
7496
1193
1195
7498
275
7500
7297
7502
7299
276
4760
7504
1266
1268
7506
1339
1341
324
7508
7303
7510
7305
325
4785
7512
1412
1414
7514
1485
1487
7516
1558
1560
5154
373
7518
7323
7520
7325
374
4810
422
7522
7225
7524
7231
423
4835
1633
1635
7526
1053
1055
7528
1126
1128
7530
1199
1201
1823
7532
7401
1825
7534
1272
1274
7536
1345
1347
7538
1418
1420
7189
7253
7540
7377
1894
5583
5584
7542
1895
1897
5580
1491
1493
7544
1564
1566
5158
7203
7273
1967
5620
5621
7546
1968
1970
5617
7548
1896
1898
1642
1643
1637
1639
7550
1712
1714
7552
1785
1787
7554
1858
1860
7556
499
7558
7219
7560
7223
500
4874
7562
1931
1933
1969
1971
7564
1645
1647
7566
572
7568
7239
7570
7243
573
4911
7572
1718
1720
7574
1791
1793
7576
1864
1866
7195
7293
7578
7383
2040
5657
5658
2041
2043
5654
7580
2042
2044
1937
1939
7582
2004
2006
7584
2010
2012
7586
2077
2079
7217
7313
7588
7387
2113
5694
5695
7590
2114
2116
5691
2083
2085
7592
2150
2152
5454
7594
2115
2117
7596
645
7598
7259
7600
7263
646
4948
718
7602
7283
7604
7285
719
4985
791
7606
7317
7608
7321
792
5022
864
7610
7331
7612
7335
865
5059
937
7614
7339
7616
7343
938
5096
1014
7618
7355
7620
7359
1015
5135
1091
7622
7363
7624
7365
1092
5174
1164
7626
7381
7628
7393
1165
5211
1237
7630
7389
7632
7391
1238
5248
1310
7634
7397
7636
7399
1311
5285
1383
7638
7407
1384
5322
1456
7640
7419
1457
5359
1529
7642
7429
1530
5396
1606
7644
7439
1607
5435
1683
7646
7449
7648
7451
1684
5474
1756
7650
7503
7652
7561
1757
5511
1829
7654
7547
7656
7549
1830
5548
1902
7658
7557
7660
7559
1903
5585
1975
7662
7571
1976
5622
2048
7664
7595
7666
7601
2049
5659
2121
7668
7597
7670
7599
2122
5696
28
7672
7461
29
4637
81
7674
7467
82
4664
36
38
130
7676
7475
131
4689
89
90
40
42
7678
48
50
4643
35
7680
7403
44
4645
4646
45
7423
52
4649
4650
53
54
4642
7682
179
7684
7485
180
4714
138
139
91
93
55
56
4647
97
99
4670
88
7405
95
4671
4672
7686
228
7688
7501
229
4739
96
7425
101
4674
4675
102
103
4669
187
188
140
142
7690
104
105
4673
146
148
4695
137
7409
144
4696
4697
7692
277
7694
7511
278
4764
145
7427
150
4699
4700
151
152
4694
236
237
189
191
7696
326
7698
7521
327
4789
153
154
4698
195
197
4720
186
7411
193
4721
4722
194
7431
199
4724
4725
7700
200
201
4719
7702
375
7704
7525
376
4814
285
286
238
240
202
203
4723
244
246
4745
235
7413
242
4746
4747
243
7433
248
4749
4750
7706
249
250
4744
7708
424
7710
7543
425
4839
334
335
287
289
251
252
4748
293
295
4770
284
7415
291
4771
4772
7712
501
7714
7569
502
4878
292
7435
297
4774
4775
298
299
4769
383
384
336
338
7716
300
301
4773
342
344
4795
333
7417
340
4796
4797
7718
574
7720
7591
575
4915
341
7437
346
4799
4800
347
348
4794
448
450
385
387
7722
647
7724
7605
648
4952
349
350
4798
391
393
4820
382
7421
389
4821
4822
390
7441
395
4824
4825
7726
396
397
4819
7728
720
7730
7609
721
4989
525
526
452
454
398
399
4823
460
462
4853
447
7443
456
4855
4856
457
7471
464
4859
4860
7732
465
467
4852
7734
793
7736
7613
794
5026
598
599
527
529
469
471
4857
533
535
4892
524
7445
531
4893
4894
7738
866
7740
7617
867
5063
532
7477
537
4896
4897
538
540
4891
671
672
600
602
7742
542
544
4895
606
608
4929
597
7447
604
4930
4931
7744
939
7746
7621
940
5100
605
7479
610
4933
4934
611
613
4928
744
745
673
675
7748
615
617
4932
7750
1016
7752
7625
1017
5139
679
681
4966
670
7453
677
4967
4968
678
7481
683
4970
4971
684
686
4965
7754
1093
7756
7629
1094
5178
817
818
746
748
688
690
4969
752
754
5003
743
7455
750
5004
5005
751
7487
756
5007
5008
7758
757
759
5002
7760
1166
7762
7633
1167
5215
890
891
819
821
761
763
5006
825
827
5040
816
7457
823
5041
5042
7764
1239
7766
7637
1240
5252
824
7489
829
5044
5045
830
832
5039
963
964
892
894
7768
834
836
5043
898
900
5077
889
7463
896
5078
5079
7770
1312
1313
5289
897
7491
902
5081
5082
903
905
5076
1040
1042
965
967
7772
907
909
5080
7774
1385
1386
5326
971
973
5114
962
7469
969
5115
5116
970
7493
975
5118
5119
976
978
5113
7776
1458
7778
7757
1459
5363
1117
1118
1044
1046
980
982
5117
1052
1054
5153
1039
7495
1048
5155
5156
1049
7529
1056
5159
5160
7780
1057
1059
5152
7782
1531
7784
7731
1532
5400
1190
1191
1119
1121
1061
1063
5157
1125
1127
5192
1116
7497
1123
5193
5194
7786
1608
7788
7649
1609
5439
1124
7531
1129
5196
5197
1130
1132
5191
1263
1264
1192
1194
7790
1134
1136
5195
1198
1200
5229
1189
7505
1196
5230
5231
7792
1685
7794
7653
1686
5478
1197
7535
1202
5233
5234
1203
1205
5228
1336
1337
1265
1267
7796
1207
1209
5232
7798
1758
7800
7657
1759
5515
1271
1273
5266
1262
7507
1269
5267
5268
1270
7537
1275
5270
5271
1276
1278
5265
7802
30
7804
7705
31
4638
1409
1410
1338
1340
1280
1282
5269
1344
1346
5303
1335
7513
1342
5304
5305
1343
7539
1348
5307
5308
7806
1349
1351
5302
1482
1483
1411
1413
7808
1353
1355
5306
1417
1419
5340
1408
7515
1415
5341
5342
7810
1831
7812
7661
1832
5552
1416
7541
1421
5344
5345
1422
1424
5339
7814
83
7816
7685
84
4665
1555
1556
1484
1486
1426
1428
5343
1490
1492
5377
1481
7517
1488
5378
5379
1489
7545
1494
5381
5382
7818
1495
1497
5376
1632
1634
1557
1559
7820
1499
1501
5380
1563
1565
5414
1554
7527
1561
5415
5416
7822
132
7824
7689
133
4690
1562
1567
5418
5419
1568
1570
5413
1709
1710
1636
1638
7826
1572
1574
5417
1644
1646
5453
1631
7551
1640
5455
5456
7828
1904
7830
7677
1905
5589
1641
7573
1648
5459
5460
1649
1651
5452
1782
1783
1711
1713
7832
1653
1655
5457
1717
1719
5492
1708
7553
1715
5493
5494
7834
181
7836
7695
182
4715
1716
7575
1721
5496
5497
1722
1724
5491
1855
1856
1784
1786
7838
1726
1728
5495
1790
1792
5529
1781
7555
1788
5530
5531
7840
230
7842
7699
231
4740
1789
7577
1794
5533
5534
1795
1797
5528
1928
1929
1857
1859
7844
1799
1801
5532
1863
1865
5566
1854
7563
1861
5567
5568
1862
7579
1867
5570
5571
7846
1868
1870
5565
7848
1977
7850
7667
1978
5626
1930
1932
1872
1874
5569
1936
1938
5603
1927
7565
1934
5604
5605
1935
7583
1940
5607
5608
7852
1941
1943
5602
7854
2050
7856
7671
2051
5663
2001
2002
1945
1947
5606
7858
279
7860
7711
280
4765
2003
2005
2009
2011
5640
2000
7585
2007
5641
5642
2008
7587
2013
5644
5645
2014
2016
5639
2074
2075
2076
2078
7862
2018
2020
5643
7864
328
7866
7715
329
4790
2082
2084
5677
2073
7589
2080
5678
5679
2081
7593
2086
5681
5682
2087
2089
5676
7868
2091
2093
5680
7870
2123
7872
7675
2124
5700
377
7874
7721
378
4815
426
7876
7725
427
4840
503
7878
7737
504
4879
576
7880
7741
577
4916
649
7882
7747
650
4953
722
7884
7753
723
4990
795
7886
7763
796
5027
868
7888
7767
869
5064
941
7890
7805
942
5101
1018
7892
7779
1019
5140
1095
7894
7785
1096
5179
1168
7896
7789
1169
5216
1241
7898
7795
1242
5253
1314
7900
7801
1315
5290
1387
1388
5327
1460
7902
7817
1461
5364
1533
1534
5401
1610
1611
5440
1687
1688
5479
1760
7904
7837
1761
5516
1833
1834
5553
1906
7906
7857
1907
5590
1979
7908
7861
1980
5627
2052
2053
5664
2125
7910
7875
2126
7912
23
24
7914
7459
25
4634
4636
2147
2148
5701
2149
2151
2146
7681
2153
5715
5716
2155
2157
5714
2156
2158
5458
2154
2159
5718
5719
2160
2162
5713
2164
2166
5717
7385
7183
7395
2190
5733
5734
7916
2191
2193
5728
7918
2192
2194
76
77
7920
7465
78
4661
4663
2198
2199
5735
2200
2201
5739
125
126
7473
127
4686
4688
2224
2226
2225
2227
174
175
7483
176
4711
4713
2229
2231
2234
2235
223
224
7499
225
4736
4738
2237
2239
7922
2264
2266
7373
7201
2267
5772
5773
2268
2270
5769
2228
2230
2236
2238
5753
2223
2232
5755
5756
7924
2269
2271
2233
7923
2240
5759
5760
7926
2241
2243
5752
7928
2245
2247
5757
2304
2306
2310
2312
7930
2337
2339
7379
7215
2340
5809
5810
7932
2275
2276
5774
2341
2343
5806
7934
2342
2344
7936
2277
2278
5778
2301
2302
272
273
7509
274
4761
4763
321
322
7519
323
4786
4788
370
371
7523
372
4811
4813
2303
2305
2309
2311
5792
2300
2307
5793
5794
2348
2349
5811
2308
7931
2313
5796
5797
2314
2316
5791
2377
2379
2383
2385
7938
2350
2351
5815
2318
2320
5795
2403
7031
7940
7357
2408
5844
5845
2410
2412
7237
2413
5846
5847
2374
2375
419
420
7942
7533
421
4836
4838
496
497
7567
498
4875
4877
569
570
7581
571
4912
4914
2376
2378
2382
2384
5829
2373
2380
5830
5831
642
643
7603
644
4949
4951
7944
2381
7941
2386
5833
5834
2387
2389
5828
715
716
7946
7607
717
4986
4988
2414
7945
2416
5843
7948
2391
2393
5832
2450
2452
2456
2458
7950
2478
2480
2476
7047
2481
5881
5882
2483
2485
7952
2415
2417
7954
2421
2422
5848
2423
2424
5852
788
789
7611
790
5023
5025
861
862
7615
863
5060
5062
934
935
7619
936
5097
5099
2202
2203
5740
2279
2280
5779
2352
2353
5816
2425
2426
1011
1012
7956
7623
1013
5136
5138
2447
2448
5853
2449
2451
2446
2453
5867
5868
2455
2457
5866
7958
2454
7951
2459
5870
5871
2460
2462
5865
2464
2466
5869
7959
7257
2486
5883
5884
7960
2487
2489
5880
7962
2488
2490
1088
1089
7964
7627
1090
5175
5177
2494
2495
5885
2496
2497
5889
2498
2499
1161
1162
7966
7631
1163
5212
5214
2520
2521
5890
2522
2524
2523
2525
2519
2526
5904
5905
2528
2530
5903
2529
2531
1234
1235
7635
1236
5249
5251
2527
2532
5907
5908
2533
2535
5902
2551
2553
1307
1308
7968
7639
1309
5286
5288
2556
2558
7970
2596
2598
7972
2602
2604
2549
7063
2554
5918
5919
2537
2539
5906
2624
2626
1380
1381
7974
7641
1382
5323
5325
7976
2629
2631
2622
7079
2627
5955
5956
2669
2671
1453
1454
7643
1455
5360
5362
7978
2697
2699
5729
7275
7980
7971
2559
5920
5921
2702
2704
5732
1526
1527
7645
1528
5397
5399
7982
2742
2744
5754
2769
2770
7984
2772
2774
7986
2695
7095
2700
5992
5993
2560
2562
5917
431
432
2675
2677
7988
2561
2563
7987
7295
7990
7981
2632
5957
5958
7315
7983
2705
5994
5995
7992
2633
2635
5954
7994
2634
2636
7996
2567
2568
5922
2640
2641
5959
2569
2570
5926
2593
2594
2571
2572
5927
2595
2597
2601
2603
5940
2592
7973
2599
5941
5942
508
509
581
582
654
655
727
728
800
801
873
874
946
947
433
434
4635
437
438
4837
510
511
4662
514
515
4876
583
584
4687
587
588
4913
656
657
4712
660
661
4950
729
730
4737
733
734
4987
802
803
4762
806
807
5024
875
876
4787
879
880
5061
948
949
4812
952
953
5098
1603
1604
7647
1605
5436
5438
1680
1681
7651
1682
5475
5477
1753
1754
7655
1755
5512
5514
1826
1827
7659
1828
5549
5551
1899
1900
7663
1901
5586
5588
1972
1973
7665
1974
5623
5625
2045
2046
7669
2047
5660
5662
2118
2119
7673
2120
5697
5699
435
436
4845
439
440
4847
512
513
4884
516
517
4886
585
586
4921
589
590
4923
658
659
4958
662
663
4960
731
732
4995
735
736
4997
804
805
5032
808
809
5034
877
878
5069
881
882
5071
950
951
5106
954
955
5108
1023
1024
1100
1101
1173
1174
1246
1247
1319
1320
466
7998
7735
468
4861
1392
1393
470
8000
8002
8004
8006
8008
8010
8012
8014
8016
7739
472
4863
473
8018
8020
7683
474
4651
475
8022
7687
476
4652
539
8024
8026
7743
541
4898
543
8028
7745
545
4900
1465
1466
546
8030
8032
7691
547
4676
548
8034
7693
549
4677
612
8036
8038
7749
614
4935
616
8040
7751
618
4937
619
8042
8044
7697
620
4701
621
8046
7701
622
4702
685
8048
8050
7755
687
4972
1538
1539
689
8052
7759
691
4974
692
8054
8056
7703
693
4726
694
8058
7707
695
4727
758
8060
8062
7761
760
5009
762
8064
7765
764
5011
765
8066
8068
7709
766
4751
767
8070
7713
768
4752
831
8072
8074
7769
833
5046
835
8076
7771
837
5048
838
8078
8080
7717
839
4776
840
8082
7719
841
4777
904
8084
8086
7773
906
5083
908
8088
7775
910
5085
911
8090
8092
7723
912
4801
913
8094
7727
914
4802
977
8096
8098
7777
979
5120
981
8100
7781
983
5122
984
8102
8104
7729
985
4826
986
8106
7733
987
4827
1025
1026
4844
1029
1030
5137
1102
1103
4883
1106
1107
5176
1175
1176
4920
1179
1180
5213
1248
1249
4957
1252
1253
5250
1321
1322
4994
1325
1326
5287
1394
1395
5031
1398
1399
5324
1467
1468
5068
1471
1472
5361
1540
1541
5105
1544
1545
5398
32
33
7813
34
4639
4641
85
86
7825
87
4666
4668
134
135
7831
136
4691
4693
183
184
7843
185
4716
4718
232
233
7851
234
4741
4743
281
282
7867
283
4766
4768
330
331
7873
332
4791
4793
379
380
7877
381
4816
4818
428
429
7879
430
4841
4843
505
506
7881
507
4880
4882
578
579
7883
580
4917
4919
651
652
7885
653
4954
4956
724
725
7887
726
4991
4993
797
798
7889
799
5028
5030
870
871
7891
872
5065
5067
943
944
7893
945
5102
5104
477
478
4862
4865
479
480
4864
4866
550
8029
8035
551
4899
4902
552
8033
8108
8110
8112
8114
8116
8118
8120
8122
8124
8126
8128
8130
8132
8134
8136
8138
8140
8142
8144
8146
8148
8150
8039
553
4901
4903
623
8041
8152
8047
624
4936
4939
625
8045
8154
8051
626
4938
4940
696
8053
8156
8059
697
4973
4976
698
8057
8158
8063
699
4975
4977
769
8065
8160
8071
770
5010
5013
2195
2196
8027
2197
5736
5738
771
8069
8162
8164
8075
772
5012
5014
2272
2273
7955
2274
5775
5777
842
8077
8166
8168
8083
843
5047
5050
2345
2346
7949
2347
5812
5814
844
8081
8170
8172
8087
845
5049
5051
2418
2419
7997
2420
5849
5851
915
8089
8174
8176
8095
916
5084
5087
2491
2492
7995
2493
5886
5888
917
8093
8178
8180
8099
918
5086
5088
2564
2565
8023
2566
5923
5925
988
8101
8182
8184
8107
989
5121
5124
8186
2600
7977
2605
5944
5945
2606
2608
5939
2610
2612
5943
2637
2638
8188
8021
2639
5960
5962
2642
8190
8017
2643
5963
2644
2645
8192
990
8194
8196
8105
991
5123
5125
2666
2667
5964
2668
2670
2665
7979
2672
5978
5979
2674
2676
5977
1027
1028
5145
1031
1032
5147
1104
1105
5184
1108
1109
5186
1177
1178
5221
1181
1182
5223
1250
1251
5258
1254
1255
5260
1323
1324
5295
1327
1328
5297
1396
1397
5332
1400
1401
5334
1469
1470
5369
1473
1474
5371
1542
1543
5406
1546
1547
5408
1615
8015
1616
1692
8013
1693
1765
8011
1766
1058
7783
1060
5161
1062
7787
1064
5163
1065
1066
4867
1067
1068
4868
1131
8198
8200
8202
7791
1133
5198
1838
8009
1839
1135
8204
7793
1137
5200
1138
8206
8208
8151
1139
4904
1140
8210
8153
1141
4905
1204
8212
8214
7797
1206
5235
1208
8216
7799
1210
5237
1911
8149
8007
1912
1211
8218
8220
8155
1212
4941
1213
8222
8157
1214
4942
1277
8224
8226
7803
1279
5272
1281
8228
7807
1283
5274
1284
8230
8232
8159
1285
4978
1286
8234
8161
1287
4979
1350
8236
8238
7809
1352
5309
1984
8147
8005
1985
1354
8240
7811
1356
5311
1357
8242
8244
8165
1358
5015
1359
8246
8169
1360
5016
1423
8248
8250
7815
1425
5346
1427
8252
7819
1429
5348
2057
8145
8003
2058
1430
8254
8256
8173
1431
5052
1432
8258
8177
1433
5053
1496
8260
8262
7821
1498
5383
1500
8264
7823
1502
5385
1503
8266
8268
8181
1504
5089
1505
8270
8185
1506
5090
1569
8272
8274
7827
1571
5420
2130
8143
8001
2131
1573
8276
7829
1575
5422
1576
8278
8280
8197
1577
5126
1578
1579
5127
1020
1021
7895
1022
5141
5143
1097
1098
7897
1099
5180
5182
1170
1171
7899
1172
5217
5219
1243
1244
7901
1245
5254
5256
1316
1317
7937
1318
5291
5293
1389
1390
7903
1391
5328
5330
1462
1463
7935
1464
5365
5367
1535
1536
7927
1537
5402
5404
1617
1618
5144
1621
1622
5437
1694
1695
5183
1698
1699
5476
1767
1768
5220
1771
1772
5513
1840
1841
5257
1844
1845
5550
1913
1914
5294
1917
1918
5587
1986
1987
5331
1990
1991
5624
2059
2060
5368
2063
2064
5661
2132
2133
5405
2136
2137
5698
1069
1070
5162
5165
1071
8203
1072
5164
5166
1142
8205
8282
8284
8286
8288
8290
8292
8294
8296
8298
8300
8302
8304
8306
8308
8310
8211
1143
5199
5202
1144
8209
8312
8215
1145
5201
5203
1215
8217
8314
8223
1216
5236
5239
1217
8221
8316
8227
1218
5238
5240
1288
8229
8318
8235
1289
5273
5276
1290
8233
8320
8239
1291
5275
5277
1361
8241
8322
8247
1362
5310
5313
1363
8245
8324
8251
1364
5312
5314
1434
8253
8326
8259
1435
5347
5350
1436
8257
8328
8263
1437
5349
5351
1507
8265
8330
8271
1508
5384
5387
1509
8269
8332
8275
1510
5386
5388
1580
8277
1581
5421
5424
2673
2678
5981
5982
2679
2681
5976
2683
2685
5980
8334
2706
8187
2708
5991
8336
2707
2709
2710
2711
2712
5999
8338
2713
2714
5996
5997
2715
2716
6000
2717
2718
1582
8340
8281
1583
5423
5425
1619
1620
5445
1623
1624
5447
1696
1697
5484
1700
1701
5486
1769
1770
5521
1773
1774
5523
1842
1843
5558
1846
1847
5560
1915
1916
5595
1919
1920
5597
1988
1989
5632
1992
1993
5634
2061
2062
5669
2065
2066
5671
2134
2135
5706
2138
2139
5708
1612
1613
7925
1614
5441
5443
1689
1690
7905
1691
5480
5482
1762
1763
7921
1764
5517
5519
1835
1836
7907
1837
5554
5556
1908
1909
7909
1910
5591
5593
1981
1982
7915
1983
5628
5630
2054
2055
7911
2056
5665
5667
2127
2128
7913
2129
5702
5704
441
8141
8019
442
4842
4848
443
8139
8025
444
4640
4846
518
8137
8031
519
4881
4887
520
8135
8037
521
4667
4885
591
8133
8043
592
4918
4924
593
8131
8049
594
4692
4922
664
8129
8055
665
4955
4961
666
8127
8061
667
4717
4959
737
8125
8067
738
4992
4998
739
8123
8073
740
4742
4996
810
8121
8079
811
5029
5035
812
8119
8085
813
4767
5033
883
8117
8091
884
5066
5072
885
8115
8097
886
4792
5070
956
8113
8103
957
5103
5109
958
8109
8111
959
4817
5107
2207
8163
2208
2284
8167
2285
2357
8171
2358
1650
7833
1652
5461
1654
8342
8344
8346
8348
8350
8352
8354
8356
8358
7835
1656
5463
1657
1658
5167
1659
8360
8362
8311
1660
5168
1723
8364
8366
7839
1725
5498
2430
8309
8175
2431
1727
8368
7841
1729
5500
1730
8370
8372
8313
1731
5204
1732
8374
8315
1733
5205
1796
8376
8378
7845
1798
5535
1800
8380
7847
1802
5537
2503
8307
8179
2504
1803
8382
8384
8317
1804
5241
1805
8386
8319
1806
5242
1869
8388
8390
7849
1871
5572
1873
8392
7853
1875
5574
1876
8394
8396
8321
1877
5278
1878
8398
8323
1879
5279
1942
8400
8402
7855
1944
5609
2576
8305
8183
2577
1946
8404
7859
1948
5611
1949
8406
8408
8325
1950
5315
1951
8410
8327
1952
5316
2015
8412
8414
7863
2017
5646
2019
8416
7865
2021
5648
2649
8303
8195
2650
2022
8418
8420
8329
2023
5352
2024
8422
8331
2025
5353
2088
8424
8426
7869
2090
5683
2092
8428
7871
2094
5685
2095
8430
8432
8333
2096
5389
2097
2098
5390
2161
8434
8436
7919
2163
5720
2722
8301
2723
2165
8438
7917
2167
5722
2168
8440
8442
8339
2169
5426
2170
2171
5427
445
446
4849
4850
522
523
4888
4889
595
596
4925
4926
668
669
4962
4963
741
742
4999
5000
814
815
5036
5037
887
888
5073
5074
960
961
5110
5111
2209
2210
5444
2213
2214
5737
2286
2287
5483
2290
2291
5776
2359
2360
5520
2363
2364
5813
2432
2433
5557
2436
2437
5850
2505
2506
5594
2509
2510
5887
2578
2579
5631
2582
2583
5924
2651
2652
5668
2655
2656
5961
2724
2725
5705
2728
2729
5998
2204
2205
8444
7993
2206
5741
5743
2739
2740
6001
2741
2743
2738
7985
2745
6015
6016
2747
2749
6014
2748
2750
5758
2746
2751
6018
6019
2752
2754
6013
2756
2758
6017
2768
6991
7991
2775
6030
6031
2776
2777
2779
2781
7185
2782
6033
6034
8446
8448
2783
2785
6028
8450
8452
2784
2786
2787
2788
2789
6038
8454
8456
8458
8460
8462
8464
8466
8468
8470
8472
8474
8476
8478
8480
8482
8484
8486
8488
8490
8492
8494
8496
8498
8500
8502
8504
8506
8508
8510
8512
8514
8516
2790
2791
6035
6036
2792
2793
6039
2794
2795
2281
2282
7989
2283
5780
5782
2354
2355
7965
2356
5817
5819
2816
2818
6040
2817
2819
2820
2822
2821
2823
2815
2824
6055
6056
2826
2827
2828
2830
6053
2829
2831
2825
2832
6059
6060
2833
2835
6052
2427
2428
7957
2429
5854
5856
2851
2853
2849
7007
2854
6070
6071
2856
2858
2837
2839
6057
2896
2898
8518
2902
2904
8520
2924
2926
2500
2501
8522
7967
2502
5891
5893
8524
2929
2931
2922
7023
2927
6107
6108
2969
2971
2573
2574
7999
2575
5928
5930
8526
2997
2999
7209
8528
8525
2859
6072
6073
2975
2977
2646
2647
8193
2648
5965
5967
8530
3002
3004
8532
3042
3044
8534
2995
7039
3000
6144
6145
2860
2862
6069
2719
2720
8536
8341
2721
6002
6004
3070
3072
8538
3075
3077
3068
7055
3073
6181
6182
2861
2863
3048
3050
8540
3115
3117
8542
3121
3123
8544
8535
7229
8546
8529
2932
6109
6110
3143
3145
8548
3141
7071
3146
6218
6219
3148
3150
8550
8552
8554
8556
8558
8560
8562
8564
2933
2935
6106
8566
2934
2936
8549
7249
8568
8533
3005
6146
6147
8570
8545
7269
3078
6183
6184
8572
3006
3008
6143
8574
3007
3009
8576
2867
2868
6074
2940
2941
6111
3013
3014
6148
2869
2870
6078
2942
2943
6115
2893
2894
2871
2872
6079
2895
2897
2901
2903
6092
2892
8519
2899
6093
6094
8578
2900
8521
2905
6096
6097
2906
2908
6091
2966
2967
2968
2970
2910
2912
6095
8580
2944
2945
6116
2974
2976
6129
2965
8527
2972
6130
6131
2973
8531
2978
6133
6134
2979
2981
6128
8582
2983
2985
6132
8584
3015
3016
6152
3017
3018
8586
2864
2865
2866
6075
6077
2937
2938
2939
6112
6114
3010
3011
3012
6149
6151
1661
8359
8577
1662
5462
5465
3039
3040
6153
3041
3043
3038
8539
3045
6167
6168
3047
3049
6166
3046
8541
3051
6170
6171
3052
3054
6165
3056
3058
6169
3079
8579
3081
6180
8588
3080
3082
3083
3084
3085
6188
8590
3086
3087
6185
6186
3088
3089
6189
3090
3091
1663
8592
8363
8594
8367
1664
5464
5466
1734
8369
8596
8375
1735
5499
5502
3112
3113
6190
3114
3116
3111
8543
3118
6204
6205
3120
3122
6203
1736
8373
8379
1737
5501
5503
3119
8547
3124
6207
6208
3125
3127
6202
1807
8598
8381
8600
8387
1808
5536
5539
3188
3190
3194
3196
8602
3216
3218
1809
8385
8604
8391
1810
5538
5540
8606
3221
3223
1880
8393
8608
8399
1881
5573
5576
8610
3261
3263
3214
7087
3219
6255
6256
3129
3131
6206
1882
8612
8397
8614
8403
1883
5575
5577
1953
8405
8616
8411
1954
5610
5613
3289
3291
6029
1955
8409
8618
8415
1956
5612
5614
3361
3362
8620
3364
3366
2026
8417
8622
8423
2027
5647
5650
3368
3369
3287
7177
3292
6292
6293
3409
3411
3294
3296
6032
2028
8421
8624
8427
2029
5649
5651
3418
3419
2099
8429
8626
8575
2100
5684
5687
8628
3443
3445
2101
8433
8630
8437
2102
5686
5688
8632
3360
6987
3367
6330
6331
3371
3373
2172
8439
8634
8573
2173
5721
5724
2174
8443
8636
8567
2175
5723
5725
8638
3516
3518
1033
8299
8201
1034
5142
5148
1035
8517
8199
1036
4851
5146
8640
3448
3450
8642
3441
7003
3446
6370
6371
1110
8297
8207
1111
5181
5187
1112
8515
8213
1113
4890
5185
3521
3523
1183
8295
8219
1184
5218
5224
1185
8513
8225
1186
4927
5222
8644
3589
3591
1256
8293
8231
1257
5255
5261
8646
3514
7019
8648
8641
3519
6407
6408
1258
8511
8237
1259
4964
5259
3594
3596
1329
8291
8243
1330
5292
5298
1331
8509
8249
1332
5001
5296
8650
3662
3664
1402
8289
8255
1403
5329
5335
1404
8507
8261
1405
5038
5333
8652
3667
3669
1475
8287
8267
1476
5366
5372
8654
3587
7035
3592
6444
6445
1477
8505
8273
1478
5075
5370
1548
8285
8279
1549
5403
5409
3735
3737
1550
8503
8283
1551
5112
5407
2211
8501
2212
5745
8656
3334
3336
6054
8658
3660
7051
8660
8653
3665
6481
6482
2215
8499
2216
5747
3267
3269
2288
8497
2289
5784
2292
8495
2293
5786
8662
3340
3342
6058
2361
8493
2362
5821
2365
8491
2366
5823
8664
8571
7289
8666
8569
3151
6220
6221
3413
3415
2434
8489
2435
5858
2438
8487
2439
5860
8668
3421
3423
2507
8485
2508
5895
8670
3488
3490
2511
8483
2512
5897
7309
8672
8611
3224
6257
6258
3152
3154
6217
2580
8481
2581
5932
3494
3496
8674
3153
3155
8633
7679
8676
8629
3297
6294
6295
8678
8680
8682
8684
8686
8688
8690
8692
8694
3225
3227
6254
8643
7187
8639
3374
6333
6334
8696
3298
3300
6291
8698
8700
8702
8704
3226
3228
8706
3375
3377
6328
8708
3299
3301
8710
8712
8714
8716
3159
3160
6222
3232
3233
6259
3305
3306
6296
3161
3162
6226
3234
3235
6263
3185
3186
3163
3164
6227
3187
3189
3193
3195
6240
3184
8607
3191
6241
6242
3192
8603
3197
6244
6245
3198
3200
6239
3258
3259
3260
3262
8718
3202
3204
6243
8720
3236
3237
6264
3266
3268
6277
3257
8621
3264
6278
6279
3265
3270
6281
6282
3271
3273
6276
8722
3275
3277
6280
8724
3307
3308
6300
3309
3310
3156
3157
3158
6223
6225
3229
3230
3231
6260
6262
3302
3303
3304
6297
6299
2584
8479
2585
5934
2653
8477
2654
5969
2657
8475
2658
5971
2726
8473
2727
6006
2730
8471
2731
6008
1037
1038
5149
5150
1114
1115
5188
5189
1187
1188
5225
5226
1260
1261
5262
5263
1333
1334
5299
5300
1406
1407
5336
5337
1479
1480
5373
5374
1552
1553
5410
5411
2799
8467
8469
2800
2876
8465
8717
2877
2949
8463
8715
2950
2242
7929
8713
2244
5761
2246
8726
7933
2248
5763
2249
8728
8730
8707
8711
2250
5467
2251
8732
8705
2252
5468
2315
8734
8736
7939
8703
2317
5798
3022
8461
8701
3023
2319
8738
7943
2321
5800
2322
8740
8742
8697
8699
2323
5504
2324
8744
8695
2325
5505
2388
8746
8748
7947
8693
2390
5835
2392
8750
7953
2394
5837
3095
8459
8691
3096
2395
8752
8754
8605
8689
2396
5541
2397
8756
8609
2398
5542
2461
8758
8760
7963
8687
2463
5872
2465
8762
7961
2467
5874
2468
8764
8766
8615
8685
2469
5578
2470
8768
8617
2471
5579
2534
8770
8772
7969
8683
2536
5909
3168
8457
3169
2538
8774
7975
2540
5911
2541
8776
8778
8619
8681
2542
5615
2543
8780
8623
2544
5616
2607
8782
8784
8191
2609
5946
2611
8786
8189
2613
5948
3241
8455
3242
2614
8788
8790
8625
8679
2615
5652
2616
8792
8627
2617
5653
2680
8794
8796
8337
2682
5983
2684
8798
8335
2686
5985
2687
8800
8802
8631
2688
5689
2689
8804
8635
2690
5690
2753
8806
8808
8453
2755
6020
3314
8451
3315
2757
8810
8449
2759
6022
2760
8812
8814
8637
2761
5726
2762
8816
8675
2763
5727
2796
2797
8565
2798
6041
6043
3331
3332
6301
3333
3335
3330
8663
3337
6315
6316
3339
3341
6314
3338
8667
3343
6318
6319
3344
3346
6313
3348
3350
6317
8818
8820
3376
8822
8709
3378
3379
3380
3381
6338
8824
8826
8828
3382
3383
6335
6336
3384
3385
6339
3386
3387
2873
2874
8601
2875
6080
6082
2946
2947
8597
2948
6117
6119
3408
3410
6340
3412
3414
3407
8669
3416
6355
6356
3420
3422
6353
3417
8671
3424
6359
6360
3425
3427
6352
3429
3431
6357
8647
7205
8649
3451
6372
6373
3019
3020
8830
8595
3021
6154
6156
3092
3093
8593
3094
6191
6193
3561
3563
3567
3569
8655
7221
8832
8645
3524
6409
6410
3452
3454
6369
8834
3453
3455
8836
8838
8840
8842
8844
3525
3527
6406
8846
3526
3528
8848
8850
8852
8854
8856
8858
8860
8862
8864
8866
8868
8870
8872
8874
8876
8878
8880
8882
8884
8886
8888
8890
8892
8894
8896
8898
8900
8902
8904
8906
8908
8910
3459
3460
6374
3461
3462
6378
3485
3486
3463
3464
6379
3487
3489
3484
8673
3491
6393
6394
3493
3495
6392
3456
3457
3458
6375
6377
3492
8677
3497
6396
6397
3498
3500
6391
3165
3166
3167
6228
6230
3502
3504
6395
3532
3533
6411
3534
3535
6415
3536
3537
3529
3530
3531
6412
6414
3238
3239
3240
6265
6267
3558
3559
6416
3560
3562
3557
3564
6430
6431
3566
3568
6429
3565
8833
3570
6433
6434
3571
3573
6428
3575
3577
6432
8659
7241
8651
3597
6446
6447
3311
3312
8912
8911
3313
6302
6304
3634
3636
3640
3642
1625
8357
8361
1626
5442
5448
8914
3707
3709
8916
3713
3715
3733
7067
8918
8661
3738
6518
6519
3740
3742
3598
3600
6443
1627
8909
8365
1628
5151
5446
3599
3601
8665
7261
8920
8657
3670
6483
6484
8922
3671
3673
6480
8924
3672
3674
8926
3605
3606
6448
3607
3608
6452
3631
3632
3609
3610
6453
3633
3635
3630
3637
6467
6468
3639
3641
6466
3602
3603
3604
6449
6451
8928
3638
8915
3643
6470
6471
3644
3646
6465
1702
8355
8371
1703
5481
5487
3675
3676
3677
6488
8930
3648
3650
6469
8932
3678
3679
6485
6486
3680
3681
6489
3682
3683
1704
8907
8377
1705
5190
5485
1775
8353
8383
1776
5518
5524
3704
3705
6490
3706
3708
3703
8917
3710
6504
6505
3712
3714
6503
1777
8905
8389
1778
5227
5522
1848
8351
8395
1849
5555
5561
3711
8919
3716
6507
6508
3717
3719
6502
1850
8903
8401
1851
5264
5559
1921
8349
8407
1922
5592
5598
3780
3782
3786
3788
8934
3808
3810
1923
8901
8413
1924
5301
5596
1994
8347
8419
1995
5629
5635
8936
3813
3815
1996
8899
8425
1997
5338
5633
8938
3853
3855
3806
7083
3811
6555
6556
8940
3721
3723
6506
2067
8345
8431
2068
5666
5672
2069
8897
8435
2070
5375
5670
3881
3883
6329
2140
8343
8441
2141
5703
5709
2142
8895
8445
2143
5412
5707
8942
3886
3888
6332
2801
8891
8893
2802
5744
3879
7099
3884
6592
6593
2805
8889
2806
6037
3926
3928
6354
3953
3954
2878
8885
8887
2879
5783
2882
8883
2883
6076
2951
8879
8881
2952
5820
8944
3956
3958
2955
8877
2956
6113
3024
8873
8875
3025
5857
8946
8929
7281
8948
8921
3743
6520
6521
3859
3861
3960
3961
3028
8871
3029
6150
3097
8867
8869
3098
5894
8950
3963
3965
4001
4003
3101
8865
3102
6187
3170
8861
8863
3171
5931
8952
3932
3934
6358
4010
4011
3174
8859
3175
6224
8954
3952
6989
3959
6630
6631
8956
3744
3746
6517
3243
8855
8857
3244
5968
3247
8853
3248
6261
4005
4007
8958
8960
8962
8964
8966
8968
8970
3745
3747
8972
4013
4015
8955
7301
8974
8939
3816
6557
6558
4045
4047
8976
4043
7005
4048
6673
6674
4050
4052
8978
8980
8982
8984
8986
8988
8990
8992
3817
3819
6554
8994
3818
3820
8947
7319
8996
8949
3889
6594
6595
8998
8977
7191
8953
3966
6633
6634
9000
3890
3892
6591
9002
3967
3969
6628
9004
9006
9008
9010
9012
9014
9016
9018
9020
9022
9024
9026
9028
9030
9032
9034
9036
9038
9040
9042
9044
9046
9048
3891
3893
9050
9052
9054
9056
9058
9060
9062
9064
3751
3752
6522
3824
3825
6559
3897
3898
6596
3753
3754
6526
3826
3827
6563
3777
3778
3755
3756
6527
3779
3781
3785
3787
6540
3776
8937
3783
6541
6542
3784
8935
3789
6544
6545
3790
3792
6539
3850
3851
3852
3854
9066
3794
3796
6543
9068
3828
3829
6564
3858
3860
6577
3849
8943
3856
6578
6579
3857
8951
3862
6581
6582
3863
3865
6576
9070
3867
3869
6580
9072
3899
3900
6600
3901
3902
3748
3749
3750
6523
6525
3821
3822
3823
6560
6562
3894
3895
3896
6597
6599
3316
8849
8851
3317
6005
3320
8847
3321
6298
2253
8727
8733
2254
5762
5765
3923
3924
6601
3925
3927
3922
8945
3929
6615
6616
3931
3933
6614
3930
3935
6618
6619
3936
3938
6613
3940
3942
6617
3968
9074
9065
3970
3971
3972
3973
6638
9076
3974
3975
6635
6636
3976
3977
6639
3978
3979
2255
9078
9080
8731
9082
8737
2256
5764
5766
4000
4002
6640
4004
4006
3999
8973
4008
6655
6656
4012
4014
6653
2326
8739
8745
2327
5799
5802
2328
8743
9084
8749
2329
5801
5803
8999
7207
8997
4053
6675
6676
4017
4019
6652
4090
4092
4096
4098
9086
4128
4130
2399
9088
8751
9090
8757
2400
5836
5839
2401
8755
9092
8761
2402
5838
5840
9094
4133
4135
2472
8763
9096
8769
2473
5873
5876
9098
4211
4213
4126
7021
4131
6713
6714
4054
4056
6672
2474
9100
8767
9102
8773
2475
5875
5877
4055
4057
4173
4175
9104
4216
4218
4209
7037
4214
6753
6754
4179
4181
9106
4256
4258
7227
9108
9099
4136
6715
6716
4294
4296
9110
4262
4264
4061
4062
6677
9112
4299
4301
9114
4292
7053
4297
6793
6794
4137
4139
6712
4339
4341
9116
4345
4347
9118
4138
4140
9115
7247
9120
9111
4219
6755
6756
7267
4302
6795
6796
9122
9124
9126
9128
9130
4220
4222
6752
9132
4303
4305
6792
4009
8975
4016
6659
6660
9134
4221
4223
9136
9138
9140
4021
4023
6657
9142
4304
4306
9144
4144
4145
6717
4227
4228
6757
4063
4064
6681
4146
4147
6721
4087
4088
4065
4066
6682
4170
4171
4089
4091
4095
4097
6695
4086
9095
4093
6696
6697
4094
9087
4099
6699
6700
4100
4102
6694
4172
4174
9146
4104
4106
6698
9148
4148
4149
6722
4178
4180
6735
4169
9105
4176
6736
6737
4177
9107
4182
6739
6740
4183
4185
6734
9150
4187
4189
6738
9152
4229
4230
6761
4253
4254
4231
4232
6762
4255
4257
4252
9109
4259
6776
6777
4261
4263
6775
4058
4059
9141
4060
6678
6680
4260
9113
4265
6779
6780
4266
4268
6774
4141
4142
4143
6718
6720
4270
4272
6778
4377
4379
4375
7069
4380
6833
6834
4382
4384
9154
4310
9156
9145
4311
6797
7287
4385
6835
6836
4312
4313
6801
4336
4337
4314
4315
6802
4338
4340
4335
9117
4342
6816
6817
4344
4346
6815
4224
4225
4226
6758
6760
9158
4343
9121
4348
6819
6820
4349
4351
6814
4307
4308
4309
6798
6800
4422
4424
4428
4430
9160
4460
4462
4386
9159
4388
6832
4458
7085
4463
6873
6874
4465
4467
9162
4353
4355
6818
9164
4505
4507
9166
4387
4389
7307
4468
6875
6876
9168
4469
4471
6872
9170
9172
9174
9176
4470
4472
4393
4394
6837
4395
4396
6841
4419
4420
4397
4398
6842
4421
4423
4418
9165
4425
6856
6857
4427
4429
6855
4390
4391
4392
6838
6840
4426
9161
4431
6859
6860
4432
4434
6854
4473
4474
4475
6880
9178
4436
4438
6858
4511
4513
9180
4543
4545
6629
4541
7103
4546
6913
6914
4548
4550
6632
9182
4476
4477
6877
6878
7327
4551
6915
6916
4478
4479
6881
4502
4503
4480
4481
6882
4504
4506
4501
4508
6896
6897
4510
4512
6895
2545
8775
9184
9186
9188
8781
2546
5910
5913
2547
8779
8785
2548
5912
5914
4552
4554
6912
4553
4555
4509
9181
4514
6899
6900
9190
4515
4517
6894
9192
4519
4521
6898
4588
4590
6654
4594
4596
6658
9194
4559
4560
6917
4561
4562
6921
4585
4586
4563
4564
6922
4587
4589
4584
4591
6936
6937
4593
4595
6935
4556
4557
4558
6918
6920
4592
4597
6939
6940
4598
4600
6934
9196
2618
9198
8787
9200
8793
2619
5947
5950
2620
8791
9202
8797
2621
5949
5951
2691
8799
9204
8805
2692
5984
5987
4602
4604
6938
2693
9206
8803
9208
8809
2694
5986
5988
2764
8811
9210
8817
2765
6021
6024
2766
8815
9212
8829
2767
6023
6025
1629
9061
9063
1630
5449
5450
1706
9057
9059
1707
5488
5489
1779
9053
9055
1780
5525
5526
1852
9049
9051
1853
5562
5563
1925
9045
9047
1926
5599
5600
1998
9041
9043
1999
5636
5637
2071
9037
9039
2072
5673
5674
2144
9033
9035
2145
5710
5711
2803
9031
2804
6045
2807
9029
2808
6047
2880
9027
2881
6084
2884
9025
2885
6086
2953
9023
2954
6121
2957
9021
2958
6123
3026
9019
3027
6158
3030
9017
3031
6160
3099
9015
3100
6195
3103
9013
3104
6197
3172
9011
3173
6232
3176
9009
3177
6234
3245
9007
3246
6269
3249
9005
3250
6271
3318
9139
3319
6306
3322
9137
3323
6308
3388
3389
9214
8845
3390
6341
6343
3465
3466
9003
3467
6380
6382
3538
3539
9001
3540
6417
6419
3611
3612
8995
3613
6454
6456
3684
3685
8993
3686
6491
6493
3757
3758
9135
3759
6528
6530
3830
3831
9133
3832
6565
6567
3903
3904
9131
3905
6602
6604
2217
8447
8729
2218
5742
5748
2219
8735
2220
5451
5746
2294
8563
8741
2295
5781
5787
2296
8747
2297
5490
5785
2367
8561
8753
2368
5818
5824
2369
8759
2370
5527
5822
2440
8559
8765
2441
5855
5861
2442
8771
2443
5564
5859
2513
8557
8777
2514
5892
5898
2515
8783
2516
5601
5896
2586
8555
8789
2587
5929
5935
2588
8795
2589
5638
5933
2659
8553
8801
2660
5966
5972
2661
8807
2662
5675
5970
2732
8551
8813
2733
6003
6009
2734
8827
2735
5712
6007
3391
8991
8825
3392
3468
8987
8989
3469
3541
8983
8985
3542
3614
8979
8981
3615
3687
8969
8971
3688
3760
8967
9129
3761
3833
8965
9127
3834
3906
9123
9125
3907
2834
9216
9218
9220
9222
9224
9226
9228
9230
9232
9234
9236
9238
9240
9242
9244
9246
9248
9250
9252
9254
9256
9258
9260
9262
9264
9266
9268
9270
9272
9274
9276
9278
9280
9282
9284
9286
9288
9290
9292
9294
9296
9298
9300
9302
9304
9306
9308
9310
8537
2836
6061
2838
9312
8523
2840
6063
2841
9314
9316
9083
2842
5767
2843
9318
9103
2844
5768
2907
9320
9322
8587
2909
6098
2911
9324
8581
2913
6100
2914
9326
9328
9085
2915
5804
2916
9330
9091
2917
5805
2980
9332
9334
8583
2982
6135
2984
9336
8585
2986
6137
2987
9338
9340
9093
2988
5841
2989
9342
9097
2990
5842
3053
9344
9346
8591
3055
6172
3057
9348
8589
3059
6174
3060
9350
9352
9101
3061
5878
3062
9354
9119
3063
5879
3126
9356
9358
8599
3128
6209
3130
9360
8613
3132
6211
3133
3134
5915
3135
3136
5916
3199
9362
9364
9366
8719
3201
6246
3203
9368
8721
3205
6248
3206
3207
5952
3208
3209
5953
3272
9370
9372
9374
8723
3274
6283
3276
9376
8725
3278
6285
3279
3280
5989
3281
9378
9380
9211
3282
5990
3345
9382
9384
8823
3347
6320
3349
9386
8821
3351
6322
3352
9388
9390
9213
3353
6026
3354
9392
9215
3355
6027
2221
9309
9311
2222
5749
5750
2298
9305
9307
2299
5788
5789
2371
9301
9303
2372
5825
5826
2444
9297
9299
2445
5862
5863
2517
9293
9295
2518
5899
5900
2590
9289
9291
2591
5936
5937
2663
9285
9287
2664
5973
5974
2736
9281
9283
2737
6010
6011
3393
9277
9279
3394
6044
3397
9275
3398
6337
3470
9271
9273
3471
6083
3474
9269
3475
6376
3543
9265
9267
3544
6120
3547
9263
3548
6413
3616
9259
9261
3617
6157
3620
9257
3621
6450
3689
9253
9255
3690
6194
3693
9251
3694
6487
3762
9247
9249
3763
6231
3766
9245
3767
6524
3835
9241
9243
3836
6268
3839
9239
3840
6561
3908
9235
9237
3909
6305
3912
9233
3913
6598
3980
3981
9394
9396
9398
9400
9402
9404
9406
9408
9410
9412
9414
9416
9418
9420
9422
9424
9426
9428
9430
9432
9434
9436
9438
9440
9442
9444
9446
9448
9450
9452
9454
9456
9458
9460
9081
3982
6641
6643
4067
4068
9209
4069
6683
6685
4150
4151
9205
4152
6723
6725
4233
4234
9203
4235
6763
6765
4316
4317
9177
4318
6803
6805
4399
4400
9191
4401
6843
6845
4482
4483
9189
4484
6883
6885
4565
4566
9201
4567
6923
6925
2845
9462
9464
9466
9468
9470
9472
9474
9476
9313
9478
9319
2846
6062
6065
2847
9317
9480
9323
2848
6064
6066
2918
9325
9482
9331
2919
6099
6102
2920
9329
9484
9335
2921
6101
6103
2991
9337
9486
9343
2992
6136
6139
2993
9341
9488
9347
2994
6138
6140
3064
9349
9490
9355
3065
6173
6176
3066
9353
9492
9359
3067
6175
6177
3137
9361
3138
6210
6213
3139
9367
3140
6212
6214
3210
9369
3211
6247
6250
3212
9375
3213
6249
6251
3283
9377
9494
9479
3284
6284
6287
3285
9381
9385
3286
6286
6288
3356
9387
9496
9393
3357
6321
6324
3358
9391
9498
9461
3359
6323
6325
2809
8819
9315
2810
6042
6048
2811
9459
9321
2812
5751
6046
2886
8843
9327
2887
6081
6087
2888
9457
9333
2889
5790
6085
2959
8841
9339
2960
6118
6124
2961
9455
9345
2962
5827
6122
3032
8839
9351
3033
6155
6161
3034
9453
9357
3035
5864
6159
3105
8837
9365
3106
6192
6198
3107
9451
9363
3108
5901
6196
3178
8963
9373
3179
6229
6235
3180
9449
9371
3181
5938
6233
3251
8961
9379
3252
6266
6272
3253
9447
9383
3254
5975
6270
3324
8959
9389
3325
6303
6309
3326
9443
9445
3327
6012
6307
3395
9441
3396
6345
3399
9439
3400
6347
3472
9437
3473
6384
3476
9435
3477
6386
3545
9433
3546
6421
3549
9431
3550
6423
3618
9429
3619
6458
3622
9427
3623
6460
3691
9425
3692
6495
3695
9423
3696
6497
3764
9421
3765
6532
3768
9419
3769
6534
3837
9417
3838
6569
3841
9415
3842
6571
3910
9413
3911
6606
3914
9411
3915
6608
3983
9409
9079
3984
4070
9407
9175
4071
4042
4153
9405
9173
4154
4236
9403
9171
4237
4319
9401
9169
4320
4402
9399
9187
4403
2813
2814
6049
6050
2890
2891
6088
6089
4125
2963
2964
6125
6126
3036
3037
6162
6163
3109
3110
6199
6200
3182
3183
6236
6237
3255
3256
6273
6274
3328
3329
6310
6311
4208
4485
9397
9185
4486
9500
9502
9504
9506
9508
9510
9512
9514
9516
9518
9520
9522
9524
9526
9528
9530
9532
9534
9536
9538
9540
9542
9544
9546
9548
9550
3426
9552
9554
9556
8835
3428
6361
3430
9558
8831
3432
6363
3433
9560
9481
3434
6067
3435
9562
9483
3436
6068
4291
4568
9395
9199
4569
3499
9564
8927
3501
6398
3503
9566
8925
3505
6400
3506
9568
9485
3507
6104
4374
3508
9570
9487
3509
6105
3572
9572
8923
3574
6435
3576
9574
8913
3578
6437
3579
9576
9489
3580
6141
4457
3581
9578
9491
3582
6142
3645
9580
8931
3647
6472
3649
9582
8933
3651
6474
3652
9584
9493
3653
6178
4540
3654
3655
6179
3718
9586
8941
3720
6509
3722
9588
8957
3724
6511
3725
3726
6215
4623
3727
3728
6216
3791
9590
9067
3793
6546
3795
9592
9069
3797
6548
3798
3799
6252
3800
9594
9495
3801
6253
3864
9596
9071
3866
6583
3868
9598
9073
3870
6585
3871
9600
9557
3872
6289
3873
9602
9497
3874
6290
3937
9604
9077
9555
3939
6620
3941
9606
9075
3943
6622
3944
9608
9499
9553
3945
6326
3946
9610
9551
3947
6327
3985
9547
9549
3986
6344
3989
9545
3990
6637
6644
4072
9541
9543
4073
6383
4076
9539
4077
6679
6686
4155
9535
9537
4156
6420
4159
9533
4160
6719
6726
4238
9531
4239
6457
4242
9529
4243
6759
6766
4321
9527
4322
6494
4325
9525
4326
6799
6806
4404
9523
4405
6531
4408
9521
4409
6839
6846
4487
9519
4488
6568
4491
9517
4492
6879
6886
4570
4571
6605
4574
4575
6919
6926
3401
9231
3402
6342
6348
3403
9515
3404
6051
6346
3478
9229
3479
6381
6387
3480
9513
3481
6090
6385
3551
9227
3552
6418
6424
3553
9511
3554
6127
6422
3624
9225
3625
6455
6461
3626
9509
3627
6164
6459
3697
9223
3698
6492
6498
3699
9507
3700
6201
6496
3770
9221
3771
6529
6535
3772
9505
3773
6238
6533
3843
9219
3844
6566
6572
3845
9503
3846
6275
6570
3916
9217
3917
6603
6609
3918
9501
3919
6312
6607
3987
3988
6645
3991
3992
6647
4074
4075
6687
4078
4079
6689
4157
4158
6727
4161
4162
6729
4240
4241
6767
4244
4245
6769
4323
4324
6807
4327
4328
6809
4406
4407
6847
4410
4411
6849
4489
4490
6887
4493
4494
6889
4572
4573
6927
4576
4577
6929
3437
9612
9614
9616
9618
9620
9622
9624
9626
9628
9630
9632
9634
9636
9638
9640
9642
9644
9646
9648
9650
9559
9652
9654
9656
9658
9660
9662
9664
9666
9668
9670
9672
9674
9676
9563
3438
6362
6365
3439
9561
9565
3440
6364
6366
3510
9567
9678
9571
3511
6399
6402
3512
9569
9680
9573
3513
6401
6403
3583
9575
9682
9579
3584
6436
6439
3585
9577
9684
9581
3586
6438
6440
3656
9583
3657
6473
6476
3658
9585
9686
9587
3659
6475
6477
3729
9589
3730
6510
6513
3731
9591
3732
6512
6514
3802
9593
3803
6547
6550
3804
9595
9688
9597
3805
6549
6551
3875
9599
9690
9603
3876
6584
6587
3877
9601
9692
9605
3878
6586
6588
3948
9607
9694
9611
3949
6621
6624
3950
9609
9696
9677
3951
6623
6625
3405
9673
9675
3406
6349
6350
3482
9669
9671
3483
6388
6389
3555
9665
9667
3556
6425
6426
3628
9661
9663
3629
6462
6463
3701
9657
9659
3702
6499
6500
3774
9653
9655
3775
6536
6537
3847
9649
9651
3848
6573
6574
3920
9645
9647
3921
6610
6611
3993
9477
9643
3994
6642
3995
9641
3996
6351
4080
9475
9639
4081
6684
4082
9637
4083
6390
4163
9473
9635
4164
6724
4165
9633
4166
6427
4246
9471
9631
4247
6764
4248
9629
4249
6464
4329
9469
9627
4330
6804
4331
9625
4332
6501
4412
9467
9623
4413
6844
4414
9621
4415
6538
4495
9465
9619
4496
6884
4497
9617
4498
6575
4578
9463
9615
4579
6924
4580
9613
4581
6612
4018
9698
9700
9702
9704
9706
9708
9710
9712
9714
9716
9718
9720
9722
9724
9726
9728
9730
9089
4020
6661
4022
9732
9143
4024
6648
6663
4025
4026
6367
4027
9734
9679
4028
6368
6646
4101
9736
9147
4103
6701
4105
9738
9149
4107
6690
6703
4108
9740
9681
4109
6404
4110
9742
9683
4111
6405
6688
4184
9744
9151
4186
6741
4188
9746
9153
4190
6730
6743
4191
9748
9685
4192
6441
4193
4194
6442
6728
4267
9750
9157
4269
6781
4271
9752
9155
4273
6770
6783
4274
9754
9687
4275
6478
4276
4277
6479
6768
4350
9756
9163
4352
6821
4354
9758
9167
4356
6810
6823
4357
4358
6515
4359
4360
6516
6808
4433
9760
9179
4435
6861
4437
9762
9183
4439
6850
6863
4440
9764
9689
4441
6552
4442
9766
9691
4443
6553
6848
4516
9768
9193
4518
6901
4520
9770
9195
4522
6890
6903
4523
9772
9693
4524
6589
4525
9774
9695
4526
6590
6888
4599
9776
9197
4601
6941
4603
9778
9207
4605
6930
6943
4606
9780
9697
4607
6626
4608
9782
9731
4609
6627
6928
3997
9727
9729
3998
6649
6650
4084
9723
9725
4085
6691
6692
4041
4167
9719
9721
4168
6731
6732
4250
9715
9717
4251
6771
6772
4333
9711
9713
4334
6811
6812
4416
9707
9709
4417
6851
6852
4499
9703
9705
4500
6891
6892
4582
9699
9701
4583
6931
6932
4124
4029
9784
9786
9788
9790
9792
9794
9733
4030
6662
6665
4031
9735
9796
9737
4032
6664
6666
4112
9739
9798
9743
4113
6702
6705
4114
9741
9800
9745
4115
6704
6706
4207
4195
9747
4196
6742
6745
4197
9749
9802
9751
4198
6744
6746
4278
9753
4279
6782
6785
4280
9755
9804
9757
4281
6784
6786
4290
4361
9759
4362
6822
6825
4363
9761
4364
6824
6826
4444
9763
9806
9767
4445
6862
6865
4446
9765
9808
9769
4447
6864
6866
4373
4527
9771
9810
9775
4528
6902
6905
4529
9773
9812
9777
4530
6904
6906
4610
9779
9814
9783
4611
6942
6945
4612
9781
9816
9795
4613
6944
6946
9793
4456
4033
9791
4034
6651
4116
9789
4117
6693
4199
4200
6733
4282
4283
6773
9787
4539
4365
4366
6813
4448
4449
6853
4531
4532
6893
4614
9785
4615
4622
6933
4035
9797
4036
6667
4037
9818
9799
4038
6668
6669
4118
9820
9822
9824
9826
9801
4119
6707
4120
4121
6708
6709
4039
6670
4201
9803
4202
6747
4203
4204
6748
6749
4284
9828
9805
4285
6787
4286
4287
6788
6789
4367
4368
6827
9827
4040
6671
4369
9830
9807
4370
6828
6829
4450
9832
9809
9825
4451
6867
4452
9834
9811
4453
6868
6869
4533
9836
9813
9823
4534
6907
4535
9838
9815
4536
6908
6909
4122
6710
4616
9817
9821
4617
6947
4618
9840
9819
4619
6948
6949
4123
6711
4205
6750
9829
4206
6751
4288
6790
4289
6791
9831
4371
6830
9833
4372
6831
9835
4454
6870
9837
4455
6871
9839
4537
6910
4538
6911
9841
4620
6950
4621
6951
