1
3
3955
3957
3953
3954
3956
3958
3952
3959
6630
6631
10
12
3962
3964
3960
3961
3963
3965
3966
6633
6634
3967
3969
6628
3968
3970
3971
3972
3973
6638
5
7
2
4
6
8
0
9
4627
4628
14
16
11
13
15
17
18
4631
4632
19
21
4624
20
22
23
24
25
4636
403
405
401
402
404
406
400
407
4830
4831
410
412
408
409
411
413
414
4833
4834
415
417
4828
416
418
419
420
421
4838
431
432
995
997
993
994
996
998
992
999
5130
5131
1002
1004
1000
1001
1003
1005
1006
5133
5134
1007
1009
5128
6952
6954
1008
1010
1011
1012
1013
5138
1023
1024
1587
1589
1585
1586
1588
1590
1584
1591
5430
5431
1594
1596
1592
1593
1595
1597
1598
5433
5434
6956
1599
1601
5428
6958
1600
1602
1603
1604
1605
5438
1615
1616
2179
2181
2177
2178
2180
2182
2176
2183
5730
5731
2186
2188
2184
2185
2187
2189
2190
5733
5734
6960
2191
2193
5728
6962
6964
6966
2192
2194
2195
2196
2197
5738
2207
2208
2771
2773
2769
2770
2772
2774
2768
2775
6030
6031
2778
2780
2776
2777
2779
2781
2782
6033
6034
6968
2783
2785
6028
6970
6972
6974
2784
2786
2787
2788
2789
6038
2799
2800
3363
3365
4625
3361
3362
3364
3366
3360
3367
6330
6331
3370
3372
4629
3368
3369
3371
3373
3374
6333
6334
6976
3375
3377
6328
6978
6980
6982
3376
3378
3379
3380
3381
6338
3391
3392
3983
3984
3989
3990
6637
3991
3992
6647
6984
6986
3974
3975
6635
6636
3976
3977
6639
6988
4000
4002
4004
4006
6990
4001
4003
4005
4007
3999
4008
6655
6656
4017
4019
6652
4018
4020
6661
3397
3398
6337
3399
3400
6347
3382
3383
6335
6336
3384
3385
6339
6992
3408
3410
3412
3414
6994
3409
3411
3413
3415
3407
3416
6355
6356
3425
3427
6352
3426
3428
6361
2805
2806
6037
2807
2808
6047
2790
2791
6035
6036
2792
2793
6039
6996
2816
2818
2820
2822
6998
2817
2819
2821
2823
2815
2824
6055
6056
2833
2835
6052
2834
2836
6061
2213
2214
5737
2215
2216
5747
2198
7000
7002
6983
7004
7006
6987
2199
5735
5736
2200
2201
5739
7008
2224
2226
2228
2230
7010
2225
2227
2229
2231
2223
2232
5755
5756
2241
2243
5752
2242
2244
5761
1621
6979
6981
1622
5437
1623
1624
5447
1606
7012
7014
6975
7016
7018
6977
1607
5435
5436
1608
1609
5439
7020
1632
1634
1636
1638
7022
1633
1635
1637
1639
1631
1640
5455
5456
1649
1651
5452
1650
1652
5461
1029
6971
6973
1030
5137
1031
1032
5147
1014
7024
7026
6967
7028
6969
1015
5135
5136
1016
1017
5139
7030
1040
1042
1044
1046
7032
1041
1043
1045
1047
1039
1048
5155
5156
1057
1059
5152
1058
1060
5161
437
6963
6965
438
4837
439
440
4847
422
7034
7036
6959
7038
6961
423
4835
4836
424
425
4839
7040
448
450
452
454
7042
449
451
453
455
447
456
4855
4856
465
467
4852
466
468
4861
26
7044
7046
6955
7048
7050
6957
27
4633
4634
28
29
4637
7052
36
38
40
42
7054
37
39
41
43
35
44
4645
4646
53
54
4642
433
6953
434
4635
435
436
4845
473
474
4651
477
478
4862
4865
1025
1026
4844
1027
1028
5145
1065
1066
4867
1069
1070
5162
5165
1617
1618
5144
1619
1620
5445
1657
1658
5167
1661
1662
5462
5465
2209
2210
5444
2211
2212
5745
2249
2250
5467
2253
2254
5762
5765
2801
2802
5744
2803
2804
6045
2841
2842
5767
2845
7051
2846
6062
6065
3393
7049
3394
6044
3395
3396
6345
3433
3434
6067
3437
7039
3438
6362
6365
3985
6985
3986
6344
3987
3988
6645
4025
4026
6367
4029
7029
4030
6662
6665
3978
7019
3979
6640
3980
3981
3982
6641
6643
3993
7017
3994
6642
3386
7007
3387
6340
3388
3389
3390
6341
6343
3401
7005
3402
6342
2794
7003
2795
6040
2796
2797
2798
6041
6043
2809
7001
2810
6042
2202
7015
2203
5740
2204
2205
2206
5741
5743
2217
7013
2218
5742
1610
7027
1611
5440
1612
1613
1614
5441
5443
1625
7025
1626
5442
1018
7037
1019
5140
1020
1021
1022
5141
5143
1033
7035
1034
5142
426
7047
427
4840
428
429
430
4841
4843
441
7045
442
4842
30
31
4638
32
33
34
4639
4641
443
444
4640
445
446
4849
4850
1035
1036
4851
1037
1038
5149
5150
1627
1628
5151
1629
1630
5449
5450
2219
2220
5451
2221
2222
5749
5750
2811
2812
5751
2813
2814
6049
6050
3403
3404
6051
3405
3406
6349
6350
3995
3996
6351
3997
3998
6649
6650
4033
4034
4035
4036
6667
4039
6670
4012
4014
6653
4010
4011
4013
4015
4009
4016
6659
6660
4021
4023
6657
4022
4024
6648
6663
3420
3422
6353
3418
3419
3421
3423
3417
3424
6359
6360
3429
3431
6357
3430
3432
6348
6363
2828
2830
6053
2826
2827
2829
2831
2825
2832
6059
6060
2837
2839
6057
2838
2840
6048
6063
2236
2238
5753
2234
2235
2237
2239
2233
2240
5759
5760
2245
2247
5757
2246
2248
5748
5763
1644
1646
5453
1642
1643
1645
1647
1641
1648
5459
5460
1653
1655
5457
7056
7058
7060
7062
1654
1656
5448
5463
1052
1054
5153
1050
1051
1053
1055
1049
1056
5159
5160
1061
1063
5157
7064
7066
1062
1064
5148
5163
460
462
4853
458
459
461
463
457
464
4859
4860
469
471
4857
7068
7070
470
472
4848
4863
48
50
4643
46
47
49
51
45
52
4649
4650
55
56
4647
475
476
4652
4846
479
480
4864
4866
1067
1068
4868
5146
1071
1072
5164
5166
1659
1660
5168
5446
1663
1664
5464
5466
2251
2252
5468
5746
2255
2256
5764
5766
2843
2844
5768
6046
2847
7071
2848
6064
6066
3435
7069
3436
6068
6346
3439
7067
3440
6364
6366
4027
7065
4028
6368
6646
4031
7063
4032
6664
6666
4037
7061
4038
6668
6669
4040
6671
7059
4041
6651
7057
4042
6644
7072
58
59
4044
4046
4045
4047
4043
4048
6673
6674
7074
65
66
4049
4051
4050
4052
4053
6675
6676
4054
4056
6672
4055
4057
4058
4059
4060
6680
60
62
61
63
57
64
4655
4656
67
69
68
70
71
4658
4659
72
74
4653
73
75
76
77
78
4663
482
484
483
485
481
486
4870
4871
487
489
488
490
491
4872
4873
492
494
4869
493
495
496
497
498
4877
508
509
1074
1076
1075
1077
1073
1078
5170
5171
1079
1081
1080
7076
7055
1082
1083
5172
5173
7078
7080
1084
1086
5169
7082
1085
1087
1088
1089
1090
5177
1100
1101
1666
1668
1667
7084
7043
1669
1665
1670
5470
5471
1671
1673
1672
7086
7033
1674
1675
5472
5473
7088
1676
1678
5469
7090
1677
1679
1680
1681
1682
5477
1692
1693
2258
2260
2259
7092
7023
2261
2257
2262
5770
5771
2263
2265
2264
7094
7011
2266
2267
5772
5773
7096
7098
7100
2268
2270
5769
7102
2269
2271
2272
2273
2274
5777
2284
2285
2850
2852
2851
7104
6999
2853
2849
2854
6070
6071
2855
2857
2856
7106
6995
2858
2859
6072
6073
7108
7110
7112
2860
2862
6069
7114
2861
2863
2864
2865
2866
6077
2876
2877
3442
3444
4654
3443
6991
3445
3441
3446
6370
6371
3447
3449
4657
3448
6989
3450
3451
6372
6373
7116
7118
7120
3452
3454
6369
7122
3453
3455
3456
3457
3458
6377
3468
3469
4070
4071
4076
4077
6679
4078
4079
6689
7124
7126
7128
7130
4061
4062
6677
6678
4063
4064
6681
7132
4087
4088
4089
4091
4090
7134
6993
4092
4086
4093
6696
6697
4100
4102
6694
4101
4103
6701
3474
3475
6376
3476
3477
6386
3459
3460
6374
6375
3461
3462
6378
7136
3485
3486
3487
3489
3488
7138
6997
3490
3484
3491
6393
6394
3498
3500
6391
3499
3501
6398
2882
2883
6076
2884
2885
6086
2867
7140
7142
7131
2868
6074
6075
2869
2870
6078
7144
2893
2894
2895
2897
2896
7146
7009
2898
2892
2899
6093
6094
2906
2908
6091
2907
2909
6098
2290
7127
7129
2291
5776
2292
2293
5786
2275
7121
7148
7150
7123
2276
5774
5775
2277
2278
5778
7152
2301
2302
2303
2305
2304
7154
7021
2306
2300
2307
5793
5794
2314
2316
5791
2315
2317
5798
1698
7117
7119
1699
5476
1700
1701
5486
1683
7156
7158
7113
7160
7162
7115
1684
5474
5475
1685
1686
5478
7164
1709
1710
1711
1713
1712
7166
7031
1714
1708
1715
5493
5494
1722
1724
5491
1723
1725
5498
1106
7109
7111
1107
5176
1108
1109
5186
1091
7168
7170
7101
7172
7103
1092
5174
5175
1093
1094
5178
7174
1117
1118
1119
1121
1120
7176
7041
1122
1116
1123
5193
5194
1130
1132
5191
1131
1133
5198
514
7097
7099
515
4876
516
517
4886
499
7178
7180
7089
7182
7091
500
4874
4875
501
502
4878
7184
525
526
527
529
528
7186
7053
530
524
531
4893
4894
538
540
4891
539
541
4898
79
7188
7190
7081
7192
7194
7083
80
4660
4661
81
82
4664
7196
89
90
91
93
92
94
88
95
4671
4672
102
103
4669
510
7079
511
4662
512
513
4884
546
547
4676
550
551
4899
4902
1102
1103
4883
1104
1105
5184
1138
1139
4904
1142
1143
5199
5202
1694
1695
5183
1696
1697
5484
1730
1731
5204
1734
1735
5499
5502
2286
2287
5483
2288
2289
5784
2322
2323
5504
2326
2327
5799
5802
2878
2879
5783
2880
2881
6084
2914
2915
5804
2918
7195
2919
6099
6102
3470
7193
3471
6083
3472
3473
6384
3506
3507
6104
3510
7183
3511
6399
6402
4072
7125
4073
6383
4074
4075
6687
4108
4109
6404
4112
7173
4113
6702
6705
4065
7163
4066
6682
4067
4068
4069
6683
6685
4080
7161
4081
6684
3463
7143
3464
6379
3465
3466
3467
6380
6382
3478
7141
3479
6381
2871
7151
2872
6079
2873
2874
2875
6080
6082
2886
7149
2887
6081
2279
7159
2280
5779
2281
2282
2283
5780
5782
2294
7157
2295
5781
1687
7171
1688
5479
1689
1690
1691
5480
5482
1702
7169
1703
5481
1095
7181
1096
5179
1097
1098
1099
5180
5182
1110
7179
1111
5181
503
7191
504
4879
505
506
507
4880
4882
518
7189
519
4881
83
84
4665
85
86
87
4666
4668
520
521
4667
522
523
4888
4889
1112
1113
4890
1114
1115
5188
5189
1704
1705
5190
1706
1707
5488
5489
2296
2297
5490
2298
2299
5788
5789
2888
2889
5790
2890
2891
6088
6089
3480
3481
6090
3482
3483
6388
6389
4082
4083
6390
4084
4085
6691
6692
4116
4117
4118
4119
6707
4122
6710
4095
4097
6695
4096
4098
4094
4099
6699
6700
4104
4106
6698
4105
4107
6690
6703
3493
3495
6392
3494
3496
3492
3497
6396
6397
3502
3504
6395
3503
3505
6387
6400
2901
2903
6092
2902
2904
2900
2905
6096
6097
2910
2912
6095
2911
2913
6087
6100
2309
2311
5792
2310
2312
2308
2313
5796
5797
2318
2320
5795
2319
2321
5787
5800
1717
1719
5492
1718
1720
1716
1721
5496
5497
1726
1728
5495
1727
1729
5487
5500
1125
1127
5192
1126
1128
1124
1129
5196
5197
1134
1136
5195
7198
7200
7202
7204
1135
1137
5187
5200
533
535
4892
534
536
532
537
4896
4897
542
544
4895
7206
7208
543
545
4887
4900
97
99
4670
98
7073
100
96
101
4674
4675
104
105
4673
7210
7212
548
549
4677
4885
552
553
4901
4903
1140
1141
4905
5185
1144
1145
5201
5203
1732
1733
5205
5485
1736
1737
5501
5503
2324
2325
5505
5785
2328
2329
5801
5803
2916
2917
5805
6085
2920
7213
2921
6101
6103
3508
7211
3509
6105
6385
3512
7209
3513
6401
6403
4110
7207
4111
6405
6688
4114
7205
4115
6704
6706
4120
7203
4121
6708
6709
4123
6711
7201
4124
6693
7199
4125
6686
107
108
4127
4129
4128
7075
4130
4126
4131
6713
6714
114
115
4132
4134
4133
7187
4135
4136
6715
6716
4137
4139
6712
4138
4140
4141
4142
4143
6720
109
111
110
7177
112
106
113
4680
4681
116
118
117
7167
119
120
4683
4684
121
123
4678
122
124
125
126
127
4688
555
557
556
7155
558
554
559
4907
4908
560
562
561
7214
7147
563
564
4909
4910
565
567
4906
566
568
569
570
571
4914
581
582
1147
1149
1148
7216
7077
1150
1146
1151
5207
5208
1152
1154
1153
7218
7085
1155
1156
5209
5210
7220
7222
1157
1159
5206
7224
1158
1160
1161
1162
1163
5214
1173
1174
1739
1741
1740
7226
7087
1742
1738
1743
5507
5508
1744
1746
1745
7228
7093
1747
1748
5509
5510
7230
1749
1751
5506
7232
1750
1752
1753
1754
1755
5514
1765
1766
2331
2333
2332
7234
7095
2334
2330
2335
5807
5808
2336
2338
2337
7236
7105
2339
2340
5809
5810
7238
7240
7242
2341
2343
5806
7244
2342
2344
2345
2346
2347
5814
2357
2358
2923
2925
2924
7246
7107
2926
2922
2927
6107
6108
2928
2930
2929
7248
7139
2931
2932
6109
6110
7250
7252
7254
2933
2935
6106
7256
2934
2936
2937
2938
2939
6114
2949
2950
3515
3517
4679
3516
7135
3518
3514
3519
6407
6408
3520
3522
4682
3521
7133
3523
3524
6409
6410
7258
7260
7262
3525
3527
6406
7264
3526
3528
3529
3530
3531
6414
3541
3542
4153
4154
4159
4160
6719
4161
4162
6729
7266
7268
7270
7272
4144
4145
6717
6718
4146
4147
6721
7274
4170
4171
4172
4174
4173
7276
7137
4175
4169
4176
6736
6737
4183
4185
6734
4184
4186
6741
3547
3548
6413
3549
3550
6423
3532
3533
6411
6412
3534
3535
6415
7278
3558
3559
3560
3562
3561
7280
7145
3563
3557
3564
6430
6431
3571
3573
6428
3572
3574
6435
2955
2956
6113
2957
2958
6123
2940
7273
2941
6111
6112
2942
2943
6115
7282
2966
2967
2968
2970
2969
7284
7153
2971
2965
2972
6130
6131
2979
2981
6128
2980
2982
6135
2363
7269
7271
2364
5813
2365
2366
5823
2348
7286
7288
7263
7290
7292
7265
2349
5811
5812
2350
2351
5815
7294
2374
2375
2376
2378
2377
7296
7165
2379
2373
2380
5830
5831
2387
2389
5828
2388
2390
5835
1771
7259
7261
1772
5513
1773
1774
5523
1756
7298
7300
7255
7302
7304
7257
1757
5511
5512
1758
1759
5515
7306
1782
1783
1784
1786
1785
7308
7175
1787
1781
1788
5530
5531
1795
1797
5528
1796
1798
5535
1179
7251
7253
1180
5213
1181
1182
5223
1164
7310
7312
7243
7314
7245
1165
5211
5212
1166
1167
5215
7316
1190
1191
1192
1194
1193
7318
7185
1195
1189
1196
5230
5231
1203
1205
5228
1204
1206
5235
587
7239
7241
588
4913
589
590
4923
572
7320
7322
7231
7324
7233
573
4911
4912
574
575
4915
7326
598
599
600
602
601
7328
7197
603
597
604
4930
4931
611
613
4928
612
614
4935
128
7330
7332
7223
7334
7336
7225
129
4685
4686
130
131
4689
7338
138
139
140
142
141
143
137
144
4696
4697
151
152
4694
583
7221
584
4687
585
586
4921
619
620
4701
623
624
4936
4939
1175
1176
4920
1177
1178
5221
1211
1212
4941
1215
1216
5236
5239
1767
1768
5220
1769
1770
5521
1803
1804
5241
1807
1808
5536
5539
2359
2360
5520
2361
2362
5821
2395
2396
5541
2399
2400
5836
5839
2951
2952
5820
2953
2954
6121
2987
2988
5841
2991
7337
2992
6136
6139
3543
7335
3544
6120
3545
3546
6421
3579
3580
6141
3583
7325
3584
6436
6439
4155
7267
4156
6420
4157
4158
6727
4191
4192
6441
4195
7315
4196
6742
6745
4148
7305
4149
6722
4150
4151
4152
6723
6725
4163
7303
4164
6724
3536
7293
3537
6416
3538
3539
3540
6417
6419
3551
7291
3552
6418
2944
7289
2945
6116
2946
2947
2948
6117
6119
2959
7287
2960
6118
2352
7301
2353
5816
2354
2355
2356
5817
5819
2367
7299
2368
5818
1760
7313
1761
5516
1762
1763
1764
5517
5519
1775
7311
1776
5518
1168
7323
1169
5216
1170
1171
1172
5217
5219
1183
7321
1184
5218
576
7333
577
4916
578
579
580
4917
4919
591
7331
592
4918
132
133
4690
134
135
136
4691
4693
593
594
4692
595
596
4925
4926
1185
1186
4927
1187
1188
5225
5226
1777
1778
5227
1779
1780
5525
5526
2369
2370
5527
2371
2372
5825
5826
2961
2962
5827
2963
2964
6125
6126
3553
3554
6127
3555
3556
6425
6426
4165
4166
6427
4167
4168
6731
6732
4199
4200
4201
4202
6747
4205
6750
4178
4180
6735
4179
4181
4177
4182
6739
6740
4187
4189
6738
4188
4190
6730
6743
3566
3568
6429
3567
3569
3565
3570
6433
6434
3575
3577
6432
3576
3578
6424
6437
2974
2976
6129
2975
2977
2973
2978
6133
6134
2983
2985
6132
2984
2986
6124
6137
2382
2384
5829
2383
2385
2381
2386
5833
5834
2391
2393
5832
2392
2394
5824
5837
1790
1792
5529
1791
1793
1789
1794
5533
5534
1799
1801
5532
7340
7342
7344
7346
1800
1802
5524
5537
1198
1200
5229
1199
1201
1197
1202
5233
5234
1207
1209
5232
7348
7350
1208
1210
5224
5237
606
608
4929
607
609
605
610
4933
4934
615
617
4932
7352
616
618
4924
4937
146
148
4695
147
7329
149
145
150
4699
4700
153
154
4698
7354
621
622
4702
4922
625
626
4938
4940
1213
1214
4942
5222
1217
1218
5238
5240
1805
1806
5242
5522
1809
1810
5538
5540
2397
2398
5542
5822
2401
2402
5838
5840
2989
2990
5842
6122
2993
7355
2994
6138
6140
3581
7353
3582
6142
6422
3585
7351
3586
6438
6440
4193
7349
4194
6442
6728
4197
7347
4198
6744
6746
4203
7345
4204
6748
6749
4206
6751
7343
4207
6733
7341
4208
6726
156
157
4210
4212
4211
7319
4213
4209
4214
6753
6754
163
164
4215
4217
4216
7309
4218
4219
6755
6756
4220
4222
6752
4221
4223
4224
4225
4226
6760
158
160
159
7297
161
155
162
4705
4706
165
167
166
7285
168
169
4708
4709
170
172
4703
171
173
174
175
176
4713
628
630
629
7215
631
627
632
4944
4945
633
635
634
7356
7217
636
637
4946
4947
638
640
4943
639
641
642
643
644
4951
654
655
1220
1222
1221
7358
7219
1223
1219
1224
5244
5245
1225
1227
1226
7360
7227
1228
1229
5246
5247
7362
7364
1230
1232
5243
7366
1231
1233
1234
1235
1236
5251
1246
1247
1812
1814
1813
7368
7229
1815
1811
1816
5544
5545
1817
1819
1818
7370
7235
1820
1821
5546
5547
7372
1822
1824
5543
7374
1823
1825
1826
1827
1828
5551
1838
1839
2404
2406
2405
7376
7237
2407
2403
2408
5844
5845
2409
2411
2410
7378
7247
2412
2413
5846
5847
7380
7382
7384
2414
2416
5843
7386
2415
2417
2418
2419
2420
5851
2430
2431
2996
2998
2997
7388
7249
2999
2995
3000
6144
6145
3001
3003
3002
7390
7281
3004
3005
6146
6147
7392
7394
7396
3006
3008
6143
7398
3007
3009
3010
3011
3012
6151
3022
3023
3588
3590
4704
3589
7277
3591
3587
3592
6444
6445
3593
3595
4707
3594
7275
3596
3597
6446
6447
7400
7402
7404
3598
3600
6443
7406
3599
3601
3602
3603
3604
6451
3614
3615
4236
4237
4242
4243
6759
4244
4245
6769
7408
7410
7412
7414
4227
4228
6757
6758
4229
4230
6761
7416
4253
4254
4255
4257
4256
7418
7279
4258
4252
4259
6776
6777
4266
4268
6774
4267
4269
6781
3620
3621
6450
3622
3623
6460
3605
3606
6448
6449
3607
3608
6452
7420
3631
3632
3633
3635
3634
7422
7283
3636
3630
3637
6467
6468
3644
3646
6465
3645
3647
6472
3028
3029
6150
3030
3031
6160
3013
7415
3014
6148
6149
3015
3016
6152
7424
3039
3040
3041
3043
3042
7426
7295
3044
3038
3045
6167
6168
3052
3054
6165
3053
3055
6172
2436
7411
7413
2437
5850
2438
2439
5860
2421
7428
7430
7405
7432
7434
7407
2422
5848
5849
2423
2424
5852
7436
2447
2448
2449
2451
2450
7438
7307
2452
2446
2453
5867
5868
2460
2462
5865
2461
2463
5872
1844
7401
7403
1845
5550
1846
1847
5560
1829
7440
7442
7397
7444
7446
7399
1830
5548
5549
1831
1832
5552
7448
1855
1856
1857
1859
1858
7450
7317
1860
1854
1861
5567
5568
1868
1870
5565
1869
1871
5572
1252
7393
7395
1253
5250
1254
1255
5260
1237
7452
7454
7385
7456
7387
1238
5248
5249
1239
1240
5252
7458
1263
1264
1265
1267
1266
7460
7327
1268
1262
1269
5267
5268
1276
1278
5265
1277
1279
5272
660
7381
7383
661
4950
662
663
4960
645
7462
7464
7373
7466
7375
646
4948
4949
647
648
4952
7468
671
672
673
675
674
7470
7339
676
670
677
4967
4968
684
686
4965
685
687
4972
177
7472
7474
7365
7476
7478
7367
178
4710
4711
179
180
4714
7480
187
188
189
191
190
192
186
193
4721
4722
200
201
4719
656
7363
657
4712
658
659
4958
7482
692
693
4726
696
697
4973
4976
1248
1249
4957
1250
1251
5258
1284
1285
4978
1288
1289
5273
5276
1840
1841
5257
1842
1843
5558
1876
1877
5278
1880
1881
5573
5576
2432
2433
5557
2434
2435
5858
2468
2469
5578
2472
2473
5873
5876
3024
3025
5857
3026
3027
6158
3060
3061
5878
3064
7479
3065
6173
6176
3616
7477
3617
6157
3618
3619
6458
3652
3653
6178
3656
7467
3657
6473
6476
4238
7409
4239
6457
4240
4241
6767
4274
4275
6478
4278
7457
4279
6782
6785
4231
7447
4232
6762
4233
4234
4235
6763
6765
4246
7445
4247
6764
3609
7435
3610
6453
3611
3612
3613
6454
6456
3624
7433
3625
6455
3017
7431
3018
6153
3019
3020
3021
6154
6156
3032
7429
3033
6155
2425
7443
2426
5853
2427
2428
2429
5854
5856
2440
7441
2441
5855
1833
7455
1834
5553
1835
1836
1837
5554
5556
1848
7453
1849
5555
1241
7465
1242
5253
1243
1244
1245
5254
5256
1256
7463
1257
5255
649
7475
650
4953
651
652
653
4954
4956
664
7473
665
4955
181
7483
182
4715
183
184
185
4716
4718
666
667
4717
668
669
4962
4963
1258
1259
4964
1260
1261
5262
5263
1850
1851
5264
1852
1853
5562
5563
2442
2443
5564
2444
2445
5862
5863
3034
3035
5864
3036
3037
6162
6163
3626
3627
6164
3628
3629
6462
6463
4248
4249
6464
4250
4251
6771
6772
4282
4283
4284
4285
6787
4288
6790
4261
4263
6775
4262
4264
4260
4265
6779
6780
4270
4272
6778
4271
4273
6770
6783
3639
3641
6466
3640
3642
3638
3643
6470
6471
3648
3650
6469
3649
3651
6461
6474
3047
3049
6166
3048
3050
3046
3051
6170
6171
3056
3058
6169
3057
3059
6161
6174
2455
2457
5866
2456
2458
2454
2459
5870
5871
2464
2466
5869
2465
2467
5861
5874
1863
1865
5566
1864
1866
1862
1867
5570
5571
1872
1874
5569
7484
7486
7488
7490
1873
1875
5561
5574
1271
1273
5266
1272
1274
1270
1275
5270
5271
1280
1282
5269
7492
7494
1281
1283
5261
5274
679
681
4966
680
682
678
683
4970
4971
688
690
4969
7496
689
691
4961
4974
195
197
4720
196
7471
198
194
199
4724
4725
202
203
4723
694
695
4727
4959
698
699
4975
4977
1286
1287
4979
5259
1290
1291
5275
5277
1878
1879
5279
5559
1882
1883
5575
5577
2470
2471
5579
5859
2474
2475
5875
5877
3062
3063
5879
6159
3066
3067
6175
6177
3654
7497
3655
6179
6459
3658
7495
3659
6475
6477
4276
7493
4277
6479
6768
4280
7491
4281
6784
6786
4286
7489
4287
6788
6789
4289
6791
7487
4290
6773
7485
4291
6766
205
206
4293
4295
4294
7461
4296
4292
4297
6793
6794
212
213
4298
4300
4299
7451
4301
4302
6795
6796
4303
4305
6792
4304
4306
4307
4308
4309
6800
207
209
208
7439
210
204
211
4730
4731
214
216
215
7427
217
218
4733
4734
219
221
4728
220
222
223
224
225
4738
701
703
702
7357
704
700
705
4981
4982
706
708
707
7498
7359
709
710
4983
4984
711
713
4980
712
714
715
716
717
4988
727
728
1293
1295
1294
7500
7361
1296
1292
1297
5281
5282
1298
1300
1299
7502
7369
1301
1302
5283
5284
7504
7506
1303
1305
5280
7508
1304
1306
1307
1308
1309
5288
1319
1320
1885
1887
1886
7510
7371
1888
1884
1889
5581
5582
1890
1892
1891
7512
7377
1893
1894
5583
5584
7514
1895
1897
5580
7516
1896
1898
1899
1900
1901
5588
1911
1912
2477
2479
2478
7518
7379
2480
2476
2481
5881
5882
2482
2484
2483
7520
7389
2485
2486
5883
5884
7522
7524
7526
2487
2489
5880
7528
2488
2490
2491
2492
2493
5888
2503
2504
3069
3071
3070
7530
7391
3072
3068
3073
6181
6182
3074
3076
3075
7532
7423
3077
3078
6183
6184
7534
7536
7538
3079
3081
6180
7540
3080
3082
3083
3084
3085
6188
3095
3096
3661
3663
4729
3662
7419
3664
3660
3665
6481
6482
3666
3668
4732
3667
7417
3669
3670
6483
6484
7542
7544
7546
3671
3673
6480
7548
3672
3674
3675
3676
3677
6488
3687
3688
4319
4320
4325
4326
6799
4327
4328
6809
7550
7552
7554
7556
4310
4311
6797
6798
4312
4313
6801
7558
4336
4337
4338
4340
4339
7560
7421
4341
4335
4342
6816
6817
4349
4351
6814
4350
4352
6821
3693
3694
6487
3695
3696
6497
3678
3679
6485
6486
3680
3681
6489
7562
3704
3705
3706
3708
3707
7564
7425
3709
3703
3710
6504
6505
3717
3719
6502
3718
3720
6509
3101
3102
6187
3103
3104
6197
3086
7566
7568
7557
3087
6185
6186
3088
3089
6189
7570
3112
3113
3114
3116
3115
7572
7437
3117
3111
3118
6204
6205
3125
3127
6202
3126
3128
6209
2509
7553
7555
2510
5887
2511
2512
5897
2494
7574
7576
7547
7578
7580
7549
2495
5885
5886
2496
2497
5889
7582
2520
2521
2522
2524
2523
7584
7449
2525
2519
2526
5904
5905
2533
2535
5902
2534
2536
5909
1917
7543
7545
1918
5587
1919
1920
5597
1902
7586
7588
7539
7590
7541
1903
5585
5586
1904
1905
5589
7592
1928
1929
1930
1932
1931
7594
7459
1933
1927
1934
5604
5605
1941
1943
5602
1942
1944
5609
1325
7535
7537
1326
5287
1327
1328
5297
1310
7596
7598
7527
7600
7529
1311
5285
5286
1312
1313
5289
7602
1336
1337
1338
1340
1339
7604
7469
1341
1335
1342
5304
5305
1349
1351
5302
1350
1352
5309
733
7523
7525
734
4987
735
736
4997
718
7606
7608
7515
7610
7517
719
4985
4986
720
721
4989
7612
744
745
746
748
747
7614
7481
749
743
750
5004
5005
757
759
5002
758
760
5009
226
7616
7618
7507
7620
7509
227
4735
4736
228
229
4739
7622
236
237
238
240
239
241
235
242
4746
4747
249
250
4744
729
7505
730
4737
731
732
4995
7624
765
766
4751
769
770
5010
5013
1321
1322
4994
1323
1324
5295
1357
1358
5015
1361
1362
5310
5313
1913
1914
5294
1915
1916
5595
1949
1950
5315
1953
1954
5610
5613
2505
2506
5594
2507
2508
5895
2541
2542
5615
2545
2546
5910
5913
3097
3098
5894
3099
3100
6195
3133
3134
5915
3137
7621
3138
6210
6213
3689
7611
3690
6194
3691
3692
6495
3725
3726
6215
3729
7601
3730
6510
6513
4321
7551
4322
6494
4323
4324
6807
4357
4358
6515
4361
7591
4362
6822
6825
4314
7581
4315
6802
4316
4317
4318
6803
6805
4329
7579
4330
6804
3682
7569
3683
6490
3684
3685
3686
6491
6493
3697
7567
3698
6492
3090
7577
3091
6190
3092
3093
3094
6191
6193
3105
7575
3106
6192
2498
7589
2499
5890
2500
2501
2502
5891
5893
2513
7587
2514
5892
1906
7599
1907
5590
1908
1909
1910
5591
5593
1921
7597
1922
5592
1314
7609
1315
5290
1316
1317
1318
5291
5293
1329
7607
1330
5292
722
7619
723
4990
724
725
726
4991
4993
737
7617
738
4992
230
7625
231
4740
232
233
234
4741
4743
739
740
4742
741
742
4999
5000
1331
1332
5001
1333
1334
5299
5300
1923
1924
5301
1925
1926
5599
5600
2515
2516
5601
2517
2518
5899
5900
3107
3108
5901
3109
3110
6199
6200
3699
3700
6201
3701
3702
6499
6500
4331
4332
6501
4333
4334
6811
6812
4365
4366
4367
4368
6827
4371
6830
4344
4346
6815
4345
4347
4343
4348
6819
6820
4353
4355
6818
4354
4356
6810
6823
3712
3714
6503
3713
3715
3711
3716
6507
6508
3721
3723
6506
3722
3724
6498
6511
3120
3122
6203
3121
3123
3119
3124
6207
6208
3129
3131
6206
3130
3132
6198
6211
2528
2530
5903
2529
2531
2527
2532
5907
5908
2537
2539
5906
2538
2540
5898
5911
1936
1938
5603
1937
1939
1935
1940
5607
5608
1945
1947
5606
7626
7628
7630
7632
1946
1948
5598
5611
1344
1346
5303
1345
1347
1343
1348
5307
5308
1353
1355
5306
7634
7636
1354
1356
5298
5311
752
754
5003
753
755
751
756
5007
5008
761
763
5006
7638
7640
762
764
4998
5011
244
246
4745
245
7615
247
243
248
4749
4750
251
252
4748
767
768
4752
4996
771
772
5012
5014
1359
1360
5016
5296
1363
1364
5312
5314
1951
1952
5316
5596
1955
1956
5612
5614
2543
2544
5616
5896
2547
2548
5912
5914
3135
3136
5916
6196
3139
7641
3140
6212
6214
3727
7639
3728
6216
6496
3731
7637
3732
6512
6514
4359
7635
4360
6516
6808
4363
7633
4364
6824
6826
4369
7631
4370
6828
6829
4372
6831
7629
4373
6813
7627
4374
6806
254
255
4376
4378
4377
7605
4379
4375
4380
6833
6834
261
262
4381
4383
4382
7595
4384
4385
6835
6836
4386
4388
6832
4387
4389
4390
4391
4392
6840
256
258
257
7585
259
253
260
4755
4756
263
265
264
7573
266
267
4758
4759
268
270
4753
269
271
272
273
274
4763
774
776
775
7499
777
773
778
5018
5019
779
781
780
7642
7501
782
783
5020
5021
784
786
5017
785
787
788
789
790
5025
800
801
1366
1368
1367
7644
7503
1369
1365
1370
5318
5319
1371
1373
1372
7646
7511
1374
1375
5320
5321
1376
1378
5317
7648
7650
1377
1379
1380
1381
1382
5325
1392
1393
1958
1960
1959
7652
7513
1961
1957
1962
5618
5619
1963
1965
1964
7654
7519
1966
1967
5620
5621
7656
1968
1970
5617
7658
1969
1971
1972
1973
1974
5625
1984
1985
2550
2552
2551
7660
7521
2553
2549
2554
5918
5919
2555
2557
2556
7662
7531
2558
2559
5920
5921
7664
2560
2562
5917
7666
7668
7670
2561
2563
2564
2565
2566
5925
2576
2577
3142
3144
3143
7672
7533
3145
3141
3146
6218
6219
3147
3149
3148
7674
7565
3150
3151
6220
6221
7676
3152
3154
6217
7678
7680
7682
3153
3155
3156
3157
3158
6225
3168
3169
3734
3736
4754
3735
7561
3737
3733
3738
6518
6519
3739
3741
4757
3740
7559
3742
3743
6520
6521
7684
3744
3746
6517
7686
7688
7690
3745
3747
3748
3749
3750
6525
3760
3761
4402
4403
4408
4409
6839
4410
4411
6849
7692
7694
4393
4394
6837
6838
4395
4396
6841
7696
4419
4420
4421
4423
4422
7698
7563
4424
4418
4425
6856
6857
4432
4434
6854
4433
4435
6861
3766
3767
6524
3768
3769
6534
3751
3752
6522
6523
3753
3754
6526
7700
3777
3778
3779
3781
3780
7702
7571
3782
3776
3783
6541
6542
3790
3792
6539
3791
3793
6546
3174
3175
6224
3176
3177
6234
3159
3160
6222
6223
3161
3162
6226
7704
3185
3186
3187
3189
3188
7706
7583
3190
3184
3191
6241
6242
3198
3200
6239
3199
3201
6246
2582
2583
5924
2584
2585
5934
2567
7708
7710
7691
7712
7714
7695
2568
5922
5923
2569
2570
5926
7716
2593
2594
2595
2597
2596
7718
7593
2598
2592
2599
5941
5942
2606
2608
5939
2607
2609
5946
1990
7687
7689
1991
5624
1992
1993
5634
1975
7720
7722
7683
7724
7726
7685
1976
5622
5623
1977
1978
5626
7728
2001
2002
2003
2005
2004
7730
7603
2006
2000
2007
5641
5642
2014
2016
5639
2015
2017
5646
1398
7679
7681
1399
5324
1400
1401
5334
1383
7732
7734
7671
7736
7677
1384
5322
5323
1385
1386
5326
7738
1409
1410
1411
1413
1412
7740
7613
1414
1408
1415
5341
5342
1422
1424
5339
1423
1425
5346
806
7667
7669
807
5024
808
809
5034
791
7742
7744
7659
7746
7665
792
5022
5023
793
794
5026
7748
817
818
819
821
820
7750
7623
822
816
823
5041
5042
830
832
5039
831
833
5046
275
7752
7754
7651
7756
7758
7657
276
4760
4761
277
278
4764
7760
285
286
287
289
288
290
284
291
4771
4772
298
299
4769
802
7649
803
4762
804
805
5032
838
839
4776
842
843
5047
5050
1394
1395
5031
1396
1397
5332
1430
1431
5052
1434
1435
5347
5350
1986
1987
5331
1988
1989
5632
2022
2023
5352
2026
2027
5647
5650
2578
2579
5631
2580
2581
5932
2614
2615
5652
2618
2619
5947
5950
3170
3171
5931
3172
3173
6232
3206
3207
5952
3210
7759
3211
6247
6250
3762
7757
3763
6231
3764
3765
6532
3798
3799
6252
3802
7747
3803
6547
6550
4404
7693
4405
6531
4406
4407
6847
4440
4441
6552
4444
7737
4445
6862
6865
4397
7727
4398
6842
4399
4400
4401
6843
6845
4412
7725
4413
6844
3755
7715
3756
6527
3757
3758
3759
6528
6530
3770
7713
3771
6529
3163
7711
3164
6227
3165
3166
3167
6228
6230
3178
7709
3179
6229
2571
7723
2572
5927
2573
2574
2575
5928
5930
2586
7721
2587
5929
1979
7735
1980
5627
1981
1982
1983
5628
5630
1994
7733
1995
5629
1387
7745
1388
5327
1389
1390
1391
5328
5330
1402
7743
1403
5329
795
7755
796
5027
797
798
799
5028
5030
810
7753
811
5029
279
280
4765
281
282
283
4766
4768
812
813
4767
814
815
5036
5037
1404
1405
5038
1406
1407
5336
5337
1996
1997
5338
1998
1999
5636
5637
2588
2589
5638
2590
2591
5936
5937
3180
3181
5938
3182
3183
6236
6237
3772
3773
6238
3774
3775
6536
6537
4414
4415
6538
4416
4417
6851
6852
4448
4449
4450
4451
6867
4454
6870
4427
4429
6855
4428
4430
4426
4431
6859
6860
4436
4438
6858
4437
4439
6850
6863
3785
3787
6540
3786
3788
3784
3789
6544
6545
3794
3796
6543
3795
3797
6535
6548
3193
3195
6240
3194
3196
3192
3197
6244
6245
3202
3204
6243
3203
3205
6235
6248
2601
2603
5940
2602
2604
2600
2605
5944
5945
2610
2612
5943
2611
2613
5935
5948
2009
2011
5640
2010
2012
2008
2013
5644
5645
2018
2020
5643
7762
7764
7766
7768
2019
2021
5635
5648
1417
1419
5340
1418
1420
1416
1421
5344
5345
1426
1428
5343
7770
7772
1427
1429
5335
5348
825
827
5040
826
828
824
829
5044
5045
834
836
5043
7774
7776
835
837
5035
5048
293
295
4770
294
7751
296
292
297
4774
4775
300
301
4773
840
841
4777
5033
844
845
5049
5051
1432
1433
5053
5333
1436
1437
5349
5351
2024
2025
5353
5633
2028
2029
5649
5651
2616
2617
5653
5933
2620
2621
5949
5951
3208
3209
5953
6233
3212
7777
3213
6249
6251
3800
7775
3801
6253
6533
3804
7773
3805
6549
6551
4442
7771
4443
6553
6848
4446
7769
4447
6864
6866
4452
7767
4453
6868
6869
4455
6871
7765
4456
6853
7763
4457
6846
303
304
4459
4461
4460
7741
4462
4458
4463
6873
6874
310
311
4464
4466
4465
7731
4467
4468
6875
6876
4469
4471
6872
4470
4472
4473
4474
4475
6880
305
307
306
7719
308
302
309
4780
4781
312
314
313
7707
315
316
4783
4784
317
319
4778
318
320
321
322
323
4788
847
849
848
7643
850
846
851
5055
5056
852
854
853
7778
7645
855
856
5057
5058
857
859
5054
858
860
861
862
863
5062
873
874
1439
1441
1440
7780
7647
1442
1438
1443
5355
5356
1444
1446
1445
7782
7653
1447
1448
5357
5358
7784
7786
1449
1451
5354
7788
1450
1452
1453
1454
1455
5362
1465
1466
2031
2033
2032
7790
7655
2034
2030
2035
5655
5656
2036
2038
2037
7792
7661
2039
2040
5657
5658
7794
2041
2043
5654
7796
2042
2044
2045
2046
2047
5662
2057
2058
2623
2625
2624
7798
7663
2626
2622
2627
5955
5956
2628
2630
2629
7800
7673
2631
2632
5957
5958
7802
7804
7806
2633
2635
5954
7808
2634
2636
2637
2638
2639
5962
2649
2650
3215
3217
3216
7810
7675
3218
3214
3219
6255
6256
3220
3222
3221
7812
7703
3223
3224
6257
6258
7814
7816
7818
3225
3227
6254
7820
3226
3228
3229
3230
3231
6262
3241
3242
3807
3809
4779
3808
7699
3810
3806
3811
6555
6556
3812
3814
4782
3813
7697
3815
3816
6557
6558
7822
7824
7826
3817
3819
6554
7828
3818
3820
3821
3822
3823
6562
3833
3834
4485
4486
4491
4492
6879
4493
4494
6889
7830
7832
7834
7836
4476
4477
6877
6878
4478
4479
6881
7838
4502
4503
4504
4506
4505
7840
7701
4507
4501
4508
6896
6897
4515
4517
6894
4516
4518
6901
3839
3840
6561
3841
3842
6571
3824
3825
6559
6560
3826
3827
6563
7842
3850
3851
3852
3854
3853
7844
7705
3855
3849
3856
6578
6579
3863
3865
6576
3864
3866
6583
3247
3248
6261
3249
3250
6271
3232
7846
7848
7837
3233
6259
6260
3234
3235
6263
7850
3258
3259
3260
3262
3261
7852
7717
3263
3257
3264
6278
6279
3271
3273
6276
3272
3274
6283
2655
7833
7835
2656
5961
2657
2658
5971
2640
7827
7854
7856
7829
2641
5959
5960
2642
2643
5963
7858
2666
2667
2668
2670
2669
7860
7729
2671
2665
2672
5978
5979
2679
2681
5976
2680
2682
5983
2063
7823
7825
2064
5661
2065
2066
5671
2048
7862
7864
7819
7866
7868
7821
2049
5659
5660
2050
2051
5663
7870
2074
2075
2076
2078
2077
7872
7739
2079
2073
2080
5678
5679
2087
2089
5676
2088
2090
5683
1471
7815
7817
1472
5361
1473
1474
5371
1456
7874
7876
7807
7878
7809
1457
5359
5360
1458
1459
5363
7880
1482
1483
1484
1486
1485
7882
7749
1487
1481
1488
5378
5379
1495
1497
5376
1496
1498
5383
879
7803
7805
880
5061
881
882
5071
864
7884
7886
7795
7888
7797
865
5059
5060
866
867
5063
7890
890
891
892
894
893
7892
7761
895
889
896
5078
5079
903
905
5076
904
906
5083
324
7894
7896
7787
7898
7900
7789
325
4785
4786
326
327
4789
7902
334
335
336
338
337
339
333
340
4796
4797
347
348
4794
875
7785
876
4787
877
878
5069
911
912
4801
915
916
5084
5087
1467
1468
5068
1469
1470
5369
1503
1504
5089
1507
1508
5384
5387
2059
2060
5368
2061
2062
5669
2095
2096
5389
2099
2100
5684
5687
2651
2652
5668
2653
2654
5969
2687
2688
5689
2691
2692
5984
5987
3243
3244
5968
3245
3246
6269
3279
3280
5989
3283
7901
3284
6284
6287
3835
7899
3836
6268
3837
3838
6569
3871
3872
6289
3875
7889
3876
6584
6587
4487
7831
4488
6568
4489
4490
6887
4523
4524
6589
4527
7879
4528
6902
6905
4480
7869
4481
6882
4482
4483
4484
6883
6885
4495
7867
4496
6884
3828
7849
3829
6564
3830
3831
3832
6565
6567
3843
7847
3844
6566
3236
7857
3237
6264
3238
3239
3240
6265
6267
3251
7855
3252
6266
2644
7865
2645
5964
2646
2647
2648
5965
5967
2659
7863
2660
5966
2052
7877
2053
5664
2054
2055
2056
5665
5667
2067
7875
2068
5666
1460
7887
1461
5364
1462
1463
1464
5365
5367
1475
7885
1476
5366
868
7897
869
5064
870
871
872
5065
5067
883
7895
884
5066
328
329
4790
330
331
332
4791
4793
885
886
4792
887
888
5073
5074
1477
1478
5075
1479
1480
5373
5374
2069
2070
5375
2071
2072
5673
5674
2661
2662
5675
2663
2664
5973
5974
3253
3254
5975
3255
3256
6273
6274
3845
3846
6275
3847
3848
6573
6574
4497
4498
6575
4499
4500
6891
6892
4531
4532
4533
4534
6907
4537
6910
4510
4512
6895
4511
4513
4509
4514
6899
6900
4519
4521
6898
4520
4522
6890
6903
3858
3860
6577
3859
3861
3857
3862
6581
6582
3867
3869
6580
3868
3870
6572
6585
3266
3268
6277
3267
3269
3265
3270
6281
6282
3275
3277
6280
3276
3278
6272
6285
2674
2676
5977
2675
2677
2673
2678
5981
5982
2683
2685
5980
2684
2686
5972
5985
2082
2084
5677
2083
2085
2081
2086
5681
5682
2091
2093
5680
2092
2094
5672
5685
1490
1492
5377
1491
1493
1489
1494
5381
5382
1499
1501
5380
7904
7906
7908
7910
1500
1502
5372
5385
898
900
5077
899
901
897
902
5081
5082
907
909
5080
7912
7914
908
910
5072
5085
342
344
4795
343
7893
345
341
346
4799
4800
349
350
4798
7916
7918
913
914
4802
5070
917
918
5086
5088
1505
1506
5090
5370
1509
1510
5386
5388
2097
2098
5390
5670
2101
2102
5686
5688
2689
2690
5690
5970
2693
2694
5986
5988
3281
3282
5990
6270
3285
7919
3286
6286
6288
3873
7917
3874
6290
6570
3877
7915
3878
6586
6588
4525
7913
4526
6590
6888
4529
7911
4530
6904
6906
4535
7909
4536
6908
6909
4538
6911
7907
4539
6893
7905
4540
6886
352
353
4542
4544
4543
7883
4545
6629
4541
4546
6913
6914
359
360
4547
4549
4548
7873
4550
6632
4551
6915
6916
4552
4554
6912
4553
4555
4556
4557
4558
6920
354
356
355
7861
357
4626
351
358
4805
4806
361
363
362
7853
364
4630
365
4808
4809
366
368
4803
367
369
370
371
372
4813
920
922
921
7779
923
4829
919
924
5092
5093
925
927
926
7781
928
4832
929
5094
5095
930
932
5091
931
933
934
935
936
5099
946
947
1512
1514
1513
7783
1515
5129
1511
1516
5392
5393
1517
1519
1518
7791
1520
5132
1521
5394
5395
7920
7922
1522
1524
5391
7924
1523
1525
1526
1527
1528
5399
1538
1539
2104
2106
2105
7793
2107
5429
2103
2108
5692
5693
2109
2111
2110
7799
2112
5432
2113
5694
5695
7926
2114
2116
5691
7928
2115
2117
2118
2119
2120
5699
2130
2131
2696
2698
2697
7801
2699
5729
2695
2700
5992
5993
2701
2703
2702
7811
2704
5732
2705
5994
5995
7930
7932
7934
2706
2708
5991
7936
2707
2709
2710
2711
2712
5999
2722
2723
3288
3290
3289
7813
3291
6029
3287
3292
6292
6293
3293
3295
3294
7845
3296
6032
3297
6294
6295
7938
7940
7942
3298
3300
6291
7944
3299
3301
3302
3303
3304
6299
3314
3315
3880
3882
4804
3881
7841
3883
6329
3879
3884
6592
6593
3885
3887
4807
3886
7839
3888
6332
3889
6594
6595
7946
7948
7950
3890
3892
6591
7952
3891
3893
3894
3895
3896
6599
3906
3907
4568
4569
4574
4575
6919
4576
4577
6929
7954
7956
7958
7960
4559
4560
6917
6918
4561
4562
6921
4585
4586
4587
4589
4588
7843
4590
6654
4584
4591
6936
6937
4598
4600
6934
4599
4601
6941
3912
3913
6598
3914
3915
6608
3897
3898
6596
6597
3899
3900
6600
3923
3924
3925
3927
3926
7851
3928
6354
3922
3929
6615
6616
3936
3938
6613
3937
3939
6620
3320
3321
6298
3322
3323
6308
3305
7961
3306
6296
6297
3307
3308
6300
3331
3332
3333
3335
3334
7859
3336
6054
3330
3337
6315
6316
3344
3346
6313
3345
3347
6320
2728
7957
7959
2729
5998
2730
2731
6008
2713
7962
7964
7951
7966
7968
7953
2714
5996
5997
2715
2716
6000
2739
2740
2741
2743
2742
7871
2744
5754
2738
2745
6015
6016
2752
2754
6013
2753
2755
6020
2136
7947
7949
2137
5698
2138
2139
5708
2121
7970
7972
7943
7974
7976
7945
2122
5696
5697
2123
2124
5700
2147
2148
2149
2151
2150
7881
2152
5454
2146
2153
5715
5716
2160
2162
5713
2161
2163
5720
1544
7939
7941
1545
5398
1546
1547
5408
1529
7978
7980
7935
7982
7937
1530
5396
5397
1531
1532
5400
1555
1556
1557
1559
1558
7891
1560
5154
1554
1561
5415
5416
1568
1570
5413
1569
1571
5420
952
7931
7933
953
5098
954
955
5108
937
7984
7986
7927
7988
7929
938
5096
5097
939
940
5100
963
964
965
967
966
7990
7903
968
4854
962
969
5115
5116
976
978
5113
977
979
5120
373
7992
7994
7923
7996
7998
7925
374
4810
4811
375
376
4814
383
384
385
387
386
388
4644
382
389
4821
4822
396
397
4819
948
7921
949
4812
950
951
5106
984
985
4826
988
989
5121
5124
1540
1541
5105
1542
1543
5406
1576
1577
5126
1580
1581
5421
5424
2132
2133
5405
2134
2135
5706
2168
2169
5426
2172
2173
5721
5724
2724
2725
5705
2726
2727
6006
2760
2761
5726
2764
2765
6021
6024
3316
3317
6005
3318
3319
6306
3352
3353
6026
3356
7999
3357
6321
6324
3908
7997
3909
6305
3910
3911
6606
3944
3945
6326
3948
7989
3949
6621
6624
4570
7955
4571
6605
4572
4573
6927
4606
4607
6626
4610
7983
4611
6942
6945
4563
7977
4564
6922
4565
4566
4567
6923
6925
4578
7975
4579
6924
3901
7969
3902
6601
3903
3904
3905
6602
6604
3916
7967
3917
6603
3309
7965
3310
6301
3311
3312
3313
6302
6304
3324
7963
3325
6303
2717
7973
2718
6001
2719
2720
2721
6002
6004
2732
7971
2733
6003
2125
7981
2126
5701
2127
2128
2129
5702
5704
2140
7979
2141
5703
1533
7987
1534
5401
1535
1536
1537
5402
5404
1548
7985
1549
5403
941
7995
942
5101
943
944
945
5102
5104
956
7993
957
5103
377
378
4815
379
380
381
4816
4818
958
959
4817
960
961
5110
5111
1550
1551
5112
1552
1553
5410
5411
2142
2143
5412
2144
2145
5710
5711
2734
2735
5712
2736
2737
6010
6011
3326
3327
6012
3328
3329
6310
6311
3918
3919
6312
3920
3921
6610
6611
4580
4581
6612
4582
4583
6931
6932
4614
4615
4616
4617
6947
4620
6950
4593
4595
6935
4594
4596
6658
4592
4597
6939
6940
4602
4604
6938
4603
4605
6930
6943
3931
3933
6614
3932
3934
6358
3930
3935
6618
6619
3940
3942
6617
3941
3943
6609
6622
3339
3341
6314
3340
3342
6058
3338
3343
6318
6319
3348
3350
6317
3349
3351
6309
6322
2747
2749
6014
2748
2750
5758
2746
2751
6018
6019
2756
2758
6017
2757
2759
6009
6022
2155
2157
5714
2156
2158
5458
2154
2159
5718
5719
2164
2166
5717
8000
8002
8004
8006
2165
2167
5709
5722
1563
1565
5414
1564
1566
5158
1562
1567
5418
5419
1572
1574
5417
8008
8010
1573
1575
5409
5422
971
973
5114
972
974
4858
970
975
5118
5119
980
982
5117
8012
981
983
5109
5122
391
393
4820
392
7991
394
4648
390
395
4824
4825
398
399
4823
8014
986
987
4827
5107
990
991
5123
5125
1578
1579
5127
5407
1582
1583
5423
5425
2170
2171
5427
5707
2174
2175
5723
5725
2762
2763
5727
6007
2766
2767
6023
6025
3354
3355
6027
6307
3358
8015
3359
6323
6325
3946
8013
3947
6327
6607
3950
8011
3951
6623
6625
4608
8009
4609
6627
6928
4612
8007
4613
6944
6946
4618
8005
4619
6948
6949
4621
6951
8003
4622
6933
8001
4623
6926
