2
1
11
10
6
5
0
19
20
23
24
37
36
46
65
45
73
76
77
89
114
122
125
126
138
174
175
253
262
4
3
8
13
7
9
1148
15
1147
14
12
17
16
39
18
1152
41
1151
40
21
1144
35
22
25
1156
26
43
47
27
1153
28
1154
30
29
1157
32
33
38
31
1158
53
66
42
44
1165
48
1166
49
34
1161
72
1159
55
50
1163
58
54
1162
57
51
52
1170
61
1169
60
63
56
1167
96
59
62
115
64
1176
68
1175
67
70
69
71
1179
92
1178
91
74
1173
88
94
75
255
78
1183
79
80
1180
81
1181
83
82
1184
85
86
263
90
84
1185
102
93
95
1191
97
1192
98
87
1188
121
1186
104
99
1190
107
103
1189
106
100
101
1195
110
1194
109
108
112
105
1193
145
111
113
1201
117
1200
116
119
118
120
1204
141
1203
140
123
1198
137
143
124
127
1208
128
129
1205
130
1206
132
131
1209
134
135
139
133
1210
153
142
144
1217
147
1216
146
136
1213
151
1211
170
149
152
1214
155
148
1215
156
1720
177
150
1220
159
1219
158
157
161
1146
163
154
1218
194
1716
171
164
160
162
1226
166
1225
165
168
1150
187
167
169
1229
190
1228
189
172
1223
186
192
1164
212
173
213
178
1230
181
176
1231
179
1233
223
224
180
1234
183
184
188
182
1235
202
191
1718
193
1241
195
1242
196
185
1238
200
1236
219
197
1240
205
201
1239
204
206
198
1168
252
1724
226
199
1245
208
1244
207
203
1243
261
1722
220
210
209
211
1251
215
1250
214
217
216
218
1254
257
1253
256
221
1248
251
259
222
227
1255
230
225
1256
228
1258
232
233
229
1259
269
254
231
1260
270
258
260
1276
265
1275
264
234
1263
235
237
243
1261
273
247
267
271
1272
285
236
238
1155
239
266
1273
329
240
1265
241
268
1280
287
1279
286
242
1257
244
1267
245
272
1281
274
246
1262
289
275
1277
336
276
1283
277
1268
288
278
1171
279
290
1291
292
1290
291
280
1172
281
282
1282
283
1285
297
284
1286
296
1284
303
294
248
1160
249
1266
300
250
1269
1270
301
293
295
1293
332
1292
331
298
1289
328
334
299
304
1294
305
306
1298
347
330
302
1295
307
1297
309
310
308
1299
342
333
335
1314
338
1313
337
340
311
1302
312
314
1300
343
344
1311
358
339
1312
402
341
1317
360
1316
359
313
315
1182
316
317
1304
318
362
319
1296
320
321
1306
322
361
345
1318
346
363
1328
365
1327
364
348
1315
409
349
1320
350
351
1196
352
367
353
1197
354
355
1322
356
1319
370
366
357
1323
369
1321
376
368
1330
405
1329
404
323
1301
324
1307
373
1730
325
1187
326
1305
382
327
1308
374
1309
385
371
1326
401
407
372
1732
1721
377
1331
378
379
1335
420
1717
403
375
1332
380
1334
383
381
1336
415
406
408
1351
411
1350
410
413
384
1339
387
389
1337
416
399
417
1348
431
412
1349
552
414
1354
433
1353
432
386
388
1207
390
1341
391
435
1249
475
392
1333
393
394
1343
395
1728
458
434
418
1355
419
436
1365
438
1364
437
421
1352
482
422
1357
423
424
1221
425
440
1252
512
426
1222
427
428
1359
429
1356
443
439
513
430
1360
442
1358
449
441
1367
478
1366
477
396
1338
397
1344
446
1738
398
1342
1212
400
1345
1346
455
444
1363
474
480
1274
553
445
1726
447
450
1368
451
1725
1740
452
1372
448
1369
453
1371
456
454
476
1373
488
1723
479
481
1387
483
1388
484
457
1376
460
1374
489
472
1719
485
1386
505
490
1385
504
486
1278
562
487
1391
508
1390
507
506
459
461
1232
462
463
1378
464
465
1370
466
467
1380
468
1736
535
491
1392
492
469
1375
470
494
1389
561
471
1237
493
495
1394
496
1381
523
497
1246
498
499
1247
500
1379
501
1396
502
1393
520
503
1397
519
1395
526
473
1382
1383
532
1734
524
510
555
509
511
1403
515
1402
514
517
516
518
1406
557
1405
556
521
1400
551
522
563
559
527
1407
528
529
1411
574
554
525
1408
530
1410
533
531
1412
569
558
560
1428
565
1427
564
567
534
1415
537
539
1413
570
571
1424
585
566
1425
629
568
1432
587
1431
586
536
538
1264
540
1417
541
589
542
1409
543
544
1419
545
588
572
1433
573
590
1443
592
1442
591
575
1429
636
576
1435
577
578
1287
579
594
580
1288
581
582
1437
583
1434
597
593
584
1438
596
1436
603
595
1445
632
1444
631
546
1414
547
1420
600
1746
548
1271
549
1418
550
1421
601
1422
609
598
1441
628
634
599
1748
1733
604
1446
605
606
1450
647
602
1447
607
1449
610
630
608
1451
642
633
635
1466
638
1465
637
640
611
1454
612
614
1452
643
644
1463
658
639
1464
702
641
1469
660
1468
659
613
615
1303
616
617
1456
618
662
619
1448
620
621
1458
622
1744
661
623
1453
624
625
1310
626
663
1480
665
1479
664
627
1461
1460
645
1470
646
648
1467
709
1742
649
1472
650
1459
673
667
651
1324
652
666
668
1482
705
1481
704
1731
707
653
1325
654
1457
674
655
1474
656
1471
670
657
1475
669
1473
676
671
1478
701
1754
672
677
1483
678
1756
1741
679
1487
720
675
1484
680
1486
682
683
703
1739
681
1488
715
706
708
1503
711
1502
710
684
1491
685
687
1489
716
713
717
1500
731
1729
712
1501
862
714
1506
733
1505
732
686
1727
735
1401
775
688
1340
689
690
1493
691
734
692
1485
693
736
1517
738
1516
737
694
1495
695
1752
718
1507
719
863
721
1504
782
722
1509
723
740
1404
853
724
1361
725
739
726
1362
727
741
1519
778
1518
777
728
1511
729
1508
743
730
1512
742
1510
749
696
1490
697
1496
746
698
1347
699
1494
744
1515
774
780
1426
745
855
750
1520
751
752
1524
793
776
700
1497
1498
1750
747
779
781
1539
783
1540
784
748
1521
753
1523
755
756
785
1538
805
786
1430
806
787
1542
807
1543
808
754
1525
788
809
1145
812
757
1528
758
760
1526
789
824
790
1537
804
813
810
811
1555
815
1554
814
1737
817
816
1149
852
818
1558
857
1557
856
759
1735
761
1377
762
763
1530
764
859
765
1522
766
767
1532
768
791
1544
792
794
1541
861
795
1546
796
797
1398
798
799
1399
800
801
1545
802
1548
820
803
1549
819
1547
826
821
1552
851
1758
822
827
1559
830
1760
1749
769
1533
823
1527
770
825
1560
828
1562
833
829
1563
874
1747
854
831
1564
869
858
860
1580
865
1579
864
771
1384
772
1531
835
773
1535
832
1534
837
834
1567
839
1565
870
847
867
871
1576
895
866
1577
939
836
868
1584
897
1583
896
838
1416
894
840
1569
841
842
1561
843
1568
910
844
1571
845
872
1585
873
899
875
1581
946
898
1174
876
1587
877
900
1598
902
1597
901
878
1439
879
846
1572
1566
848
1423
849
880
1440
881
1570
904
850
1573
885
1574
911
882
1589
887
1586
883
893
903
1177
886
1575
905
1600
942
1599
941
888
1591
889
884
1590
1588
890
1592
906
1593
919
1757
944
892
1595
907
908
1596
938
909
891
1594
913
1755
914
1601
917
912
1602
915
1604
920
916
1605
957
918
940
1606
953
943
945
1621
948
1620
947
921
1609
922
924
1607
952
950
1745
954
1618
978
949
1619
1022
951
1624
980
1623
979
923
1743
925
1455
926
977
982
927
1611
928
929
1603
930
1610
981
1199
931
1613
932
983
1638
985
1637
984
955
1625
956
958
1622
1029
959
1627
960
987
961
1476
962
933
1608
934
1614
968
986
1202
935
1462
936
988
1640
1025
1639
1024
963
1477
964
1612
937
1615
1616
1002
965
1629
970
1626
966
976
969
1617
994
1027
971
1631
967
1628
972
1630
1138
973
1632
990
1633
993
974
1634
989
991
1636
1021
975
1635
996
992
997
1641
1000
995
1642
998
1644
1003
999
1645
1040
1001
1023
1646
1036
1026
1028
1661
1031
1660
1030
1004
1649
1005
1007
1647
1035
1033
1753
1037
1658
1061
1032
1659
1034
1664
1063
1663
1062
1006
1751
1008
1492
1009
1060
1065
1553
1010
1651
1011
1012
1643
1013
1650
1064
1224
1014
1653
1015
1066
1678
1068
1677
1067
1038
1665
1039
1041
1662
1112
1042
1667
1043
1070
1556
1105
1044
1513
1045
1046
1514
1047
1069
1227
1016
1648
1017
1654
1051
1071
1680
1108
1679
1107
1018
1499
1019
1652
1048
1666
1049
1669
1020
1655
1656
1085
1761
1050
1668
1053
1670
1136
1059
1110
1578
1052
1657
1077
1054
1671
1055
1056
1672
1072
1673
1076
1057
1674
1073
1074
1676
1104
1075
1058
1675
1079
1759
1080
1681
1081
1082
1685
1123
1078
1682
1083
1684
1086
1106
1084
1686
1118
1109
1111
1701
1114
1700
1113
1116
1582
1087
1689
1088
1090
1092
1096
1687
1119
1100
1102
1120
1698
1115
1699
1117
1703
1704
1089
1091
1529
1143
1093
1691
1094
1095
1683
1690
1097
1693
1098
1121
1705
1122
1124
1702
1125
1707
1126
1127
1550
1128
1129
1551
1130
1099
1688
1694
1101
1536
1692
1131
1709
1132
1706
1103
1695
1134
1696
1133
1708
1710
1142
1135
1697
1137
1711
1139
1712
1713
1140
1714
1141
1715
