1
2
10
11
19
20
5
6
0
28
29
37
38
46
47
55
56
64
65
75
82
89
96
103
110
117
124
133
140
147
154
161
168
175
182
3
4
7
12
8
9
2947
14
2948
15
13
16
21
17
18
2951
23
2952
24
22
25
30
26
27
2955
32
2956
33
31
34
39
35
36
2959
41
2960
42
40
43
48
44
45
2963
50
2964
51
49
52
57
53
54
2967
59
2968
60
58
61
66
62
63
2971
68
2972
69
67
70
71
76
72
2975
77
2976
78
73
2944
74
79
83
80
81
2979
84
2980
85
86
90
87
88
2982
91
2983
92
93
97
94
95
2985
98
2986
99
100
104
101
102
2988
105
2989
106
107
111
108
109
2991
112
2992
113
114
118
115
116
2994
119
2995
120
121
125
122
123
2997
126
2998
127
128
129
134
130
3000
135
3001
136
131
2977
132
137
141
138
139
3004
142
3005
143
144
148
145
146
3007
149
3008
150
151
155
152
153
3010
156
3011
157
158
162
159
160
3013
163
3014
164
165
169
166
167
3016
170
3017
171
172
176
173
174
3019
177
3020
178
179
183
180
181
3023
185
3022
184
187
4160
191
192
186
188
3026
194
3025
193
189
3002
190
196
4162
198
199
195
197
3030
201
3029
200
203
4164
205
206
202
204
3033
208
3032
207
210
4166
212
213
209
211
3036
215
3035
214
217
4168
219
220
216
218
3039
222
3038
221
224
4170
226
227
223
225
3042
229
3041
228
231
4172
233
234
230
232
3045
236
3044
235
238
4174
240
241
237
239
3048
243
3047
242
245
4176
249
250
244
246
3051
252
3050
251
247
3027
248
254
4178
256
257
253
255
3055
259
3054
258
261
4180
263
264
260
262
3058
266
3057
265
268
4182
270
271
267
269
3061
273
3060
272
275
4184
277
278
274
276
3064
280
3063
279
282
4186
284
285
281
283
3067
287
3066
286
289
4188
291
292
288
290
3070
294
3069
293
296
4190
298
299
295
297
3073
301
3072
300
303
4192
307
308
302
304
3076
310
3075
309
305
3052
306
312
4194
314
315
311
313
3080
317
3079
316
319
4196
321
322
318
320
3083
324
3082
323
326
4198
328
329
325
327
3086
331
3085
330
333
4200
335
336
332
334
3089
338
3088
337
340
4202
342
343
339
341
3092
345
3091
344
347
4204
349
350
346
348
3095
352
3094
351
354
4206
356
357
353
355
3098
359
3097
358
361
4208
365
366
360
362
3101
368
3100
367
363
3077
364
370
4210
372
373
369
371
3105
375
3104
374
377
4212
379
380
376
378
3108
382
3107
381
384
4214
386
387
383
385
3111
389
3110
388
391
4216
393
394
390
392
3114
396
3113
395
398
4218
400
401
397
399
3117
403
3116
402
405
4220
407
408
404
406
3120
410
3119
409
412
4222
414
415
411
413
3122
416
3123
417
418
419
420
3125
425
3126
426
4224
423
424
421
3102
422
427
2945
430
431
428
429
3129
432
3130
433
434
2949
437
435
438
436
3132
439
3133
440
441
2953
444
445
442
443
3135
446
3136
447
448
2957
451
449
452
450
3138
453
3139
454
455
2961
458
459
456
457
3141
460
3142
461
462
2965
465
463
466
464
3144
467
3145
468
469
2969
472
473
470
471
3147
474
3148
475
476
2973
481
477
482
478
3151
484
3150
483
479
3127
480
486
4226
488
489
485
487
3154
490
3155
491
492
493
494
3158
498
3157
497
4228
495
496
500
4230
502
503
499
501
3160
504
3161
505
506
507
508
3164
512
3163
511
4232
509
510
514
4234
516
517
513
515
3166
518
3167
519
520
521
522
3170
526
3169
525
4236
523
524
528
4238
530
531
527
529
3172
532
3173
533
534
535
536
3175
539
3176
540
537
3152
538
541
542
543
3178
544
3179
545
546
547
548
3180
549
3181
550
551
552
553
3182
554
3183
555
556
557
558
3184
559
3185
560
561
562
563
3186
564
3187
565
566
567
568
3188
569
3189
570
571
572
573
3190
574
3191
575
576
577
578
3192
581
3193
582
579
3177
580
583
584
585
3195
586
3196
587
588
589
590
3197
591
3198
592
593
594
595
3199
596
3200
597
598
599
600
3201
601
3202
602
603
604
605
3203
606
3204
607
608
609
610
3206
612
3205
611
614
4240
4161
613
615
3208
617
3207
616
619
4242
4163
618
620
3210
624
3209
623
621
3194
622
626
4244
4165
625
627
3213
629
3212
628
631
4246
4167
630
632
3215
634
3214
633
636
4248
4169
635
637
3217
639
3216
638
641
4250
4171
640
642
3219
644
3218
643
646
4252
4173
645
647
3221
649
3220
648
651
4254
4175
650
652
3223
654
3222
653
656
4256
4177
655
657
3225
659
3224
658
661
4258
4179
660
662
3227
666
3226
665
663
3211
664
668
4260
4181
667
669
3230
671
3229
670
673
4262
4183
672
674
3232
676
3231
675
678
4264
4185
677
679
3234
681
3233
680
683
4266
4187
682
684
3236
686
3235
685
688
4268
4189
687
689
3238
691
3237
690
693
4270
4191
692
694
3240
696
3239
695
698
4272
4193
697
699
3242
701
3241
700
703
4274
4195
702
704
3244
708
3243
707
705
3228
706
710
4276
4197
709
711
3247
713
3246
712
715
4278
4199
714
716
3249
718
3248
717
720
4280
4201
719
721
3251
723
3250
722
725
4282
4203
724
726
3253
728
3252
727
730
4284
4205
729
731
3255
733
3254
732
735
4286
4207
734
736
3257
738
3256
737
740
4288
4209
739
741
3259
743
3258
742
745
4290
4211
744
746
3261
750
3260
749
747
3245
748
752
4292
4213
751
753
3264
755
3263
754
757
4294
4215
756
758
3266
760
3265
759
762
4296
4217
761
763
3268
765
3267
764
767
4298
4219
766
768
3270
770
3269
769
772
4300
4221
771
773
3272
775
3271
774
777
4302
4223
776
778
3274
780
3273
779
782
4304
4225
781
783
3275
784
3276
785
786
787
788
3277
791
3278
792
789
3262
790
793
3153
794
4233
795
3280
796
3281
797
798
3156
833
799
834
800
3282
801
3283
802
803
3159
804
805
3284
806
3285
807
4227
808
3162
840
809
810
3286
811
3287
812
813
3165
814
815
3288
816
3289
817
818
3168
847
4229
819
820
3290
821
3291
822
823
3171
824
825
3292
826
3293
827
828
3174
854
829
841
830
3294
835
3295
836
831
3279
832
837
838
4316
4231
839
3298
842
3299
843
844
845
846
3302
850
3301
849
4312
848
852
4308
855
851
853
3304
856
3305
857
4235
858
859
860
3308
864
3307
863
4306
861
862
866
4310
868
4237
865
867
3310
870
3311
871
869
4239
872
873
874
3314
878
3313
877
4314
875
876
880
4318
882
883
879
881
3316
884
3317
885
886
887
888
3319
891
3320
892
889
3296
890
893
894
895
3322
896
3323
897
898
899
900
3324
901
3325
902
903
904
905
3326
906
3327
907
908
909
910
3328
911
3329
912
913
914
915
3330
916
3331
917
918
919
920
3332
921
3333
922
923
924
925
3334
926
3335
927
928
929
930
3336
933
3337
934
931
3321
932
935
936
937
3339
938
3340
939
940
941
942
3341
943
3342
944
945
946
947
3343
948
3344
949
950
951
952
3345
953
3346
954
955
956
957
3348
959
3347
958
961
4320
4241
960
962
3350
964
3349
963
966
4322
4243
965
967
3352
969
3351
968
971
4324
4245
970
972
3354
976
3353
975
973
3338
974
978
4326
4247
977
979
3357
981
3356
980
983
4328
4249
982
984
3359
986
3358
985
988
4330
4251
987
989
3361
991
3360
990
993
4332
4253
992
994
3363
996
3362
995
998
4334
4255
997
999
3365
1001
3364
1000
1003
4336
4257
1002
1004
3367
1006
3366
1005
1008
4338
4259
1007
1009
3369
1011
3368
1010
1013
4340
4261
1012
1014
3371
1018
3370
1017
1015
3355
1016
1020
4342
4263
1019
1021
3374
1023
3373
1022
1025
4344
4265
1024
1026
3376
1028
3375
1027
1030
4346
4267
1029
1031
3378
1033
3377
1032
1035
4348
4269
1034
1036
3380
1038
3379
1037
1040
4350
4271
1039
1041
3382
1043
3381
1042
1045
4352
4273
1044
1046
3384
1048
3383
1047
1050
4354
4275
1049
1051
3386
1053
3385
1052
1055
4356
4277
1054
1056
3388
1060
3387
1059
1057
3372
1058
1062
4358
4279
1061
1063
3391
1065
3390
1064
1067
4360
4281
1066
1068
3393
1070
3392
1069
1072
4362
4283
1071
1073
3395
1075
3394
1074
1077
4364
4285
1076
1078
3397
1080
3396
1079
1082
4366
4287
1081
1083
3399
1085
3398
1084
1087
4368
4289
1086
1088
3401
1090
3400
1089
1092
4370
4291
1091
1093
3403
1095
3402
1094
1097
4372
4293
1096
1098
3405
1102
3404
1101
1099
3389
1100
1104
4374
4295
1103
1105
3408
1107
3407
1106
1109
4376
4297
1108
1110
3410
1112
3409
1111
1114
4378
4299
1113
1115
3412
1117
3411
1116
1119
4380
4301
1118
1120
3414
1122
3413
1121
1124
4382
4303
1123
1125
3416
1127
3415
1126
1129
4384
4305
1128
1130
3417
1131
3418
1132
1133
1134
1135
3419
1136
3420
1137
1138
1139
1140
3421
1143
3422
1144
1141
3406
1142
1145
3297
1185
1146
1186
1147
3424
1148
3425
1149
1150
3300
1192
1151
1193
1152
3426
1153
3427
1154
1155
3303
1199
1156
1157
3428
1158
3429
1159
1200
1160
3306
1206
1161
1162
3430
1163
3431
1164
1165
3309
1166
1167
3432
1168
3433
1169
4307
1170
3312
1171
1172
3434
1173
3435
1174
1175
3315
1176
1177
3436
1178
3437
1179
4313
1180
3318
1181
1182
3438
1187
3439
1188
1183
3423
1184
1189
4317
4309
1190
1191
3442
1194
3443
1195
4396
1196
1197
1198
3446
1202
3445
1201
4392
1207
1204
4388
1203
1205
3448
1208
3449
1209
4311
1210
1211
1212
3452
1216
3451
1215
4386
1213
1214
1218
4390
1220
4315
1217
1219
3454
1222
3455
1223
1221
4319
1224
1225
1226
3458
1230
3457
1229
4394
1227
1228
1232
4398
1234
1235
1231
1233
3460
1236
3461
1237
1238
1239
1240
3463
1243
3464
1244
1241
3440
1242
1245
1246
1247
3466
1248
3467
1249
1250
1251
1252
3468
1253
3469
1254
1255
1256
1257
3470
1258
3471
1259
1260
1261
1262
3472
1263
3473
1264
1265
1266
1267
3474
1268
3475
1269
1270
1271
1272
3476
1273
3477
1274
1275
1276
1277
3478
1278
3479
1279
1280
1281
1282
3480
1285
3481
1286
1283
3465
1284
1287
1288
1289
3483
1290
3484
1291
1292
1293
1294
3485
1295
3486
1296
1297
1298
1299
3487
1300
3488
1301
1302
1303
1304
3490
1306
3489
1305
1308
4400
4321
1307
1309
3492
1311
3491
1310
1313
4402
4323
1312
1314
3494
1316
3493
1315
1318
4404
4325
1317
1319
3496
1321
3495
1320
1323
4406
4327
1322
1324
3498
1328
3497
1327
1325
3482
1326
1330
4408
4329
1329
1331
3501
1333
3500
1332
1335
4410
4331
1334
1336
3503
1338
3502
1337
1340
4412
4333
1339
1341
3505
1343
3504
1342
1345
4414
4335
1344
1346
3507
1348
3506
1347
1350
4416
4337
1349
1351
3509
1353
3508
1352
1355
4418
4339
1354
1356
3511
1358
3510
1357
1360
4420
4341
1359
1361
3513
1363
3512
1362
1365
4422
4343
1364
1366
3515
1370
3514
1369
1367
3499
1368
1372
4424
4345
1371
1373
3518
1375
3517
1374
1377
4426
4347
1376
1378
3520
1380
3519
1379
1382
4428
4349
1381
1383
3522
1385
3521
1384
1387
4430
4351
1386
1388
3524
1390
3523
1389
1392
4432
4353
1391
1393
3526
1395
3525
1394
1397
4434
4355
1396
1398
3528
1400
3527
1399
1402
4436
4357
1401
1403
3530
1405
3529
1404
1407
4438
4359
1406
1408
3532
1412
3531
1411
1409
3516
1410
1414
4440
4361
1413
1415
3535
1417
3534
1416
1419
4442
4363
1418
1420
3537
1422
3536
1421
1424
4444
4365
1423
1425
3539
1427
3538
1426
1429
4446
4367
1428
1430
3541
1432
3540
1431
1434
4448
4369
1433
1435
3543
1437
3542
1436
1439
4450
4371
1438
1440
3545
1442
3544
1441
1444
4452
4373
1443
1445
3547
1447
3546
1446
1449
4454
4375
1448
1450
3549
1454
3548
1453
1451
3533
1452
1456
4456
4377
1455
1457
3552
1459
3551
1458
1461
4458
4379
1460
1462
3554
1464
3553
1463
1466
4460
4381
1465
1467
3556
1469
3555
1468
1471
4462
4383
1470
1472
3558
1474
3557
1473
1476
4464
4385
1475
1477
3559
1478
3560
1479
1480
1481
1482
3561
1483
3562
1484
1485
1486
1487
3563
1488
3564
1489
1490
1491
1492
3565
1495
3566
1496
1493
3550
1494
1497
3441
1537
1498
1538
1499
3568
1500
3569
1501
1502
3444
1544
1503
1545
1504
3570
1505
3571
1506
1507
3447
1551
1508
1509
3572
1510
3573
1511
1552
1512
3450
1558
1513
1514
3574
1515
3575
1516
1517
3453
1518
1519
3576
1520
3577
1521
4387
1522
3456
1523
1524
3578
1525
3579
1526
1527
3459
1528
1529
3580
1530
3581
1531
4393
1532
3462
1533
1534
3582
1539
3583
1540
1535
3567
1536
1541
4397
4389
1542
1543
3586
1546
3587
1547
4476
1548
1549
1550
3590
1554
3589
1553
4472
1559
1556
4468
1555
1557
3592
1560
3593
1561
4391
1562
1563
1564
3596
1568
3595
1567
4466
1565
1566
1570
4470
1572
4395
1569
1571
3598
1574
3599
1575
1573
4399
1576
1577
1578
3602
1582
3601
1581
4474
1579
1580
1584
4478
1586
1587
1583
1585
3604
1588
3605
1589
1590
1591
1592
3607
1595
3608
1596
1593
3584
1594
1597
1598
1599
3610
1600
3611
1601
1602
1603
1604
3612
1605
3613
1606
1607
1608
1609
3614
1610
3615
1611
1612
1613
1614
3616
1615
3617
1616
1617
1618
1619
3618
1620
3619
1621
1622
1623
1624
3620
1625
3621
1626
1627
1628
1629
3622
1630
3623
1631
1632
1633
1634
3624
1637
3625
1638
1635
3609
1636
1639
1640
1641
3627
1642
3628
1643
1644
1645
1646
3629
1647
3630
1648
1649
1650
1651
3632
1653
3631
1652
1655
4480
4401
1654
1656
3634
1658
3633
1657
1660
4482
4403
1659
1661
3636
1663
3635
1662
1665
4484
4405
1664
1666
3638
1668
3637
1667
1670
4486
4407
1669
1671
3640
1673
3639
1672
1675
4488
4409
1674
1676
3642
1680
3641
1679
1677
3626
1678
1682
4490
4411
1681
1683
3645
1685
3644
1684
1687
4492
4413
1686
1688
3647
1690
3646
1689
1692
4494
4415
1691
1693
3649
1695
3648
1694
1697
4496
4417
1696
1698
3651
1700
3650
1699
1702
4498
4419
1701
1703
3653
1705
3652
1704
1707
4500
4421
1706
1708
3655
1710
3654
1709
1712
4502
4423
1711
1713
3657
1715
3656
1714
1717
4504
4425
1716
1718
3659
1722
3658
1721
1719
3643
1720
1724
4506
4427
1723
1725
3662
1727
3661
1726
1729
4508
4429
1728
1730
3664
1732
3663
1731
1734
4510
4431
1733
1735
3666
1737
3665
1736
1739
4512
4433
1738
1740
3668
1742
3667
1741
1744
4514
4435
1743
1745
3670
1747
3669
1746
1749
4516
4437
1748
1750
3672
1752
3671
1751
1754
4518
4439
1753
1755
3674
1757
3673
1756
1759
4520
4441
1758
1760
3676
1764
3675
1763
1761
3660
1762
1766
4522
4443
1765
1767
3679
1769
3678
1768
1771
4524
4445
1770
1772
3681
1774
3680
1773
1776
4526
4447
1775
1777
3683
1779
3682
1778
1781
4528
4449
1780
1782
3685
1784
3684
1783
1786
4530
4451
1785
1787
3687
1789
3686
1788
1791
4532
4453
1790
1792
3689
1794
3688
1793
1796
4534
4455
1795
1797
3691
1799
3690
1798
1801
4536
4457
1800
1802
3693
1806
3692
1805
1803
3677
1804
1808
4538
4459
1807
1809
3696
1811
3695
1810
1813
4540
4461
1812
1814
3698
1816
3697
1815
1818
4542
4463
1817
1819
3700
1821
3699
1820
1823
4544
4465
1822
1824
3701
1825
3702
1826
1827
1828
1829
3703
1830
3704
1831
1832
1833
1834
3705
1835
3706
1836
1837
1838
1839
3707
1840
3708
1841
1842
1843
1844
3709
1847
3710
1848
1845
3694
1846
1849
3585
1889
1850
1890
1851
3712
1852
3713
1853
1854
3588
1896
1855
1897
1856
3714
1857
3715
1858
1859
3591
1903
1860
1861
3716
1862
3717
1863
1904
1864
3594
1910
1865
1866
3718
1867
3719
1868
1869
3597
1870
1871
3720
1872
3721
1873
4467
1874
3600
1875
1876
3722
1877
3723
1878
1879
3603
1880
1881
3724
1882
3725
1883
4473
1884
3606
1885
1886
3726
1891
3727
1892
1887
3711
1888
1893
4477
4469
1894
1895
3730
1898
3731
1899
4556
1900
1901
1902
3734
1906
3733
1905
4552
1911
1908
4548
1907
1909
3736
1912
3737
1913
4471
1914
1915
1916
3740
1920
3739
1919
4546
1917
1918
1922
4550
1924
4475
1921
1923
3742
1926
3743
1927
1925
4479
1928
1929
1930
3746
1934
3745
1933
4554
1931
1932
1936
4558
1938
1939
1935
1937
3748
1940
3749
1941
1942
1943
1944
3751
1947
3752
1948
1945
3728
1946
1949
1950
1951
3754
1952
3755
1953
1954
1955
1956
3756
1957
3757
1958
1959
1960
1961
3758
1962
3759
1963
1964
1965
1966
3760
1967
3761
1968
1969
1970
1971
3762
1972
3763
1973
1974
1975
1976
3764
1977
3765
1978
1979
1980
1981
3766
1982
3767
1983
1984
1985
1986
3768
1989
3769
1990
1987
3753
1988
1991
1992
1993
3771
1994
3772
1995
1996
1997
1998
3774
2000
3773
1999
2002
4560
4481
2001
2003
3776
2005
3775
2004
2007
4562
4483
2006
2008
3778
2010
3777
2009
2012
4564
4485
2011
2013
3780
2015
3779
2014
2017
4566
4487
2016
2018
3782
2020
3781
2019
2022
4568
4489
2021
2023
3784
2025
3783
2024
2027
4570
4491
2026
2028
3786
2032
3785
2031
2029
3770
2030
2034
4572
4493
2033
2035
3789
2037
3788
2036
2039
4574
4495
2038
2040
3791
2042
3790
2041
2044
4576
4497
2043
2045
3793
2047
3792
2046
2049
4578
4499
2048
2050
3795
2052
3794
2051
2054
4580
4501
2053
2055
3797
2057
3796
2056
2059
4582
4503
2058
2060
3799
2062
3798
2061
2064
4584
4505
2063
2065
3801
2067
3800
2066
2069
4586
4507
2068
2070
3803
2074
3802
2073
2071
3787
2072
2076
4588
4509
2075
2077
3806
2079
3805
2078
2081
4590
4511
2080
2082
3808
2084
3807
2083
2086
4592
4513
2085
2087
3810
2089
3809
2088
2091
4594
4515
2090
2092
3812
2094
3811
2093
2096
4596
4517
2095
2097
3814
2099
3813
2098
2101
4598
4519
2100
2102
3816
2104
3815
2103
2106
4600
4521
2105
2107
3818
2109
3817
2108
2111
4602
4523
2110
2112
3820
2116
3819
2115
2113
3804
2114
2118
4604
4525
2117
2119
3823
2121
3822
2120
2123
4606
4527
2122
2124
3825
2126
3824
2125
2128
4608
4529
2127
2129
3827
2131
3826
2130
2133
4610
4531
2132
2134
3829
2136
3828
2135
2138
4612
4533
2137
2139
3831
2141
3830
2140
2143
4614
4535
2142
2144
3833
2146
3832
2145
2148
4616
4537
2147
2149
3835
2151
3834
2150
2153
4618
4539
2152
2154
3837
2158
3836
2157
2155
3821
2156
2160
4620
4541
2159
2161
3840
2163
3839
2162
2165
4622
4543
2164
2166
3842
2168
3841
2167
2170
4624
4545
2169
2171
3843
2172
3844
2173
2174
2175
2176
3845
2177
3846
2178
2179
2180
2181
3847
2182
3848
2183
2184
2185
2186
3849
2187
3850
2188
2189
2190
2191
3851
2192
3852
2193
2194
2195
2196
3853
2199
3854
2200
2197
3838
2198
2201
3729
2241
2202
2242
2203
3856
2204
3857
2205
2206
3732
2248
2207
2249
2208
3858
2209
3859
2210
2211
3735
2255
2212
2213
3860
2214
3861
2215
2256
2216
3738
2262
2217
2218
3862
2219
3863
2220
2221
3741
2222
2223
3864
2224
3865
2225
4547
2226
3744
2227
2228
3866
2229
3867
2230
2231
3747
2232
2233
3868
2234
3869
2235
4553
2236
3750
2237
2238
3870
2243
3871
2244
2239
3855
2240
2245
4557
4549
2246
2247
3874
2250
3875
2251
4636
2252
2253
2254
3878
2258
3877
2257
4632
2263
2260
4628
2259
2261
3880
2264
3881
2265
4551
2266
2267
2268
3884
2272
3883
2271
4626
2269
2270
2274
4630
2276
4555
2273
2275
3886
2278
3887
2279
2277
4559
2280
2281
2282
3890
2286
3889
2285
4634
2283
2284
2288
4638
2290
2291
2287
2289
3892
2292
3893
2293
2294
2295
2296
3895
2299
3896
2300
2297
3872
2298
2301
2302
2303
3898
2304
3899
2305
2306
2307
2308
3900
2309
3901
2310
2311
2312
2313
3902
2314
3903
2315
2316
2317
2318
3904
2319
3905
2320
2321
2322
2323
3906
2324
3907
2325
2326
2327
2328
3908
2329
3909
2330
2331
2332
2333
3910
2334
3911
2335
2336
2337
2338
3912
2341
3913
2342
2339
3897
2340
2343
2344
2345
3916
2347
3915
2346
2349
4640
4561
2348
2350
3918
2352
3917
2351
2354
4642
4563
2353
2355
3920
2357
3919
2356
2359
4644
4565
2358
2360
3922
2362
3921
2361
2364
4646
4567
2363
2365
3924
2367
3923
2366
2369
4648
4569
2368
2370
3926
2372
3925
2371
2374
4650
4571
2373
2375
3928
2377
3927
2376
2379
4652
4573
2378
2380
3930
2384
3929
2383
2381
3914
2382
2386
4654
4575
2385
2387
3933
2389
3932
2388
2391
4656
4577
2390
2392
3935
2394
3934
2393
2396
4658
4579
2395
2397
3937
2399
3936
2398
2401
4660
4581
2400
2402
3939
2404
3938
2403
2406
4662
4583
2405
2407
3941
2409
3940
2408
2411
4664
4585
2410
2412
3943
2414
3942
2413
2416
4666
4587
2415
2417
3945
2419
3944
2418
2421
4668
4589
2420
2422
3947
2426
3946
2425
2423
3931
2424
2428
4670
4591
2427
2429
3950
2431
3949
2430
2433
4672
4593
2432
2434
3952
2436
3951
2435
2438
4674
4595
2437
2439
3954
2441
3953
2440
2443
4676
4597
2442
2444
3956
2446
3955
2445
2448
4678
4599
2447
2449
3958
2451
3957
2450
2453
4680
4601
2452
2454
3960
2456
3959
2455
2458
4682
4603
2457
2459
3962
2461
3961
2460
2463
4684
4605
2462
2464
3964
2468
3963
2467
2465
3948
2466
2470
4686
4607
2469
2471
3967
2473
3966
2472
2475
4688
4609
2474
2476
3969
2478
3968
2477
2480
4690
4611
2479
2481
3971
2483
3970
2482
2485
4692
4613
2484
2486
3973
2488
3972
2487
2490
4694
4615
2489
2491
3975
2493
3974
2492
2495
4696
4617
2494
2496
3977
2498
3976
2497
2500
4698
4619
2499
2501
3979
2503
3978
2502
2505
4700
4621
2504
2506
3981
2510
3980
2509
2507
3965
2508
2512
4702
4623
2511
2513
3984
2515
3983
2514
2517
4704
4625
2516
2518
3985
2519
3986
2520
2521
2522
2523
3987
2524
3988
2525
2526
2527
2528
3989
2529
3990
2530
2531
2532
2533
3991
2534
3992
2535
2536
2537
2538
3993
2539
3994
2540
2541
2542
2543
3995
2544
3996
2545
2546
2547
2548
3997
2551
3998
2552
2549
3982
2550
2553
3873
2593
2554
2594
2555
4000
2556
4001
2557
2558
3876
2559
4633
2560
4002
2561
4003
2562
2563
3879
2564
2565
4004
2566
4005
2567
2568
3882
2569
4627
2570
4006
2571
4007
2572
2573
3885
2574
2575
4008
2576
4009
2577
2578
3888
2579
2580
4010
2581
4011
2582
4631
2583
3891
2584
2585
4012
2586
4013
2587
2588
3894
2589
2590
4015
2596
4014
2595
4637
2591
3999
2592
2598
2946
2600
2601
2597
2599
4018
2602
4019
2603
4629
2604
2605
2950
2607
2606
4022
2610
4021
2609
2608
2612
2954
2614
2615
2611
2613
4024
2616
4025
2617
2618
4635
2619
2958
2621
2620
4028
2624
4027
2623
2626
2962
2628
2622
2629
2625
2627
4030
2630
4031
2631
4639
2632
2633
2966
2635
2634
4034
2638
4033
2637
2636
2640
2970
2642
2643
2639
2641
4036
2644
4037
2645
2646
2647
2974
2648
4039
2651
4040
2652
4641
2649
4016
2650
2653
2654
2978
2655
4042
2656
4043
2657
2658
2659
2981
2660
4044
2661
4045
2662
2663
2664
2984
2665
4046
2666
4047
2667
2668
2669
2987
2670
4048
2671
4049
2672
2673
2674
2990
2675
4050
2676
4051
2677
2678
2679
2993
2680
4052
2681
4053
2682
2683
2684
2996
2685
4054
2686
4055
2687
2688
2689
2999
2690
4056
2693
4057
2694
2691
4041
2692
2695
2696
3003
2697
4060
2699
4059
2698
2701
3006
4643
2700
2702
4062
2704
4061
2703
2706
3009
4645
2705
2707
4064
2709
4063
2708
2711
3012
4647
2710
2712
4066
2714
4065
2713
2716
3015
4649
2715
2717
4068
2719
4067
2718
2721
3018
4651
2720
2722
4070
2724
4069
2723
2726
3021
4653
2725
2727
4072
2729
4071
2728
2731
3024
4655
2730
2732
4074
2736
4073
2735
2733
4058
2734
2738
3028
4657
2737
2739
4077
2741
4076
2740
2743
3031
4659
2742
2744
4079
2746
4078
2745
2748
3034
4661
2747
2749
4081
2751
4080
2750
2753
3037
4663
2752
2754
4083
2756
4082
2755
2758
3040
4665
2757
2759
4085
2761
4084
2760
2763
3043
4667
2762
2764
4087
2766
4086
2765
2768
3046
4669
2767
2769
4089
2771
4088
2770
2773
3049
4671
2772
2774
4091
2778
4090
2777
2775
4075
2776
2780
3053
4673
2779
2781
4094
2783
4093
2782
2785
3056
4675
2784
2786
4096
2788
4095
2787
2790
3059
4677
2789
2791
4098
2793
4097
2792
2795
3062
4679
2794
2796
4100
2798
4099
2797
2800
3065
4681
2799
2801
4102
2803
4101
2802
2805
3068
4683
2804
2806
4104
2808
4103
2807
2810
3071
4685
2809
2811
4106
2813
4105
2812
2815
3074
4687
2814
2816
4108
2820
4107
2819
2817
4092
2818
2822
3078
4689
2821
2823
4111
2825
4110
2824
2827
3081
4691
2826
2828
4113
2830
4112
2829
2832
3084
4693
2831
2833
4115
2835
4114
2834
2837
3087
4695
2836
2838
4117
2840
4116
2839
2842
3090
4697
2841
2843
4119
2845
4118
2844
2847
3093
4699
2846
2848
4121
2850
4120
2849
2852
3096
4701
2851
2853
4123
2855
4122
2854
2857
3099
4703
2856
2858
4125
2862
4124
2861
2859
4109
2860
2864
3103
4705
2863
2865
4127
2866
4128
2867
2868
2869
3106
2870
4129
2871
4130
2872
2873
2874
3109
2875
4131
2876
4132
2877
2878
2879
3112
2880
4133
2881
4134
2882
2883
2884
3115
2885
4135
2886
4136
2887
2888
2889
3118
2890
4137
2891
4138
2892
2893
2894
3121
2895
4139
2896
4140
2897
2898
2899
3124
2900
4141
2903
4142
2904
2901
4126
2902
2905
4017
2906
3128
2907
4144
2908
4145
2909
2910
4020
2911
3131
2912
4146
2913
4147
2914
2915
4023
2916
3134
2917
4148
2918
4149
2919
2920
4026
2921
3137
2922
4150
2923
4151
2924
2925
4029
2926
3140
2927
4152
2928
4153
2929
2930
4032
2931
3143
2932
4154
2933
4155
2934
2935
4035
2936
3146
2937
4156
2938
4157
2939
2940
4038
2941
3149
2942
4158
4159
2943
4143
