2
3
80
81
84
85
1790
82
83
87
88
1791
4
5
8
9
1752
0
10
1754
6
7
11
12
1753
1
13
1751
1755
18
19
26
27
1760
15
28
1764
20
21
29
30
1761
14
31
1757
1765
22
23
32
33
1762
17
34
1749
1766
24
25
35
36
1763
16
37
1750
1759
1767
42
43
50
51
1772
39
52
1776
44
45
53
54
1773
38
55
1769
1777
46
47
56
57
1774
41
58
1756
1778
48
49
59
60
1775
40
61
1758
1771
1779
68
69
72
73
1784
70
71
75
76
1785
94
95
102
103
1798
96
97
2580
105
106
1799
98
99
2582
108
109
1800
288
289
290
291
292
293
294
295
296
297
298
299
300
301
1896
2584
303
304
1897
2586
306
307
1898
2588
309
310
1899
2590
312
313
1900
2592
315
316
1901
329
330
331
332
333
334
335
336
337
338
339
340
341
342
343
344
345
346
1916
2594
348
349
1917
2596
351
352
1918
2598
354
355
1919
2600
357
358
1920
2602
360
361
1921
2604
363
364
1922
2606
366
367
1923
377
378
379
380
381
382
383
384
385
386
387
388
389
390
391
392
2608
393
394
1940
2610
396
397
1941
2612
399
400
1942
2614
402
403
1943
2616
405
406
1944
2618
408
409
1945
2620
411
412
1946
2622
414
415
1947
425
426
427
428
429
430
431
432
433
434
435
436
437
438
439
440
2624
441
442
1964
2626
444
445
1965
2628
447
448
1966
2630
450
451
1967
2632
453
454
1968
2634
456
457
1969
2636
459
460
1970
2638
462
463
1971
100
101
2640
2642
2644
111
112
1801
118
119
2646
126
127
1810
120
121
2648
129
130
1811
122
123
2650
132
133
1812
142
143
2652
150
151
1822
124
125
2654
135
136
1813
146
147
2656
156
157
1824
144
145
2658
153
154
1823
148
149
2660
159
160
1825
473
474
2662
489
490
1988
477
478
2664
495
496
1990
475
476
2666
492
493
1989
481
482
2668
501
502
1992
479
480
2670
498
499
1991
521
522
529
530
537
538
485
486
2672
507
508
1994
483
484
2674
504
505
1993
523
524
545
546
531
532
539
540
547
548
2676
553
554
2012
2678
556
557
2013
2680
565
566
2016
2682
568
569
2017
2684
577
578
2020
2686
580
581
2021
2688
589
590
2024
2690
592
593
2025
487
488
2692
510
511
1995
525
526
2694
559
560
2014
166
167
2696
174
175
1834
533
534
2698
571
572
2018
170
171
2700
180
181
1836
541
542
2702
583
584
2022
549
550
2704
595
596
2026
527
528
2706
562
563
2015
168
169
2708
177
178
1835
535
536
2710
574
575
2019
172
173
2712
183
184
1837
543
544
2714
586
587
2023
551
552
2716
598
599
2027
609
610
190
191
2718
198
199
1846
611
612
2720
641
642
2052
2722
644
645
2053
617
618
2724
653
654
2056
192
193
2726
201
202
1847
194
195
2728
204
205
1848
613
614
2730
647
648
2054
619
620
2732
656
657
2057
625
626
2734
665
666
2060
196
197
2736
207
208
1849
214
215
2738
222
223
1858
615
616
2740
650
651
2055
621
622
2742
659
660
2058
627
628
2744
668
669
2061
633
634
2746
677
678
2064
218
219
2748
228
229
1860
216
217
2750
225
226
1859
697
698
623
624
2752
662
663
2059
2754
729
730
2092
778
779
2756
780
781
2125
784
785
786
787
2128
790
791
2758
792
793
2131
796
797
2760
798
799
2134
802
803
2762
804
805
2137
808
809
2764
810
811
2140
814
815
2766
816
817
2143
820
821
2768
822
823
2146
826
827
2770
828
829
2149
832
833
2772
834
835
2152
838
839
2774
840
841
2155
844
845
2776
846
847
2158
850
851
2778
852
853
2161
856
857
2780
858
859
2164
862
863
2782
864
865
2167
868
869
2784
870
871
2170
893
894
629
630
2786
2788
671
672
2062
635
636
2790
680
681
2065
220
221
2792
231
232
1861
238
239
2794
246
247
1870
699
700
2796
732
733
2093
895
896
901
902
631
632
2798
674
675
2063
637
638
2800
683
684
2066
242
243
2802
252
253
1872
240
241
2804
249
250
1871
244
245
2806
255
256
1873
701
702
2808
735
736
2094
639
640
2810
686
687
2067
703
704
2812
738
739
2095
2814
925
926
2188
2816
928
929
2189
2818
937
938
2192
705
706
2820
741
742
2096
707
708
2822
744
745
2097
903
904
2824
940
941
2193
897
898
2826
931
932
2190
909
910
2828
949
950
2196
709
710
2830
747
748
2098
711
712
2832
750
751
2099
713
714
2834
753
754
2100
715
716
2836
756
757
2101
905
906
2838
943
944
2194
911
912
2840
952
953
2197
899
900
2842
934
935
2191
917
918
2844
961
962
2200
717
718
2846
759
760
2102
719
720
2848
762
763
2103
721
722
2850
765
766
2104
1062
1063
2852
1064
1065
2261
1068
1069
1070
1071
2264
1074
1075
2854
1076
1077
2267
1080
1081
2856
1082
1083
2270
1086
1087
2858
1088
1089
2273
1092
1093
2860
1094
1095
2276
1098
1099
2862
1100
1101
2279
1104
1105
2864
1106
1107
2282
1110
1111
2866
1112
1113
2285
1116
1117
2868
1118
1119
2288
1122
1123
2870
1124
1125
2291
1128
1129
2872
1130
1131
2294
1134
1135
2874
1136
1137
2297
1140
1141
2876
1142
1143
2300
1146
1147
2878
1148
1149
2303
1152
1153
2880
1154
1155
2306
723
724
2882
2884
768
769
2105
907
908
2886
946
947
2195
913
914
2888
955
956
2198
919
920
2890
964
965
2201
981
982
2892
1013
1014
2228
725
726
2894
771
772
2106
727
728
2896
774
775
2107
915
916
2898
958
959
2199
921
922
2900
967
968
2202
983
984
2902
1016
1017
2229
923
924
2904
970
971
2203
985
986
2906
1019
1020
2230
987
988
2908
1022
1023
2231
989
990
2910
1025
1026
2232
1177
1178
2912
1193
1194
2324
991
992
2914
1028
1029
2233
993
994
2916
1031
1032
2234
995
996
2918
1034
1035
2235
997
998
2920
1037
1038
2236
1179
1180
2922
1196
1197
2325
1181
1182
2924
1199
1200
2326
999
1000
2926
1040
1041
2237
1001
1002
2928
1043
1044
2238
1003
1004
2930
1046
1047
2239
1005
1006
2932
1049
1050
2240
1183
1184
2934
1202
1203
2327
1185
1186
2936
1205
1206
2328
1225
1226
2938
1257
1258
2348
1007
1008
2940
1052
1053
2241
1009
1010
2942
1055
1056
2242
1011
1012
2944
1058
1059
2243
1187
1188
2946
1208
1209
2329
1189
1190
2948
1211
1212
2330
1227
1228
2950
1260
1261
2349
1233
1234
2952
1269
1270
2352
1191
1192
2954
1214
1215
2331
1235
1236
2956
1272
1273
2353
1229
1230
2958
1263
1264
2350
1241
1242
2960
1281
1282
2356
1237
1238
2962
1275
1276
2354
1243
1244
2964
1284
1285
2357
1231
1232
2966
1266
1267
2351
1249
1250
2968
1293
1294
2360
1313
1314
2970
1345
1346
2388
1239
1240
2972
1278
1279
2355
1245
1246
2974
1287
1288
2358
1251
1252
2976
1296
1297
2361
1315
1316
2978
1348
1349
2389
1321
1322
2980
1357
1358
2392
1247
1248
2982
1290
1291
2359
1253
1254
2984
1299
1300
2362
1323
1324
2986
1360
1361
2393
1317
1318
2988
1351
1352
2390
1329
1330
2990
1369
1370
2396
1255
1256
2992
1302
1303
2363
1325
1326
2994
1363
1364
2394
1331
1332
2996
1372
1373
2397
1319
1320
2998
1354
1355
2391
1337
1338
3000
1381
1382
2400
1327
1328
3002
1366
1367
2395
1333
1334
3004
1375
1376
2398
1339
1340
3006
1384
1385
2401
1401
1402
3008
1433
1434
2428
1335
1336
3010
1378
1379
2399
1341
1342
3012
1387
1388
2402
1403
1404
3014
1436
1437
2429
1409
1410
3016
1445
1446
2432
1343
1344
3018
1390
1391
2403
1405
1406
3020
1439
1440
2430
1411
1412
3022
1448
1449
2433
1407
1408
3024
1442
1443
2431
1413
1414
3026
1451
1452
2434
1489
1490
3028
1521
1522
2468
1417
1418
3030
1457
1458
2436
1415
1416
3032
1454
1455
2435
1419
1420
3034
1460
1461
2437
1491
1492
3036
1524
1525
2469
1497
1498
3038
1533
1534
2472
1421
1422
3040
1463
1464
2438
1425
1426
3042
1469
1470
2440
1423
1424
3044
1466
1467
2439
1427
1428
3046
1472
1473
2441
1499
1500
3048
1536
1537
2473
1493
1494
3050
1527
1528
2470
1505
1506
3052
1545
1546
2476
1429
1430
3054
1475
1476
2442
1431
1432
3056
1478
1479
2443
1501
1502
3058
1539
1540
2474
1507
1508
3060
1548
1549
2477
1495
1496
3062
1530
1531
2471
1513
1514
3064
1557
1558
2480
1503
1504
3066
1542
1543
2475
1509
1510
3068
1551
1552
2478
1515
1516
3070
1560
1561
2481
1577
1578
3072
1609
1610
2508
1579
1580
3074
1612
1613
2509
1585
1586
3076
1621
1622
2512
1511
1512
3078
1554
1555
2479
1517
1518
3080
1563
1564
2482
1587
1588
3082
1624
1625
2513
1581
1582
3084
1615
1616
2510
1593
1594
3086
1633
1634
2516
1519
1520
3088
1566
1567
2483
1589
1590
3090
1627
1628
2514
1595
1596
3092
1636
1637
2517
1583
1584
3094
1618
1619
2511
1601
1602
3096
1645
1646
2520
1591
1592
3098
1630
1631
2515
1597
1598
3100
1639
1640
2518
1603
1604
3102
1648
1649
2521
1665
1666
3104
1697
1698
2548
1673
1674
3106
1709
1710
2552
1681
1682
3108
1721
1722
2556
1689
1690
3110
1733
1734
2560
1667
1668
3112
1700
1701
2549
1675
1676
3114
1712
1713
2553
1683
1684
3116
1724
1725
2557
1691
1692
3118
1736
1737
2561
1599
1600
3120
1642
1643
2519
1605
1606
3122
1651
1652
2522
1669
1670
3124
1703
1704
2550
1677
1678
3126
1715
1716
2554
1685
1686
3128
1727
1728
2558
1693
1694
3130
1739
1740
2562
1607
1608
3132
1654
1655
2523
1671
1672
3134
1706
1707
2551
1679
1680
3136
1718
1719
2555
1687
1688
3138
1730
1731
2559
1695
1696
3140
1742
1743
2563
262
263
3142
3144
3146
270
271
1882
266
267
3148
276
277
1884
264
265
3150
273
274
1883
268
269
3152
279
280
1885
64
65
66
67
62
74
1786
63
77
1787
78
3147
86
1792
79
3145
89
1782
1783
1793
91
2581
104
1802
3154
3156
3158
90
2583
107
1788
1795
1803
93
2645
110
1780
1804
92
3159
2647
113
1781
1789
1797
1805
115
2649
128
1814
114
2651
131
1807
1815
117
2653
134
1816
116
2657
137
1809
1817
139
2655
152
1826
138
2661
155
1794
1819
1827
466
2665
491
1996
468
2667
497
1998
470
2671
503
2000
472
2675
509
2002
163
2699
176
1838
165
2703
182
1840
3160
3162
3164
3166
3168
141
2659
158
1806
1828
140
2663
161
1796
1808
1821
1829
465
2669
494
1981
1997
467
2673
500
1983
1999
469
3169
2677
506
1985
2001
471
3167
2695
512
1987
2003
162
3165
2711
179
1831
1839
164
3163
2715
185
1833
1841
187
2721
200
1850
186
2729
3157
203
1768
1843
1851
189
2731
206
1830
1852
188
2739
3155
209
1770
1832
1845
1853
211
2741
224
1862
210
2753
227
1855
1863
235
2797
248
1874
237
2805
254
1854
1876
213
2751
230
1842
1864
212
2795
233
1844
1857
1865
234
2807
251
1867
1875
236
2809
257
1856
1869
1877
259
3149
272
1886
261
3151
278
1866
1888
258
3153
275
1879
1887
260
281
1868
1881
1889
283
2585
302
1902
282
2587
305
1891
1903
285
2589
308
1904
284
2591
311
1893
1905
287
2593
314
1906
286
2643
317
1895
1907
322
2595
347
1924
321
2597
350
1909
1925
324
2599
353
1926
323
2601
356
1911
1927
326
2603
359
1928
325
2605
362
1913
1929
328
2607
365
1930
327
2609
368
1915
1931
370
2611
395
1948
369
2613
398
1933
1949
372
2615
401
1950
371
2617
404
1935
1951
374
2619
407
1952
373
2621
410
1937
1953
376
2623
413
1954
375
2625
416
1939
1955
418
2627
443
1972
417
2629
446
1957
1973
420
2631
449
1974
419
2633
452
1959
1975
422
2635
455
1976
421
2637
458
1961
1977
424
2639
461
1878
1978
423
2641
464
1880
1963
1979
318
1890
319
1892
320
1894
514
2679
555
2028
2681
558
2029
2697
561
2030
513
2709
564
2005
2031
602
2723
643
2068
604
2727
655
2072
606
2737
667
2076
608
2749
679
2080
516
2683
567
2032
2685
570
2033
2701
573
2034
515
2713
576
2007
2035
2725
646
2069
2735
658
2073
2747
670
2077
2793
682
2081
518
2687
579
2036
2689
582
2037
2705
585
2038
517
2717
588
2009
2039
2733
649
2070
2745
661
2074
2791
673
2078
2803
685
2082
520
2691
591
1980
2040
2693
594
1982
2041
2707
597
1984
2042
519
2719
600
1986
2011
2043
601
2743
652
2045
2071
603
2755
664
2047
2075
605
2801
676
2049
2079
607
2813
688
2051
2083
690
2757
731
2108
2799
734
2109
2811
737
2110
689
2815
740
1908
2085
2111
777
2789
782
2126
801
2765
806
2138
825
2773
830
2150
849
2781
854
2084
2162
873
874
875
2124
2136
2148
2160
2173
692
2823
743
2112
2825
746
2113
2833
749
2114
691
2835
752
1910
2087
2115
783
2759
788
2129
807
2767
812
2141
831
2775
836
2153
855
2783
860
2086
2165
876
877
878
2127
2139
2151
2163
2175
694
2837
755
2116
2839
758
2117
2849
761
2118
693
2851
764
1912
2089
2119
696
2853
767
2044
2120
2887
770
2046
2121
2897
773
2048
2122
695
2899
776
1914
2050
2091
2123
789
2761
794
2132
813
2769
818
2144
837
2777
842
2156
861
2785
866
2088
2168
879
880
881
2130
2142
2154
2166
2177
795
2763
800
2135
819
2771
824
2147
843
2779
848
2159
867
2787
872
2090
2171
882
883
884
2133
2145
2157
2169
2179
886
2817
927
2204
2819
930
2205
2829
933
2206
885
2845
936
2172
2181
2207
888
2821
939
2208
2827
942
2209
2841
945
2210
887
2889
948
2174
2183
2211
890
2831
951
2212
2843
954
2213
2891
957
2214
889
2901
960
2176
2185
2215
892
2847
963
2004
2216
2893
966
2006
2217
2903
969
2008
2218
891
2907
972
2010
2178
2187
2219
974
2895
1015
2244
2905
1018
2245
2909
1021
2246
973
2911
1024
1932
2221
2247
1061
2885
1066
2262
1085
2861
1090
2274
1109
2869
1114
2286
1133
2877
1138
2220
2298
1157
3170
3172
3174
3176
3178
1158
1159
2260
2272
2284
2296
2309
976
2913
1027
2248
2917
1030
2249
2919
1033
2250
975
2921
1036
1934
2223
2251
1067
2855
1072
2265
1091
2863
1096
2277
1115
2871
1120
2289
1139
2879
1144
2222
2301
1160
3180
1161
1162
2263
2275
2287
2299
2311
978
2923
1039
2252
2929
1042
2253
2931
1045
2254
977
2933
1048
1936
2225
2255
1073
2857
1078
2268
1097
2865
1102
2280
1121
2873
1126
2292
1145
2881
1150
2224
2304
1163
3182
1164
1165
2266
2278
2290
2302
2313
980
2935
1051
2180
2256
2943
1054
2182
2257
2945
1057
2184
2258
979
2947
1060
1938
2186
2227
2259
1079
2859
1084
2271
1103
2867
1108
2283
1127
2875
1132
2295
1151
2883
1156
2226
2307
1166
1167
1168
2269
2281
2293
2305
2315
3184
1170
3161
2915
1195
2332
1169
3186
3181
3179
2925
1198
2308
2317
2333
1172
2927
1201
2334
1171
3188
3190
3183
2937
1204
2310
2319
2335
1174
3191
2939
1207
2336
1173
3192
3187
2949
1210
2312
2321
2337
1176
2951
1213
1818
2338
1175
3185
2957
1216
1820
2314
2323
2339
1218
3189
2941
1259
2364
3193
2953
1262
2365
2961
1265
2366
1217
2969
1268
2341
2367
1220
2955
1271
2368
2959
1274
2369
2965
1277
2370
1219
2975
1280
2343
2371
1222
2963
1283
2372
2967
1286
2373
2977
1289
2374
3194
1221
2985
1292
2345
2375
1224
2971
1295
2316
2376
2979
1298
2318
2377
2987
1301
2320
2378
1223
2995
1304
2322
2347
2379
1306
2973
1347
2404
3195
2981
1350
2405
2991
1353
2406
1305
3001
3177
1356
1956
2381
2407
1308
2983
1359
2408
2989
1362
2409
2997
1365
2410
1307
3005
3175
1368
1958
2383
2411
1310
2993
1371
2412
2999
1374
2413
3007
1377
2414
3196
1309
3013
3173
1380
1960
2385
2415
1312
3003
1383
2340
2416
3009
1386
2342
2417
3015
1389
2344
2418
1311
3021
3171
1392
1962
2346
2387
2419
1394
3011
1435
2444
3197
3017
1438
2445
3023
1441
2446
1393
3027
1444
2421
2447
1396
3019
1447
2448
3025
1450
2449
3029
1453
2450
3198
3200
3202
1395
3035
1456
2423
2451
1482
3031
1523
2484
3039
1526
2485
3204
3206
1398
3203
3033
1459
2452
3208
3201
3037
1462
2453
3210
3199
3043
1465
2454
3212
3214
1397
3047
1468
2425
2455
3215
3053
1529
2486
3216
1400
3209
3045
1471
2380
2456
3211
3049
1474
2382
2457
3213
3057
1477
2384
2458
3218
1399
3059
1480
2386
2427
2459
1481
3219
3065
1532
2461
2487
1484
3220
3207
3041
1535
2488
3222
3205
3051
1538
2489
3224
3217
3061
1541
2490
3226
1483
3069
1544
2463
2491
1486
3228
3223
3055
1547
2492
3230
3225
3063
1550
2493
3232
3227
3071
1553
2494
3234
1485
3081
1556
2465
2495
1488
3236
3231
3067
1559
2420
2496
3233
3073
1562
2422
2497
3235
3083
1565
2424
2498
1487
3091
1568
2426
2467
2499
1570
3221
3075
1611
2524
3238
3229
3077
1614
2525
3240
3237
3087
1617
2526
3242
1569
3097
1620
2501
2527
1572
3244
3239
3079
1623
2528
3246
3241
3085
1626
2529
3248
3243
3093
1629
2530
3250
1571
3101
1632
2503
2531
1574
3252
3247
3089
1635
2532
3254
3249
3095
1638
2533
3256
3251
3103
1641
2534
3258
1573
3123
1644
2505
2535
1576
3260
3255
3099
1647
2460
2536
3257
3105
1650
2462
2537
3259
3125
1653
2464
2538
1575
3135
1656
2466
2507
2539
1658
3245
3107
1699
2564
3253
3115
1702
2565
3262
3261
3127
1705
2566
3264
1657
3137
1708
2541
2567
1745
2540
1660
3109
1711
2568
3263
3117
1714
2569
3266
3265
3129
1717
2570
3268
1659
3139
1720
2543
2571
1746
2542
1662
3111
1723
2572
3267
3119
1726
2573
3270
3269
3131
1729
2574
3272
1661
3141
1732
2545
2575
1747
2544
1664
3113
1735
2500
2576
3271
3121
1738
2502
2577
3273
3133
1741
2504
2578
1663
3143
1744
2506
2547
2579
1748
2546
