2
3
4
5
6
7
8
9
1752
0
10
1754
11
12
1753
1
13
1751
1755
18
19
20
21
22
23
24
25
26
27
1760
15
28
1764
29
30
1761
14
31
1757
1765
32
33
1762
17
34
1749
1766
35
36
1763
16
37
1750
1759
1767
42
43
44
45
46
47
48
49
50
51
1772
39
52
1776
53
54
1773
38
55
1769
1777
56
57
1774
41
58
1756
1778
59
60
1775
40
61
1758
1771
1779
64
65
66
67
68
69
70
71
72
73
1784
62
74
1786
75
76
1785
63
77
1787
80
81
82
83
84
85
1790
78
86
1792
87
88
1791
79
89
1782
1783
1793
94
95
96
97
98
99
100
101
102
103
1798
91
104
1802
105
106
1799
90
107
1788
1795
1803
108
109
1800
93
110
1780
1804
111
112
1801
92
113
1781
1789
1797
1805
118
119
120
121
122
123
124
125
126
127
1810
115
128
1814
129
130
1811
114
131
1807
1815
132
133
1812
117
134
1816
135
136
1813
116
137
1809
1817
142
143
144
145
146
147
148
149
150
151
1822
139
152
1826
153
154
1823
138
155
1794
1819
1827
156
157
1824
141
158
1806
1828
159
160
1825
140
161
1796
1808
1821
1829
166
167
168
169
170
171
172
173
174
175
1834
163
176
1838
177
178
1835
162
179
1831
1839
180
181
1836
165
182
1840
183
184
1837
164
185
1833
1841
190
191
192
193
194
195
196
197
198
199
1846
187
200
1850
201
202
1847
186
203
1768
1843
1851
204
205
1848
189
206
1830
1852
207
208
1849
188
209
1770
1832
1845
1853
214
215
216
217
218
219
220
221
222
223
1858
211
224
1862
225
226
1859
210
227
1855
1863
228
229
1860
213
230
1842
1864
231
232
1861
212
233
1844
1857
1865
238
239
240
241
242
243
244
245
246
247
1870
235
248
1874
249
250
1871
234
251
1867
1875
252
253
1872
237
254
1854
1876
255
256
1873
236
257
1856
1869
1877
262
263
264
265
266
267
268
269
270
271
1882
259
272
1886
273
274
1883
258
275
1879
1887
276
277
1884
261
278
1866
1888
279
280
1885
260
281
1868
1881
1889
288
289
290
291
292
293
294
295
296
297
298
299
300
301
1896
283
302
1902
303
304
1897
282
305
1891
1903
306
307
1898
285
308
1904
309
310
1899
284
311
1893
1905
312
313
1900
287
314
1906
315
316
1901
286
317
1895
1907
318
1890
319
1892
320
1894
329
330
331
332
333
334
335
336
337
338
339
340
341
342
343
344
345
346
1916
322
347
1924
348
349
1917
321
350
1909
1925
351
352
1918
324
353
1926
354
355
1919
323
356
1911
1927
357
358
1920
326
359
1928
360
361
1921
325
362
1913
1929
363
364
1922
328
365
1930
366
367
1923
327
368
1915
1931
377
378
379
380
381
382
383
384
385
386
387
388
389
390
391
392
393
394
1940
370
395
1948
396
397
1941
369
398
1933
1949
399
400
1942
372
401
1950
402
403
1943
371
404
1935
1951
405
406
1944
374
407
1952
408
409
1945
373
410
1937
1953
411
412
1946
376
413
1954
414
415
1947
375
416
1939
1955
425
426
427
428
429
430
431
432
433
434
435
436
437
438
439
440
441
442
1964
418
443
1972
444
445
1965
417
446
1957
1973
447
448
1966
420
449
1974
450
451
1967
419
452
1959
1975
453
454
1968
422
455
1976
456
457
1969
421
458
1961
1977
459
460
1970
424
461
1878
1978
462
463
1971
423
464
1880
1963
1979
473
474
475
476
477
478
479
480
481
482
483
484
485
486
487
488
489
490
1988
466
491
1996
492
493
1989
465
494
1981
1997
495
496
1990
468
497
1998
498
499
1991
467
500
1983
1999
501
502
1992
470
503
2000
504
505
1993
469
506
1985
2001
507
508
1994
472
509
2002
510
511
1995
471
512
1987
2003
521
522
523
524
525
526
527
528
529
530
531
532
533
534
535
536
537
538
539
540
541
542
543
544
545
546
547
548
549
550
551
552
553
554
2012
514
555
2028
556
557
2013
558
2029
559
560
2014
561
2030
562
563
2015
513
564
2005
2031
565
566
2016
516
567
2032
568
569
2017
570
2033
571
572
2018
573
2034
574
575
2019
515
576
2007
2035
577
578
2020
518
579
2036
580
581
2021
582
2037
583
584
2022
585
2038
586
587
2023
517
588
2009
2039
589
590
2024
520
591
1980
2040
592
593
2025
594
1982
2041
595
596
2026
597
1984
2042
598
599
2027
519
600
1986
2011
2043
609
610
611
612
613
614
615
616
617
618
619
620
621
622
623
624
625
626
627
628
629
630
631
632
633
634
635
636
637
638
639
640
641
642
2052
602
643
2068
644
645
2053
646
2069
647
648
2054
649
2070
650
651
2055
601
652
2045
2071
653
654
2056
604
655
2072
656
657
2057
658
2073
659
660
2058
661
2074
662
663
2059
603
664
2047
2075
665
666
2060
606
667
2076
668
669
2061
670
2077
671
672
2062
673
2078
674
675
2063
605
676
2049
2079
677
678
2064
608
679
2080
680
681
2065
682
2081
683
684
2066
685
2082
686
687
2067
607
688
2051
2083
697
698
699
700
701
702
703
704
705
706
707
708
709
710
711
712
713
714
715
716
717
718
719
720
721
722
723
724
725
726
727
728
729
730
2092
690
731
2108
732
733
2093
734
2109
735
736
2094
737
2110
738
739
2095
689
740
1908
2085
2111
741
742
2096
692
743
2112
744
745
2097
746
2113
747
748
2098
749
2114
750
751
2099
691
752
1910
2087
2115
753
754
2100
694
755
2116
756
757
2101
758
2117
759
760
2102
761
2118
762
763
2103
693
764
1912
2089
2119
765
766
2104
696
767
2044
2120
768
769
2105
770
2046
2121
771
772
2106
773
2048
2122
774
775
2107
695
776
1914
2050
2091
2123
778
779
780
781
2125
777
782
2126
784
785
786
787
2128
783
788
2129
790
791
792
793
2131
789
794
2132
796
797
798
799
2134
795
800
2135
802
803
804
805
2137
801
806
2138
808
809
810
811
2140
807
812
2141
814
815
816
817
2143
813
818
2144
820
821
822
823
2146
819
824
2147
826
827
828
829
2149
825
830
2150
832
833
834
835
2152
831
836
2153
838
839
840
841
2155
837
842
2156
844
845
846
847
2158
843
848
2159
850
851
852
853
2161
849
854
2084
2162
856
857
858
859
2164
855
860
2086
2165
862
863
864
865
2167
861
866
2088
2168
868
869
870
871
2170
867
872
2090
2171
873
874
875
2124
2136
2148
2160
2173
876
877
878
2127
2139
2151
2163
2175
879
880
881
2130
2142
2154
2166
2177
882
883
884
2133
2145
2157
2169
2179
893
894
895
896
897
898
899
900
901
902
903
904
905
906
907
908
909
910
911
912
913
914
915
916
917
918
919
920
921
922
923
924
925
926
2188
886
927
2204
928
929
2189
930
2205
931
932
2190
933
2206
934
935
2191
885
936
2172
2181
2207
937
938
2192
888
939
2208
940
941
2193
942
2209
943
944
2194
945
2210
946
947
2195
887
948
2174
2183
2211
949
950
2196
890
951
2212
952
953
2197
954
2213
955
956
2198
957
2214
958
959
2199
889
960
2176
2185
2215
961
962
2200
892
963
2004
2216
964
965
2201
966
2006
2217
967
968
2202
969
2008
2218
970
971
2203
891
972
2010
2178
2187
2219
981
982
983
984
985
986
987
988
989
990
991
992
993
994
995
996
997
998
999
1000
1001
1002
1003
1004
1005
1006
1007
1008
1009
1010
1011
1012
1013
1014
2228
974
1015
2244
1016
1017
2229
1018
2245
1019
1020
2230
1021
2246
1022
1023
2231
973
1024
1932
2221
2247
1025
1026
2232
976
1027
2248
1028
1029
2233
1030
2249
1031
1032
2234
1033
2250
1034
1035
2235
975
1036
1934
2223
2251
1037
1038
2236
978
1039
2252
1040
1041
2237
1042
2253
1043
1044
2238
1045
2254
1046
1047
2239
977
1048
1936
2225
2255
1049
1050
2240
980
1051
2180
2256
1052
1053
2241
1054
2182
2257
1055
1056
2242
1057
2184
2258
1058
1059
2243
979
1060
1938
2186
2227
2259
1062
1063
1064
1065
2261
1061
1066
2262
1068
1069
1070
1071
2264
1067
1072
2265
1074
1075
1076
1077
2267
1073
1078
2268
1080
1081
1082
1083
2270
1079
1084
2271
1086
1087
1088
1089
2273
1085
1090
2274
1092
1093
1094
1095
2276
1091
1096
2277
1098
1099
1100
1101
2279
1097
1102
2280
1104
1105
1106
1107
2282
1103
1108
2283
1110
1111
1112
1113
2285
1109
1114
2286
1116
1117
1118
1119
2288
1115
1120
2289
1122
1123
1124
1125
2291
1121
1126
2292
1128
1129
1130
1131
2294
1127
1132
2295
1134
1135
1136
1137
2297
1133
1138
2220
2298
1140
1141
1142
1143
2300
1139
1144
2222
2301
1146
1147
1148
1149
2303
1145
1150
2224
2304
1152
1153
1154
1155
2306
1151
1156
2226
2307
1157
1158
1159
2260
2272
2284
2296
2309
1160
1161
1162
2263
2275
2287
2299
2311
1163
1164
1165
2266
2278
2290
2302
2313
1166
1167
1168
2269
2281
2293
2305
2315
1177
1178
1179
1180
1181
1182
1183
1184
1185
1186
1187
1188
1189
1190
1191
1192
1193
1194
2324
1170
1195
2332
1196
1197
2325
1169
1198
2308
2317
2333
1199
1200
2326
1172
1201
2334
1202
1203
2327
1171
1204
2310
2319
2335
1205
1206
2328
1174
1207
2336
1208
1209
2329
1173
1210
2312
2321
2337
1211
1212
2330
1176
1213
1818
2338
1214
1215
2331
1175
1216
1820
2314
2323
2339
1225
1226
1227
1228
1229
1230
1231
1232
1233
1234
1235
1236
1237
1238
1239
1240
1241
1242
1243
1244
1245
1246
1247
1248
1249
1250
1251
1252
1253
1254
1255
1256
1257
1258
2348
1218
1259
2364
1260
1261
2349
1262
2365
1263
1264
2350
1265
2366
1266
1267
2351
1217
1268
2341
2367
1269
1270
2352
1220
1271
2368
1272
1273
2353
1274
2369
1275
1276
2354
1277
2370
1278
1279
2355
1219
1280
2343
2371
1281
1282
2356
1222
1283
2372
1284
1285
2357
1286
2373
1287
1288
2358
1289
2374
1290
1291
2359
1221
1292
2345
2375
1293
1294
2360
1224
1295
2316
2376
1296
1297
2361
1298
2318
2377
1299
1300
2362
1301
2320
2378
1302
1303
2363
1223
1304
2322
2347
2379
1313
1314
1315
1316
1317
1318
1319
1320
1321
1322
1323
1324
1325
1326
1327
1328
1329
1330
1331
1332
1333
1334
1335
1336
1337
1338
1339
1340
1341
1342
1343
1344
1345
1346
2388
1306
1347
2404
1348
1349
2389
1350
2405
1351
1352
2390
1353
2406
1354
1355
2391
1305
1356
1956
2381
2407
1357
1358
2392
1308
1359
2408
1360
1361
2393
1362
2409
1363
1364
2394
1365
2410
1366
1367
2395
1307
1368
1958
2383
2411
1369
1370
2396
1310
1371
2412
1372
1373
2397
1374
2413
1375
1376
2398
1377
2414
1378
1379
2399
1309
1380
1960
2385
2415
1381
1382
2400
1312
1383
2340
2416
1384
1385
2401
1386
2342
2417
1387
1388
2402
1389
2344
2418
1390
1391
2403
1311
1392
1962
2346
2387
2419
1401
1402
1403
1404
1405
1406
1407
1408
1409
1410
1411
1412
1413
1414
1415
1416
1417
1418
1419
1420
1421
1422
1423
1424
1425
1426
1427
1428
1429
1430
1431
1432
1433
1434
2428
1394
1435
2444
1436
1437
2429
1438
2445
1439
1440
2430
1441
2446
1442
1443
2431
1393
1444
2421
2447
1445
1446
2432
1396
1447
2448
1448
1449
2433
1450
2449
1451
1452
2434
1453
2450
1454
1455
2435
1395
1456
2423
2451
1457
1458
2436
1398
1459
2452
1460
1461
2437
1462
2453
1463
1464
2438
1465
2454
1466
1467
2439
1397
1468
2425
2455
1469
1470
2440
1400
1471
2380
2456
1472
1473
2441
1474
2382
2457
1475
1476
2442
1477
2384
2458
1478
1479
2443
1399
1480
2386
2427
2459
1489
1490
1491
1492
1493
1494
1495
1496
1497
1498
1499
1500
1501
1502
1503
1504
1505
1506
1507
1508
1509
1510
1511
1512
1513
1514
1515
1516
1517
1518
1519
1520
1521
1522
2468
1482
1523
2484
1524
1525
2469
1526
2485
1527
1528
2470
1529
2486
1530
1531
2471
1481
1532
2461
2487
1533
1534
2472
1484
1535
2488
1536
1537
2473
1538
2489
1539
1540
2474
1541
2490
1542
1543
2475
1483
1544
2463
2491
1545
1546
2476
1486
1547
2492
1548
1549
2477
1550
2493
1551
1552
2478
1553
2494
1554
1555
2479
1485
1556
2465
2495
1557
1558
2480
1488
1559
2420
2496
1560
1561
2481
1562
2422
2497
1563
1564
2482
1565
2424
2498
1566
1567
2483
1487
1568
2426
2467
2499
1577
1578
1579
1580
1581
1582
1583
1584
1585
1586
1587
1588
1589
1590
1591
1592
1593
1594
1595
1596
1597
1598
1599
1600
1601
1602
1603
1604
1605
1606
1607
1608
1609
1610
2508
1570
1611
2524
1612
1613
2509
1614
2525
1615
1616
2510
1617
2526
1618
1619
2511
1569
1620
2501
2527
1621
1622
2512
1572
1623
2528
1624
1625
2513
1626
2529
1627
1628
2514
1629
2530
1630
1631
2515
1571
1632
2503
2531
1633
1634
2516
1574
1635
2532
1636
1637
2517
1638
2533
1639
1640
2518
1641
2534
1642
1643
2519
1573
1644
2505
2535
1645
1646
2520
1576
1647
2460
2536
1648
1649
2521
1650
2462
2537
1651
1652
2522
1653
2464
2538
1654
1655
2523
1575
1656
2466
2507
2539
1665
1666
1667
1668
1669
1670
1671
1672
1673
1674
1675
1676
1677
1678
1679
1680
1681
1682
1683
1684
1685
1686
1687
1688
1689
1690
1691
1692
1693
1694
1695
1696
1697
1698
2548
1658
1699
2564
1700
1701
2549
1702
2565
1703
1704
2550
1705
2566
1706
1707
2551
1657
1708
2541
2567
1709
1710
2552
1660
1711
2568
1712
1713
2553
1714
2569
1715
1716
2554
1717
2570
1718
1719
2555
1659
1720
2543
2571
1721
1722
2556
1662
1723
2572
1724
1725
2557
1726
2573
1727
1728
2558
1729
2574
1730
1731
2559
1661
1732
2545
2575
1733
1734
2560
1664
1735
2500
2576
1736
1737
2561
1738
2502
2577
1739
1740
2562
1741
2504
2578
1742
1743
2563
1663
1744
2506
2547
2579
1745
2540
1746
2542
1747
2544
1748
2546
