1
3
807
809
805
806
808
810
804
811
1554
1555
10
12
814
816
812
813
815
817
818
1557
1558
819
821
1552
820
822
823
824
825
1562
5
7
2
4
6
8
0
9
1147
1148
14
16
11
13
15
17
18
1151
1152
19
21
1144
20
22
23
24
25
1156
207
209
205
206
208
210
204
211
1250
1251
214
216
212
213
215
217
218
1253
1254
219
221
1248
220
222
223
224
225
1258
235
236
507
509
1145
505
506
508
510
504
511
1402
1403
514
516
1149
512
513
515
517
518
1405
1406
519
521
1400
1716
1718
520
522
523
524
525
1410
535
536
835
836
841
842
1561
843
844
1571
1720
1722
826
827
1559
1560
828
829
1563
852
854
856
858
853
855
857
859
851
860
1579
1580
869
871
1576
870
872
1585
541
542
1409
543
544
1419
526
527
1407
1408
528
529
1411
552
554
556
558
553
555
557
559
551
560
1427
1428
569
571
1424
570
572
1433
241
242
1257
243
244
1267
226
227
1255
1256
228
229
1259
252
254
256
258
253
255
257
259
251
260
1275
1276
269
271
1272
270
272
1281
26
1724
1726
1719
1728
1730
1723
27
1153
1154
28
29
1157
36
38
40
42
37
39
41
43
35
44
1165
1166
53
54
1162
237
1717
238
1155
239
240
1265
277
278
1171
281
282
1282
1285
537
538
1264
539
540
1417
577
578
1287
581
582
1434
1437
837
1721
838
1416
839
840
1569
877
878
1439
881
882
1586
1589
830
831
1564
832
833
834
1565
1567
845
846
1566
530
1731
531
1412
532
533
534
1413
1415
545
1729
546
1414
230
1727
231
1260
232
233
234
1261
1263
245
1725
246
1262
30
31
1158
32
33
34
1159
1161
247
248
1160
249
250
1269
1270
547
548
1271
549
550
1421
1422
847
848
1423
849
850
1573
1574
885
886
887
888
1591
891
1594
864
866
1577
862
863
865
867
861
868
1583
1584
873
875
1581
874
876
1572
1587
564
566
1425
562
563
565
567
561
568
1431
1432
573
575
1429
574
576
1420
1435
264
266
1273
262
263
265
267
261
268
1279
1280
273
275
1277
274
276
1268
1283
48
50
1163
46
47
49
51
45
52
1169
1170
55
56
1167
279
280
1172
1266
283
284
1284
1286
579
580
1288
1418
583
584
1436
1438
879
880
1440
1570
883
884
1588
1590
889
890
1592
1593
892
1595
893
1575
894
1568
1732
58
59
896
898
897
899
895
900
1597
1598
1734
65
66
901
903
902
904
905
1599
1600
906
908
1596
907
909
910
911
912
1604
60
62
61
63
57
64
1175
1176
67
69
68
70
71
1178
1179
72
74
1173
73
75
76
77
78
1183
286
288
287
289
285
290
1290
1291
291
293
292
294
295
1292
1293
296
298
1289
297
299
300
301
302
1297
312
313
586
588
1174
587
589
585
590
1442
1443
591
593
1177
592
594
595
1444
1445
596
598
1441
1736
1738
597
599
600
601
602
1449
612
613
922
923
928
929
1603
930
931
1613
1740
1742
913
914
1601
1602
915
916
1605
939
940
941
943
942
944
938
945
1620
1621
952
954
1618
953
955
1625
618
619
1448
620
621
1458
603
604
1446
1447
605
606
1450
629
630
631
633
632
634
628
635
1465
1466
642
644
1463
643
645
1470
318
319
1296
320
321
1306
303
304
1294
1295
305
306
1298
1744
329
330
331
333
332
334
328
335
1313
1314
342
344
1311
343
345
1318
79
1746
1748
1739
1750
1752
1743
80
1180
1181
81
82
1184
1754
89
90
91
93
92
94
88
95
1191
1192
102
103
1189
314
1737
315
1182
316
317
1304
350
351
1196
354
355
1319
1322
614
615
1303
616
617
1456
650
651
1324
654
655
1471
1474
924
1741
925
1455
926
927
1611
960
961
1476
964
965
1626
1629
917
918
1606
919
920
921
1607
1609
932
933
1608
607
1753
608
1451
609
610
611
1452
1454
622
1751
623
1453
307
1749
308
1299
309
310
311
1300
1302
322
1747
323
1301
83
84
1185
85
86
87
1186
1188
324
325
1187
326
327
1308
1309
624
625
1310
626
627
1460
1461
934
935
1462
936
937
1615
1616
968
969
970
971
1631
974
1634
947
949
1619
948
950
946
951
1623
1624
956
958
1622
957
959
1614
1627
637
639
1464
638
640
636
641
1468
1469
646
648
1467
647
649
1459
1472
337
339
1312
338
340
336
341
1316
1317
346
348
1315
347
349
1307
1320
97
99
1190
98
1733
100
96
101
1194
1195
104
105
1193
352
353
1197
1305
356
357
1321
1323
652
653
1325
1457
656
657
1473
1475
962
963
1477
1612
966
967
1628
1630
972
973
1632
1633
975
1635
976
1617
977
1610
107
108
979
981
980
1735
982
978
983
1637
1638
114
115
984
986
985
987
988
1639
1640
989
991
1636
990
992
993
994
995
1644
109
111
110
112
106
113
1200
1201
116
118
117
119
120
1203
1204
121
123
1198
122
124
125
126
127
1208
359
361
360
362
358
363
1327
1328
364
366
365
367
368
1329
1330
369
371
1326
370
372
373
374
375
1334
385
386
659
661
1199
660
662
658
663
1479
1480
664
666
1202
665
667
668
1481
1482
669
671
1478
1756
1758
670
672
673
674
675
1486
685
686
1005
1006
1011
1012
1643
1013
1014
1653
1760
1762
996
997
1641
1642
998
999
1645
1022
1023
1024
1026
1025
1027
1021
1028
1660
1661
1035
1037
1658
1036
1038
1665
691
692
1485
693
694
1495
676
677
1483
1484
678
679
1487
702
703
704
706
705
1764
1745
707
701
708
1502
1503
715
717
1500
716
718
1507
391
392
1333
393
394
1343
376
377
1331
1332
378
379
1335
1766
402
403
404
406
405
1768
1755
407
401
408
1350
1351
415
417
1348
416
418
1355
128
1770
1772
1759
1774
1776
1763
129
1205
1206
130
131
1209
1778
138
139
140
142
141
143
137
144
1216
1217
151
152
1214
387
1757
388
1207
389
390
1341
423
424
1221
427
428
1356
1359
687
688
1340
689
690
1493
723
724
1361
727
728
1508
1511
1007
1761
1008
1492
1009
1010
1651
1043
1044
1513
1047
1048
1666
1669
1000
1001
1646
1002
1003
1004
1647
1649
1015
1016
1648
680
1777
681
1488
682
683
684
1489
1491
695
1775
696
1490
380
1773
381
1336
382
383
384
1337
1339
395
1771
396
1338
132
133
1210
134
135
136
1211
1213
397
398
1212
399
400
1345
1346
697
698
1347
699
700
1497
1498
1017
1018
1499
1019
1020
1655
1656
1051
1052
1053
1054
1671
1057
1674
1030
1032
1659
1031
1033
1029
1034
1663
1664
1039
1041
1662
1040
1042
1654
1667
710
712
1501
711
713
709
714
1505
1506
719
721
1504
720
722
1496
1509
410
412
1349
411
413
409
414
1353
1354
419
421
1352
420
422
1344
1357
146
148
1215
147
149
145
150
1219
1220
153
154
1218
425
426
1222
1342
429
430
1358
1360
725
726
1362
1494
729
730
1510
1512
1045
1046
1514
1652
1049
1050
1668
1670
1055
1056
1672
1673
1058
1675
1059
1657
1060
1650
156
157
1062
1064
1063
1065
1553
1061
1066
1677
1678
163
164
1067
1069
1068
1070
1556
1071
1679
1680
1072
1074
1676
1073
1075
1076
1077
1078
1684
158
160
159
161
1146
155
162
1225
1226
165
167
166
168
1150
169
1228
1229
170
172
1223
171
173
174
175
176
1233
432
434
433
435
1249
431
436
1364
1365
437
439
438
440
1252
441
1366
1367
442
444
1363
443
445
446
447
448
1371
458
459
732
734
1224
733
735
1401
731
736
1516
1517
737
739
1227
738
1769
740
1404
741
1518
1519
742
744
1515
1780
1782
743
745
746
747
748
1523
758
759
1088
1089
1094
1095
1683
1096
1097
1693
1784
1786
1079
1080
1681
1682
1081
1082
1685
1105
1106
1107
1109
1108
1765
1110
1578
1104
1111
1700
1701
1118
1120
1698
1119
1121
1705
764
765
1522
766
767
1532
749
750
1520
1521
751
752
1524
775
776
777
779
778
1767
780
1426
774
781
1539
1540
788
790
1537
789
791
1544
464
465
1370
466
467
1380
449
450
1368
1369
451
452
1372
475
476
477
479
478
1779
480
1274
474
481
1387
1388
488
490
1385
489
491
1392
177
1788
1790
1783
1792
1794
1787
178
1230
1231
179
180
1234
187
188
189
191
190
192
1164
186
193
1241
1242
200
201
1239
460
1781
461
1232
462
463
1378
496
497
1246
500
501
1393
1396
760
761
1377
762
763
1530
796
797
1398
800
801
1545
1548
1090
1785
1091
1529
1092
1093
1691
1126
1127
1550
1130
1131
1706
1709
1083
1084
1686
1085
1086
1087
1687
1689
1098
1099
1688
753
1795
754
1525
755
756
757
1526
1528
768
1793
769
1527
453
1791
454
1373
455
456
457
1374
1376
468
1789
469
1375
181
182
1235
183
184
185
1236
1238
470
471
1237
472
473
1382
1383
770
771
1384
772
773
1534
1535
1100
1101
1536
1102
1103
1695
1696
1134
1135
1136
1137
1711
1140
1714
1113
1115
1699
1114
1116
1582
1112
1117
1703
1704
1122
1124
1702
1123
1125
1694
1707
783
785
1538
784
786
1430
782
787
1542
1543
792
794
1541
793
795
1533
1546
483
485
1386
484
486
1278
482
487
1390
1391
492
494
1389
493
495
1381
1394
195
197
1240
196
198
1168
194
199
1244
1245
202
203
1243
498
499
1247
1379
502
503
1395
1397
798
799
1399
1531
802
803
1547
1549
1128
1129
1551
1692
1132
1133
1708
1710
1138
1139
1712
1713
1141
1715
1142
1697
1143
1690
