2
1
11
10
6
5
0
19
20
23
24
37
36
46
65
45
73
76
77
89
114
122
125
126
138
174
175
253
262
4
3
13
12
8
7
9
1148
15
1147
14
17
16
18
1152
41
1151
40
21
1144
35
22
25
1156
26
27
1153
28
1154
30
39
29
1157
32
33
38
43
47
42
44
1165
48
1166
49
50
1163
58
59
66
31
1158
53
51
52
1170
61
1169
60
63
54
1162
57
62
64
1176
68
1175
67
70
69
71
1179
92
1178
91
34
1161
72
1159
55
74
1173
88
75
78
1183
79
80
1180
81
1181
83
82
1184
85
86
90
94
93
95
1191
97
1192
98
99
1190
107
108
115
84
1185
102
100
56
1167
96
101
1195
110
1194
109
112
103
1189
106
111
113
1201
117
1200
116
119
118
120
1204
141
1203
140
87
1188
121
1186
104
123
1198
137
124
127
1208
128
129
1205
130
1206
132
131
1209
134
135
139
143
142
144
1217
147
1216
146
149
105
1193
145
148
1215
156
150
1220
159
1219
158
157
133
1210
153
161
1146
163
164
136
1213
151
1211
170
154
1218
194
1716
171
152
1214
155
160
162
1226
166
1225
165
168
1150
187
167
169
1229
190
1228
189
1720
177
172
1223
186
173
178
1230
181
176
1231
179
1233
223
224
180
1234
183
184
188
192
1164
212
191
193
1241
195
1242
196
197
1240
205
206
182
1235
202
213
198
1168
252
199
1245
208
1244
207
1718
185
1238
200
1236
219
203
1243
261
1722
220
210
201
1239
204
209
211
1251
215
1250
214
217
216
218
1254
257
1253
256
1724
226
221
1248
251
222
227
1255
230
255
225
1256
228
1258
232
233
229
1259
269
263
254
231
1260
270
259
258
260
1276
265
1275
264
267
266
1273
329
268
1280
287
1279
286
234
1263
235
237
243
1261
273
247
289
236
271
1272
285
288
238
1155
239
240
1265
241
290
1291
292
1290
291
242
1257
244
1267
245
275
1277
336
272
1281
274
276
1283
277
294
293
278
1171
279
295
1293
332
1292
331
280
1172
281
282
1282
283
1285
297
284
1286
296
1284
303
298
1289
328
299
304
1294
305
306
1298
347
246
1268
1262
248
1160
249
1266
300
250
1269
1270
301
330
302
1295
307
1297
309
310
308
1299
342
334
333
335
1314
338
1313
337
340
339
1312
402
311
1302
312
314
1300
343
341
1317
360
1316
359
313
315
1182
316
362
317
1304
318
344
1311
358
361
319
1296
320
363
1328
365
1327
364
321
1306
322
345
1318
346
348
1315
409
349
1320
350
367
366
351
1196
352
368
1330
405
1329
404
353
1197
354
355
1322
356
1319
370
357
1323
369
1321
376
371
1326
401
372
377
1331
378
379
1335
420
323
1301
324
1307
373
325
1187
326
1305
382
403
327
1308
374
1309
385
1730
375
1332
380
1334
383
1732
381
1336
415
407
406
408
1351
411
1350
410
1721
413
412
1349
552
1717
414
1354
433
1353
432
384
1339
387
389
1337
416
399
386
388
1207
435
1249
475
390
1341
391
417
1348
431
434
392
1333
393
436
1365
438
1364
437
394
1343
395
418
1355
419
421
1352
482
422
1357
423
440
1252
512
439
424
1221
425
441
1367
478
1366
477
426
1222
427
428
1359
429
1356
443
430
1360
442
1358
449
444
1363
474
445
450
1368
451
452
1372
476
396
1338
397
1344
446
398
1342
1212
400
1345
1346
455
1726
447
480
1274
553
479
448
1369
453
1371
456
481
1387
483
1388
484
454
1373
488
485
1386
505
1738
506
1740
513
457
1376
460
1374
489
472
1725
1728
458
1719
486
1278
562
1723
487
1391
508
1390
507
459
461
1232
462
510
463
1378
464
490
1385
504
509
465
1370
466
511
1403
515
1402
514
467
1380
468
491
1392
492
469
1375
470
494
1389
561
471
1237
493
495
1394
496
1381
523
517
516
497
1246
498
518
1406
557
1405
556
499
1247
500
1379
501
1396
502
1393
520
503
1397
519
1395
526
521
1400
551
522
527
1407
528
555
529
1411
574
563
473
1382
1383
532
1734
524
554
525
1408
530
1410
533
531
1412
569
559
558
560
1428
565
1427
564
1736
535
567
566
1425
629
568
1432
587
1431
586
534
1415
537
539
1413
570
536
538
1264
589
540
1417
541
571
1424
585
588
542
1409
543
590
1443
592
1442
591
544
1419
545
572
1433
573
575
1429
636
576
1435
577
594
593
578
1287
579
595
1445
632
1444
631
580
1288
581
582
1437
583
1434
597
584
1438
596
1436
603
598
1441
628
599
604
1446
605
606
1450
647
546
1414
547
1420
600
548
1271
549
1418
550
1421
601
1422
609
602
1447
607
1449
610
608
611
1454
612
614
1452
643
630
1451
642
1746
1748
613
615
1303
616
617
1456
618
619
1448
620
621
1458
622
623
1453
624
634
625
1310
626
633
627
1461
1460
635
1466
638
1465
637
1742
1733
640
639
1464
702
1731
641
1469
660
1468
659
662
644
1463
658
661
663
1480
665
1479
664
645
1470
646
648
1467
709
649
1472
650
1459
673
667
666
651
1324
652
668
1482
705
1481
704
653
1325
654
1457
655
1474
656
1471
670
657
1475
669
1473
676
671
1478
701
672
677
1483
678
1744
674
679
1487
720
675
1484
680
1486
682
683
681
703
1488
715
1754
1756
707
706
708
1503
711
1502
710
684
1491
685
687
1489
716
1741
1729
713
712
1501
862
1739
714
1506
733
1505
732
686
688
1340
689
735
1401
775
690
1493
691
717
1500
731
734
692
1485
693
736
1517
738
1516
737
694
1495
695
718
1507
719
721
1504
782
722
1509
723
740
1404
853
739
724
1361
725
741
1519
778
1518
777
726
1362
727
728
1511
729
1508
743
730
1512
742
1510
749
744
1515
774
745
750
1520
751
752
1524
793
1727
776
696
1490
697
1496
746
698
1347
699
1494
700
1497
1498
1750
1752
747
780
1426
779
748
1521
753
1523
755
756
781
1539
783
1540
784
754
1525
788
785
1538
805
786
1430
806
787
1542
807
1543
808
809
1145
812
813
757
1528
758
760
1526
789
824
1737
759
761
1377
762
810
763
1530
764
790
1537
804
765
1522
766
811
1555
815
1554
814
767
1532
768
791
1544
792
794
1541
861
795
1546
796
817
816
1149
852
797
1398
798
818
1558
857
1557
856
799
1399
800
801
1545
802
1548
820
803
1549
819
1547
826
821
1552
851
822
827
1559
830
769
1533
823
1527
770
855
825
1560
828
1562
833
829
1563
874
863
1758
1760
854
831
1564
869
1735
859
858
1749
860
1580
865
1579
864
1747
771
1384
772
1531
835
773
1535
832
1534
837
834
1567
839
1565
870
847
867
836
866
1577
939
838
1416
868
1584
897
1583
896
840
1569
841
842
1561
843
871
1576
895
844
1571
845
872
1585
873
875
1581
946
876
1587
877
899
898
1174
878
1439
879
846
1572
1566
848
1423
849
900
1598
902
1597
901
880
1440
881
1570
850
1573
885
1574
911
882
1589
887
1586
883
886
888
1591
889
884
1590
1588
890
1592
906
1593
919
904
903
1177
892
1595
907
905
1600
942
1599
941
908
1596
938
909
891
1594
913
894
1568
910
914
1601
917
912
1602
915
1604
920
916
1605
957
918
940
1606
953
921
1609
922
924
1607
952
944
943
1757
1745
945
1621
948
1620
947
1755
950
923
949
1619
1022
925
1455
926
951
1624
980
1623
979
927
1611
928
929
1603
930
954
1618
978
931
1613
932
1743
955
1625
956
958
1622
1029
959
1627
960
982
961
1476
962
981
1199
933
1608
934
1614
968
935
1462
936
983
1638
985
1637
984
963
1477
964
1612
937
1615
1616
1002
965
1629
970
1626
966
969
971
1631
974
1634
989
987
986
1202
988
1640
1025
1639
1024
967
1628
972
1630
1138
991
1636
1021
973
1632
990
1633
993
992
975
1635
996
976
1617
977
1610
994
997
1641
1000
995
1642
998
1644
1003
999
1645
1040
1001
1023
1646
1036
1004
1649
1005
1007
1647
1035
1027
1026
1753
1028
1661
1031
1660
1030
1033
1006
1032
1659
1008
1492
1009
1034
1664
1063
1663
1062
1010
1651
1011
1012
1643
1013
1037
1658
1061
1014
1653
1015
1038
1665
1039
1751
1041
1662
1112
893
1575
1042
1667
1043
1065
1553
1064
1224
1044
1513
1045
1066
1678
1068
1677
1067
1046
1514
1047
1016
1648
1017
1654
1051
1018
1499
1019
1652
1048
1666
1049
1669
1020
1655
1656
1085
1050
1668
1053
1670
1136
1052
1054
1671
1055
1070
1556
1105
1069
1227
1057
1674
1073
1071
1680
1108
1679
1107
1056
1672
1072
1673
1076
1074
1676
1104
1075
1058
1675
1079
1080
1681
1081
1059
1657
1060
1650
1077
1082
1685
1123
1078
1682
1083
1684
1086
1084
1106
1686
1118
1110
1578
1109
1761
1111
1701
1114
1700
1113
1759
1087
1689
1088
1090
1092
1096
1687
1119
1100
1102
1116
1582
1089
1115
1699
1091
1529
1117
1703
1704
1093
1691
1094
1095
1683
1120
1698
1097
1693
1098
1121
1705
1122
1124
1702
1125
1707
1126
1127
1550
1128
1129
1551
1130
1099
1688
1694
1101
1536
1692
1131
1709
1132
1706
1103
1695
1134
1696
1133
1708
1710
1135
1137
1711
1139
1712
1713
1140
1714
1141
1715
1142
1697
1143
1690
