64
65
66
67
68
69
72
73
1784
70
71
62
74
1786
94
95
75
76
1785
102
103
1798
80
81
84
85
1790
96
97
98
99
105
106
1799
2580
108
109
1800
82
83
87
88
1791
100
101
63
77
1787
118
119
111
112
1801
2582
126
127
1810
120
121
122
123
2584
129
130
1811
2586
132
133
1812
142
143
124
125
2588
150
151
1822
2590
135
136
1813
146
147
91
104
1802
156
157
1824
144
145
2592
153
154
1823
148
149
2594
159
160
1825
166
167
2596
170
171
2598
174
175
1834
473
474
2600
180
181
1836
2602
2604
78
86
1792
477
478
90
2606
2608
2605
2610
2581
107
1788
1795
1803
475
476
479
480
481
482
483
484
485
486
93
2597
110
1780
1804
489
2603
490
1988
492
493
1989
2612
495
496
1990
2614
498
499
1991
2616
501
502
1992
2618
504
505
1993
2620
507
508
1994
521
522
523
524
487
488
525
526
2622
510
511
1995
529
530
79
2624
2626
2628
2630
2632
2634
2607
2609
89
1782
1783
1793
531
532
533
534
92
2635
2636
2583
113
1781
1789
1797
1805
537
538
539
540
541
542
527
528
545
546
115
2633
2585
128
1814
547
548
549
550
168
169
535
536
553
2631
554
2012
2638
556
2629
557
2013
2640
559
2627
560
2014
2642
562
563
2015
2644
565
2625
566
2016
2646
568
569
2017
2648
571
572
2018
2650
177
178
1835
2652
577
578
2020
2654
580
581
2021
2656
583
584
2022
2658
589
590
2024
2660
592
593
2025
172
173
2662
595
596
2026
2664
574
575
2019
114
2666
2587
131
1807
1815
543
544
183
184
1837
551
552
2668
586
587
2023
609
610
2670
598
599
2027
190
191
611
612
2672
198
199
1846
117
2674
2589
134
1816
617
618
192
193
194
195
201
202
1847
613
614
2676
204
205
1848
619
620
2678
2680
139
2682
2591
152
1826
625
626
4
5
196
197
8
9
1752
214
215
207
208
1849
6
7
2684
222
223
1858
2686
641
642
2052
18
19
2688
2690
644
645
2053
11
12
1753
615
616
2692
653
654
2056
26
27
1760
2694
647
648
2054
2696
656
657
2057
2698
665
666
2060
116
2700
2681
137
1809
1817
621
622
650
651
2055
2
3
2702
659
660
2058
20
21
22
23
29
30
1761
627
628
32
33
1762
633
634
2704
668
669
2061
24
25
2706
677
678
2064
42
43
35
36
1763
218
219
2708
50
51
1772
141
2710
2593
158
1806
1828
44
45
228
229
1860
216
217
53
54
1773
697
698
2712
225
226
1859
623
624
629
630
2714
662
663
2059
138
2716
2718
2701
2679
2720
2595
155
1794
1819
1827
635
636
671
672
2062
46
47
2722
680
681
2065
220
221
56
57
1774
48
49
2724
231
232
1861
238
239
59
60
1775
699
700
2726
246
247
1870
2728
729
730
2092
631
632
2730
732
733
2093
140
2719
2732
2599
161
1796
1808
1821
1829
637
638
674
675
2063
242
243
2734
683
684
2066
262
263
2736
252
253
1872
240
241
2738
2740
2742
2744
2746
2748
2750
2752
2754
2756
270
271
1882
266
267
249
250
1871
466
491
1996
264
265
2758
276
277
1884
468
2615
497
1998
244
245
2760
273
274
1883
465
2613
494
1981
1997
268
269
255
256
1873
470
2762
2619
503
2000
701
702
279
280
1885
639
640
2764
735
736
2094
467
2766
2617
500
1983
1999
703
704
686
687
2067
514
2768
2639
555
2028
705
706
738
739
2095
516
2770
2647
567
2032
707
708
741
742
2096
329
330
2772
744
745
2097
518
2774
2655
579
2036
331
332
345
346
1916
709
710
348
349
1917
520
2661
591
1980
2040
778
779
747
748
2098
893
894
2776
780
781
2125
472
2778
2623
509
2002
895
896
897
898
469
2621
506
1985
2001
901
902
2641
558
2029
903
904
2649
570
2033
802
803
826
827
804
805
2137
909
910
828
829
2149
2780
2782
2657
582
2037
850
851
2663
594
1982
2041
711
712
852
853
2161
2784
713
714
2786
750
751
2099
471
2788
2637
512
1987
2003
715
716
753
754
2100
2790
2643
561
2030
905
906
756
757
2101
2792
925
926
2188
2794
2796
2798
928
929
2189
2800
931
932
2190
2802
937
938
2192
2804
940
941
2193
911
912
2806
949
950
2196
163
2808
2601
176
1838
943
944
2194
899
900
2810
952
953
2197
2812
2651
573
2034
917
918
934
935
2191
165
2814
2611
182
1840
333
334
961
962
2200
335
336
351
352
1918
717
718
354
355
1919
2816
2659
585
2038
784
785
759
760
2102
808
809
2818
786
787
2128
2785
2820
2665
597
1984
2042
832
833
810
811
2140
856
857
834
835
2152
719
720
2822
858
859
2164
513
2824
2826
2645
564
2005
2031
721
722
762
763
2103
162
2828
2653
179
1831
1839
723
724
765
766
2104
515
2830
2667
576
2007
2035
907
908
768
769
2105
913
914
2832
946
947
2195
164
2834
2669
185
1833
1841
919
920
955
956
2198
517
2836
2671
588
2009
2039
337
338
964
965
2201
339
340
357
358
1920
981
982
360
361
1921
519
2838
2673
600
1986
2011
2043
725
726
602
2691
643
2068
790
791
771
772
2106
2840
1013
1014
2228
187
2842
2675
200
1850
814
815
792
793
2131
0
2689
2717
10
1754
1
2757
13
1751
1755
15
2755
28
1764
2844
2693
646
2069
838
839
816
817
2143
604
2846
2695
655
2072
862
863
840
841
2155
14
2753
31
1757
1765
17
2751
34
1749
1766
16
2749
37
1750
1759
1767
39
2747
52
1776
38
2745
55
1769
1777
186
2848
2677
203
1768
1843
1851
727
728
864
865
2167
886
927
2204
915
916
774
775
2107
189
2850
2683
206
1830
1852
921
922
958
959
2199
2852
2697
649
2070
2699
658
2073
606
2711
667
2076
341
342
967
968
2202
343
344
363
364
1922
41
2743
58
1756
1778
40
2741
61
1758
1771
1779
188
2854
2685
209
1770
1832
1845
1853
983
984
366
367
1923
211
2687
224
1862
601
2703
652
2045
2071
796
797
1016
1017
2229
2856
2705
661
2074
820
821
798
799
2134
2707
670
2077
608
2709
679
2080
844
845
822
823
2146
213
2858
2713
230
1842
1864
868
869
846
847
2158
210
2860
2715
227
1855
1863
870
871
2170
923
924
690
2862
2731
731
2108
603
2721
664
2047
2075
2723
673
2078
985
986
970
971
2203
2864
2725
682
2081
212
2727
233
1844
1857
1865
1019
1020
2230
987
988
235
2866
2729
248
1874
2733
734
2109
930
2205
377
378
1022
1023
2231
379
380
393
394
1940
989
990
396
397
1941
888
2868
2805
939
2208
1177
1178
1025
1026
2232
1062
1063
605
2870
2735
676
2049
2079
2737
685
2082
1086
1087
1064
1065
2261
237
2739
254
1854
1876
234
2801
251
1867
1875
1110
1111
1088
1089
2273
236
2872
2799
257
1856
1869
1877
1193
1194
2324
2874
2876
2767
737
2110
1134
1135
1112
1113
2285
259
2878
2880
2882
2759
272
1886
607
2769
688
2051
2083
991
992
1136
1137
2297
261
2761
278
1866
1888
258
2763
275
1879
1887
260
2765
281
1868
1881
1889
322
2797
347
1924
321
2795
350
1909
1925
689
2771
740
1908
2085
2111
1028
1029
2233
993
994
692
2884
2773
743
2112
2775
746
2113
1031
1032
2234
995
996
2886
2807
942
2209
381
382
1034
1035
2235
383
384
399
400
1942
997
998
402
403
1943
2888
2803
933
2206
1179
1180
1037
1038
2236
890
2890
2809
951
2212
1181
1182
1196
1197
2325
777
2892
2779
782
2126
1068
1069
1199
1200
2326
801
2894
2783
806
2138
825
2781
830
2150
1092
1093
1070
1071
2264
849
2787
854
2084
2162
1116
1117
1094
1095
2276
2896
2898
2777
749
2114
873
874
875
2124
2136
2148
2160
2173
1140
1141
324
353
1926
323
356
1911
1927
691
2789
752
1910
2087
2115
999
1000
1118
1119
2288
1142
1143
2300
694
2900
2791
755
2116
2793
758
2117
1040
1041
2237
1001
1002
2902
2811
945
2210
1043
1044
2238
1003
1004
2904
2813
954
2213
385
386
1046
1047
2239
387
388
405
406
1944
1005
1006
2906
408
409
1945
885
2908
2815
936
2172
2181
2207
1183
1184
1049
1050
2240
892
2910
2817
963
2004
2216
1185
1186
1202
1203
2327
1225
1226
2912
1205
1206
2328
783
2914
2821
788
2129
807
2827
812
2141
831
2823
836
2153
1074
1075
1257
1258
2348
855
2916
2825
860
2086
2165
1098
1099
1076
1077
2267
876
877
878
2127
2139
2151
2163
2175
2918
2819
761
2118
1122
1123
326
359
1928
325
362
1913
1929
693
2829
764
1912
2089
2119
1146
1147
1100
1101
2279
1124
1125
2291
696
2920
2922
2831
767
2044
2120
1007
1008
1148
1149
2303
2924
2833
770
2046
2121
887
2835
948
2174
2183
2211
1052
1053
2241
1009
1010
2926
1055
1056
2242
1011
1012
2928
2839
966
2006
2217
389
390
1058
1059
2243
391
392
411
412
1946
2930
2837
957
2214
414
415
1947
1187
1188
1189
1190
1208
1209
2329
789
2932
2845
794
2132
813
2847
818
2144
1227
1228
1211
1212
2330
837
2934
2849
842
2156
861
866
2088
2168
974
2843
1015
2244
879
880
881
2130
2142
2154
2166
2177
1233
1234
1260
1261
2349
1080
1081
2936
1269
1270
2352
2938
2841
773
2048
2122
1104
1105
1082
1083
2270
328
365
1930
327
368
1915
1931
695
2851
776
1914
2050
2091
2123
1128
1129
1106
1107
2282
889
2940
2853
960
2176
2185
2215
1152
1153
1130
1131
2294
1154
1155
2306
1191
1192
2942
2944
2855
969
2008
2218
1235
1236
1214
1215
2331
1229
1230
2946
1272
1273
2353
795
800
2135
819
2859
824
2147
843
2861
848
2159
1241
1242
2948
1263
1264
2350
867
2863
872
2090
2171
2950
2857
1018
2245
882
883
884
2133
2145
2157
2169
2179
1237
1238
1281
1282
2356
891
2952
2865
972
2010
2178
2187
2219
1243
1244
1275
1276
2354
1231
1232
2954
1284
1285
2357
2956
2867
1021
2246
1249
1250
1266
1267
2351
2958
1293
1294
2360
1313
1314
370
2883
395
1948
369
2881
398
1933
1949
973
2960
2869
1024
1932
2221
2247
1239
1240
1345
1346
2388
976
2962
2871
1027
2248
1245
1246
1278
1279
2355
1251
1252
2964
1287
1288
2358
1170
2966
2877
1195
2332
1296
1297
2361
1315
1316
1321
1322
2968
1348
1349
2389
1247
1248
2970
1357
1358
2392
1253
1254
2972
1290
1291
2359
2974
1299
1300
2362
1323
1324
1061
2875
1066
2262
1317
1318
2976
1360
1361
2393
1085
2873
1090
2274
1329
1330
2978
1351
1352
2390
2980
1109
2879
1114
2286
1255
1256
2982
1369
1370
2396
1133
1138
2220
2298
1302
1303
2363
1325
1326
2984
2885
1030
2249
2986
2988
1157
1158
1159
2260
2272
2284
2296
2309
1331
1332
1319
1320
2887
1033
2250
1337
1338
372
401
1950
371
404
1935
1951
975
2889
1036
1934
2223
2251
425
426
1363
1364
2394
2990
1372
1373
2397
427
428
441
442
1964
2992
1354
1355
2391
1327
1328
2994
1381
1382
2400
444
445
1965
978
2996
2891
1039
2252
1333
1334
1366
1367
2395
1169
2998
3000
3002
3004
3006
3008
2989
3010
2893
1198
2308
2317
2333
1339
1340
1375
1376
2398
1401
1402
3012
1384
1385
2401
429
430
3014
1433
1434
2428
431
432
447
448
1966
3016
450
451
1967
1335
1336
1341
1342
3018
1378
1379
2399
1403
1404
3020
1387
1388
2402
1172
2981
3022
2895
1201
2334
433
434
1436
1437
2429
435
436
3024
453
454
1968
456
457
1969
1409
1410
1343
1344
3026
3028
1445
1446
2432
1405
1406
3030
1390
1391
2403
437
438
3032
1439
1440
2430
439
440
3034
459
460
1970
462
463
1971
1411
1412
1067
2899
1072
2265
1407
1408
3036
3038
1448
1449
2433
1091
3040
2897
1096
2277
1442
1443
2431
1413
1414
1489
1490
3042
1451
1452
2434
1115
1120
2289
1417
1418
3044
1521
1522
2468
1139
2901
1144
2222
2301
3046
1457
1458
2436
1415
1416
3009
2987
3048
2903
1042
2253
3050
3052
3054
3056
1160
1161
1162
2263
2275
2287
2299
2311
1419
1420
3007
2905
1045
2254
1491
1492
1497
1498
374
3005
407
1952
373
2909
3003
410
1937
1953
977
3001
2907
1048
1936
2225
2255
1454
1455
2435
3058
1460
1461
2437
1421
1422
3060
1524
1525
2469
3062
1533
1534
2472
980
2999
3064
2911
1051
2180
2256
1425
1426
1463
1464
2438
3066
1469
1470
2440
1423
1424
1171
3068
3070
3072
3074
3057
3076
2913
1204
2310
2319
2335
1427
1428
1466
1467
2439
3078
1472
1473
2441
1499
1500
1493
1494
3080
1536
1537
2473
1505
1506
3082
1527
1528
2470
1429
1430
3084
1545
1546
2476
1174
3055
3086
2915
1207
2336
1475
1476
2442
1431
1432
3088
1478
1479
2443
1501
1502
1507
1508
3090
1539
1540
2474
1495
1496
3092
1548
1549
2477
1513
1514
3094
1530
1531
2471
1073
2919
1078
2268
3096
1557
1558
2480
1503
1504
1097
2923
1102
2280
1509
1510
3098
1542
1543
2475
1515
1516
3100
1551
1552
2478
3102
1121
2921
1126
2292
1577
1578
3104
1560
1561
2481
1145
2925
1150
2224
2304
3106
1609
1610
2508
1579
1580
3108
3110
1218
3053
3112
2917
1259
2364
3114
3116
1163
1164
1165
2266
2278
2290
2302
2313
1585
1586
1511
1512
1517
1518
1612
1613
2509
3118
1621
1622
2512
1587
1588
3120
1554
1555
2479
3122
1563
1564
2482
1581
1582
3124
1624
1625
2513
3051
3126
2927
1054
2182
2257
1593
1594
1615
1616
2510
3075
3128
2929
1057
2184
2258
1519
1520
1633
1634
2516
3130
1566
1567
2483
1589
1590
376
3073
413
1954
375
3071
416
1939
1955
979
3069
3132
2931
1060
1938
2186
2227
2259
1595
1596
1627
1628
2514
1173
3134
3136
3138
3140
3142
3144
3146
3148
3150
3152
3154
3156
3158
3111
3155
3143
3159
2933
1210
2312
2321
2337
1583
1584
1636
3141
1637
2517
1601
1602
1618
1619
2511
1645
1646
2520
1591
1592
1597
1598
3160
1630
1631
2515
1603
1604
3162
1639
1640
2518
1665
1666
3164
1648
1649
2521
1176
3109
3166
2935
1213
1818
2338
1673
1674
1697
1698
2548
1681
1682
3168
1709
1710
2552
1689
1690
3170
1721
1722
2556
3172
1733
1734
2560
1667
1668
1675
1676
3174
1700
1701
2549
1079
3139
3145
1084
2271
1683
1684
3176
1712
1713
2553
1103
2941
1108
2283
1691
1692
3178
1724
1725
2557
1127
2945
1132
2295
1599
1600
3180
1736
1737
2561
1151
2943
1156
2226
2307
1605
1606
3182
1642
1643
2519
3184
1651
1652
2522
1669
1670
3186
3188
3117
3103
3190
2937
1262
2365
3192
1166
1167
1168
2269
2281
2293
2305
2315
1677
1678
1685
1686
1693
1694
1703
1704
2550
3194
1715
1716
2554
3196
1727
1728
2558
1607
1608
3198
1739
1740
2562
3200
1654
1655
2523
1671
1672
1220
3115
3202
2939
1271
2368
1679
1680
1706
1707
2551
1687
1688
3204
1718
1719
2555
1695
1696
3206
1730
1731
2559
3208
1742
1743
2563
288
289
292
293
300
301
1896
296
297
306
307
1898
1175
3210
3212
3189
3214
3216
3218
2947
1216
1820
2314
2323
2339
290
291
312
313
1900
294
295
303
304
1897
298
299
309
310
1899
315
316
1901
3213
3220
3222
2949
1274
2369
3224
3226
3193
3187
2951
1265
2366
3228
1222
3211
2953
1283
2372
2955
1277
2370
3230
3227
2957
1286
2373
3232
1217
3234
3229
3236
3225
2959
1268
2341
2367
1224
2961
1295
2316
2376
3238
1306
2963
1347
2404
1219
3240
3237
2965
1280
2343
2371
3239
3242
3235
2969
1298
2318
2377
3244
3233
3231
2967
1289
2374
2971
1350
2405
3246
1308
3248
3241
2973
1359
2408
3250
1221
3252
3243
2975
1292
2345
2375
3245
2977
1301
2320
2378
3254
3253
3249
2979
1362
2409
3256
3258
3247
2983
1353
2406
3260
1310
3251
3147
1371
2412
1223
3262
3264
3255
2985
1304
2322
2347
2379
418
3149
3137
443
1972
417
3151
3135
446
1957
1973
3259
2991
1365
2410
3266
3268
3265
3257
2993
1374
2413
1305
3270
3261
2995
1356
1956
2381
2407
1312
3263
2997
1383
2340
2416
420
3153
449
1974
419
3019
452
1959
1975
1307
3272
3274
3276
3278
3269
3011
1368
1958
2383
2411
3279
3015
1386
2342
2417
3280
3282
3271
3267
3013
1377
2414
3284
3286
1394
3277
3017
1435
2444
422
3029
3275
455
1976
421
3027
3273
458
1961
1977
1309
3288
3290
3292
3294
3287
3021
1380
1960
2385
2415
3283
3285
3023
1389
2344
2418
3296
3298
3295
3281
3025
1438
2445
424
3039
3293
461
1978
3300
3302
3304
1396
3291
3031
1447
2448
423
3037
3289
464
1963
1979
1311
3306
3308
3310
3299
3033
1392
1962
2346
2387
2419
3305
3297
3035
1441
2446
3312
3314
3311
3303
3041
1450
2449
1393
3316
3318
3315
3043
1444
2421
2447
3319
3313
3045
1453
2450
3320
3322
1482
3047
1523
2484
3324
3326
1398
3309
3049
1459
2452
1395
3328
3330
3323
3059
1456
2423
2451
3331
3317
3061
1462
2453
3332
3334
3327
3063
1526
2485
3336
1484
3338
3325
3065
1535
2488
3340
3321
3067
1465
2454
3342
3344
1400
3329
3077
1471
2380
2456
1397
3346
3335
3079
1468
2425
2455
3347
3333
3081
1474
2382
2457
3348
3345
3350
3339
3083
1538
2489
3352
3337
3085
1529
2486
3354
1486
3356
3341
3087
1547
2492
3358
3351
3360
3343
3089
1477
2384
2458
1399
3349
3091
1480
2386
2427
2459
3357
3093
1541
2490
3362
3361
3364
3353
3095
1550
2493
1481
3366
3355
3097
1532
2461
2487
1488
3368
3359
3099
1559
2420
2496
1483
3370
3365
3101
1544
2463
2491
3371
3107
1562
2422
2497
3372
3367
3363
3105
1553
2494
3374
3376
1570
3369
3113
1611
2524
3119
1614
2525
3378
1572
3121
1623
2528
3380
1485
3382
3377
3123
1556
2465
2495
3373
3384
3375
3125
1565
2424
2498
3386
3383
3127
1626
2529
3388
3390
3379
3129
1617
2526
3392
1574
3381
3131
1635
2532
1487
3394
3396
3387
3385
3133
1568
2426
2467
2499
3391
3157
1629
2530
3398
3397
3400
3389
1638
2533
1569
3402
3393
1620
2501
2527
1576
3404
3395
3161
1647
2460
2536
1571
3406
3401
3163
1632
2503
2531
3407
3167
1650
2462
2537
3408
3403
3399
3165
1641
2534
3410
3412
1658
3405
3169
1699
2564
3414
3416
1660
3171
1711
2568
3418
1662
3173
1723
2572
3420
1664
3175
1735
2500
2576
3422
3417
3177
1702
2565
3424
3419
3179
1714
2569
3426
3421
3181
1726
2573
3428
3423
3183
1738
2502
2577
1573
3413
3430
3415
3185
1644
2505
2535
3409
3411
3191
1653
2464
2538
3432
3425
3195
1705
2566
3434
3427
3197
1717
2570
3436
3429
3199
1729
2574
3438
3431
3201
1741
2504
2578
1575
3440
3433
3203
1656
2466
2507
2539
1657
3435
3205
1708
2541
2567
1659
3437
3207
1720
2543
2571
1745
2540
1661
3439
3209
1732
2545
2575
1746
2542
1663
3441
3219
1744
2506
2547
2579
1747
2544
1748
2546
283
3217
3301
302
1902
285
3215
308
1904
287
314
1878
1906
282
3307
305
1891
1903
284
3223
311
1893
1905
286
3221
317
1880
1895
1907
318
1890
319
1892
320
1894
