2
4
6
8
61
63
6952
110
112
6954
159
161
6956
208
210
6958
257
259
6960
306
308
6962
355
357
4626
401
402
6964
404
406
6966
483
485
6968
556
558
6970
629
631
6972
702
704
6974
775
777
6976
848
850
6978
921
923
4829
1
3
5
7
0
9
4627
4628
403
405
400
6967
407
4830
4831
995
997
1587
1589
6980
2179
2181
6982
2771
2773
6984
3363
3365
6986
3955
3957
4625
58
59
6988
60
62
6990
57
6953
64
4655
4656
482
484
6992
481
6969
486
4870
4871
1074
1076
6994
1666
1668
6996
2258
2260
6998
2850
2852
7000
3442
3444
7002
4044
4046
4654
107
108
7004
109
111
7006
106
6955
113
4680
4681
555
557
7008
554
6971
559
4907
4908
1147
1149
7010
1739
1741
7012
2331
2333
7014
2923
2925
7016
3515
3517
7018
4127
4129
4679
156
157
7020
158
160
7022
155
6957
162
4705
4706
628
630
7024
627
6973
632
4944
4945
1220
1222
7026
1812
1814
7028
2404
2406
7030
2996
2998
7032
3588
3590
7034
4210
4212
4704
205
206
7036
207
209
7038
204
6959
211
4730
4731
701
703
7040
700
6975
705
4981
4982
1293
1295
7042
1885
1887
7044
2477
2479
7046
3069
3071
7048
3661
3663
7050
4293
4295
4729
254
255
7052
256
258
7054
253
6961
260
4755
4756
774
776
7056
773
6977
778
5018
5019
1366
1368
7058
1958
1960
7060
2550
2552
7062
3142
3144
7064
3734
3736
7066
4376
4378
4754
303
304
7068
305
307
7070
302
6963
309
4780
4781
847
849
7072
846
6979
851
5055
5056
1439
1441
7074
2031
2033
7076
2623
2625
7078
3215
3217
7080
3807
3809
7082
4459
4461
4779
352
353
7084
354
356
7086
351
6965
358
4805
4806
920
922
7088
919
924
5092
5093
1512
1514
7090
2104
2106
7092
2696
2698
7094
3288
3290
7096
3880
3882
7098
4542
4544
4804
993
994
996
998
7100
992
999
5130
5131
1075
1077
7102
1073
6995
1078
5170
5171
1148
1150
7104
1146
7011
1151
5207
5208
1221
1223
7106
1219
7027
1224
5244
5245
1294
1296
7108
1292
7043
1297
5281
5282
1367
1369
7110
1365
7059
1370
5318
5319
1440
1442
1513
1515
5129
7112
1438
7075
1443
5355
5356
7114
1511
7091
1516
5392
5393
11
13
15
17
68
70
7116
117
119
7118
166
168
7120
215
217
7122
264
266
7124
313
315
7126
362
364
4630
408
409
7128
411
413
7130
488
490
7132
561
563
7134
634
636
7136
707
709
7138
780
782
7140
853
855
7142
926
928
4832
1585
1586
7144
1588
1590
7146
1584
6981
1591
5430
5431
1667
1669
7148
1665
6997
1670
5470
5471
1740
1742
7150
1738
7013
1743
5507
5508
1813
1815
7152
1811
7029
1816
5544
5545
1886
1888
7154
1884
7045
1889
5581
5582
1959
1961
7156
1957
7061
1962
5618
5619
2032
2034
7158
2105
2107
5429
7160
2030
7077
2035
5655
5656
7162
2103
7093
2108
5692
5693
10
12
14
16
7159
18
4631
4632
19
21
4624
410
412
6991
7131
414
4833
4834
415
417
4828
1002
1004
7164
1594
1596
20
22
26
27
4633
23
24
25
4634
4636
28
29
4637
416
418
422
423
4835
419
420
421
4836
4838
424
425
4839
431
432
433
434
4635
437
438
4837
435
436
4845
439
440
4847
7166
2186
2188
7168
2778
2780
7170
3370
3372
7172
3962
3964
4629
30
31
32
33
34
4639
4641
443
444
4640
36
38
4638
426
427
428
429
430
4841
4843
441
442
4842
445
446
4849
4850
448
450
4840
7174
40
42
7176
48
50
4643
7178
452
454
7180
460
462
4853
65
66
7182
67
69
6993
7117
71
4658
4659
72
74
4653
487
489
7007
7133
491
4872
4873
492
494
4869
1079
1081
7184
1671
1673
73
75
79
80
4660
76
77
78
4661
4663
81
82
4664
493
495
499
500
4874
496
497
498
4875
4877
501
502
4878
508
509
510
511
4662
514
515
4876
512
513
4884
516
517
4886
7186
2263
2265
7188
2855
2857
7190
3447
3449
7192
4049
4051
4657
83
84
85
86
87
4666
4668
520
521
4667
89
90
4665
503
504
505
506
507
4880
4882
518
519
4881
522
523
4888
4889
525
526
4879
7194
91
93
7196
97
99
4670
7198
527
529
7200
533
535
4892
114
115
7202
116
118
7009
7119
120
4683
4684
121
123
4678
560
562
7023
7135
564
4909
4910
565
567
4906
1152
1154
7204
1744
1746
122
124
128
129
4685
125
126
127
4686
4688
130
131
4689
566
568
572
573
4911
569
570
571
4912
4914
574
575
4915
581
582
583
584
4687
587
588
4913
585
586
4921
589
590
4923
7206
2336
2338
7208
2928
2930
7210
3520
3522
7212
4132
4134
4682
132
133
134
135
136
4691
4693
593
594
4692
138
139
4690
576
577
578
579
580
4917
4919
591
592
4918
595
596
4925
4926
598
599
4916
7214
140
142
7216
146
148
4695
7218
600
602
7220
606
608
4929
163
164
7222
165
167
7025
7121
169
4708
4709
170
172
4703
633
635
7039
7137
637
4946
4947
638
640
4943
1225
1227
7224
1817
1819
171
173
177
178
4710
174
175
176
4711
4713
179
180
4714
639
641
645
646
4948
642
643
644
4949
4951
647
648
4952
654
655
656
657
4712
660
661
4950
658
659
4958
662
663
4960
7226
2409
2411
7228
3001
3003
7230
3593
3595
7232
4215
4217
4707
181
182
183
184
185
4716
4718
666
667
4717
187
188
4715
649
650
651
652
653
4954
4956
664
665
4955
668
669
4962
4963
671
672
4953
7234
189
191
7236
195
197
4720
7238
673
675
7240
679
681
4966
212
213
7242
214
216
7041
7123
218
4733
4734
219
221
4728
706
708
7055
7139
710
4983
4984
711
713
4980
1298
1300
7244
1890
1892
220
222
226
227
4735
223
224
225
4736
4738
228
229
4739
712
714
718
719
4985
715
716
717
4986
4988
720
721
4989
727
728
729
730
4737
733
734
4987
731
732
4995
735
736
4997
7246
2482
2484
7248
3074
3076
7250
3666
3668
7252
4298
4300
4732
230
231
232
233
234
4741
4743
739
740
4742
236
237
4740
722
723
724
725
726
4991
4993
737
738
4992
741
742
4999
5000
744
745
4990
7254
238
240
7256
244
246
4745
7258
746
748
7260
752
754
5003
261
262
7262
263
265
7057
7125
267
4758
4759
268
270
4753
779
781
7071
7141
783
5020
5021
784
786
5017
1371
1373
7264
1963
1965
269
271
275
276
4760
272
273
274
4761
4763
277
278
4764
785
787
791
792
5022
788
789
790
5023
5025
793
794
5026
800
801
802
803
4762
806
807
5024
804
805
5032
808
809
5034
7266
2555
2557
7268
3147
3149
7270
3739
3741
7272
4381
4383
4757
279
280
281
282
283
4766
4768
812
813
4767
285
286
4765
795
796
797
798
799
5028
5030
810
811
5029
814
815
5036
5037
817
818
5027
7274
287
289
7276
293
295
4770
7278
819
821
7280
825
827
5040
310
311
7282
312
314
7073
7127
316
4783
4784
317
319
4778
852
854
7087
7143
856
5057
5058
857
859
5054
1444
1446
7284
2036
2038
318
320
324
325
4785
321
322
323
4786
4788
326
327
4789
858
860
864
865
5059
861
862
863
5060
5062
866
867
5063
873
874
875
876
4787
879
880
5061
877
878
5069
881
882
5071
7286
2628
2630
7288
3220
3222
7290
3812
3814
7292
4464
4466
4782
328
329
330
331
332
4791
4793
885
886
4792
334
335
4790
868
869
870
871
872
5065
5067
883
884
5066
887
888
5073
5074
890
891
5064
7294
336
338
7296
342
344
4795
7298
892
894
7300
898
900
5077
359
360
7302
361
363
7089
7129
365
4808
4809
366
368
4803
925
927
7101
7145
929
5094
5095
930
932
5091
1517
1519
7304
2109
2111
367
369
373
374
4810
370
371
372
4811
4813
375
376
4814
931
933
937
938
5096
934
935
936
5097
5099
939
940
5100
946
947
948
949
4812
952
953
5098
950
951
5106
954
955
5108
7306
2701
2703
7308
3293
3295
7310
3885
3887
7312
4547
4549
4807
377
378
379
380
381
4816
4818
958
959
4817
383
384
4815
941
942
943
944
945
5102
5104
956
957
5103
960
961
5110
5111
963
964
5101
7314
385
387
7316
391
393
4820
7318
965
967
7320
971
973
5114
1000
1001
1003
1005
7103
1006
5133
5134
1007
1009
5128
1080
1082
7105
7185
1083
5172
5173
1084
1086
5169
1153
1155
7107
7205
1156
5209
5210
1157
1159
5206
1226
1228
7109
7225
1229
5246
5247
1230
1232
5243
1299
1301
7111
7245
1302
5283
5284
1303
1305
5280
1372
1374
7113
7265
1375
5320
5321
1376
1378
5317
1445
1447
7115
7285
1448
5357
5358
1518
1520
5132
7322
7147
7305
1521
5394
5395
1449
1451
5354
7324
7326
7328
7330
7332
7334
7336
7338
7340
7342
7344
7346
7348
7350
7352
7354
7356
7358
7360
7362
7364
7366
7368
7370
7372
7374
7376
7378
7380
7382
7384
7386
7388
1522
1524
5391
7390
1008
1010
7392
1014
1015
5135
1011
1012
1013
5136
5138
1016
1017
5139
1023
7387
1024
1025
1026
4844
1029
1030
5137
1027
1028
5145
1031
1032
5147
1035
7385
1036
4851
1085
1087
1091
1092
5174
1088
1089
1090
5175
5177
1093
1094
5178
1100
7383
1101
1102
1103
4883
1106
1107
5176
1104
1105
5184
1108
1109
5186
1112
7381
1113
4890
1158
1160
1164
1165
5211
1161
1162
1163
5212
5214
1166
1167
5215
1173
7379
1174
1175
1176
4920
1179
1180
5213
1177
1178
5221
1181
1182
5223
1185
7377
1186
4927
1231
1233
1237
1238
5248
1234
1235
1236
5249
5251
1239
1240
5252
1246
7375
1247
1248
1249
4957
1252
1253
5250
1250
1251
5258
1254
1255
5260
1258
7373
1259
4964
1304
1306
1310
1311
5285
1307
1308
1309
5286
5288
1312
1313
5289
1319
7371
1320
1321
1322
4994
1325
1326
5287
1323
1324
5295
1327
1328
5297
1331
7369
1332
5001
1377
7393
1379
7394
7396
7398
7400
7402
7404
7406
7408
7410
7412
7414
7416
7418
7420
7422
7424
7426
7428
7430
7432
7434
1383
1384
5322
1380
1381
1382
5323
5325
1385
1386
5326
1392
7367
1393
1394
1395
5031
1398
1399
5324
1396
1397
5332
1400
1401
5334
1404
7365
1405
5038
1450
7389
1452
7436
7438
7440
7442
7444
1456
1457
5359
1453
1454
1455
5360
5362
1458
1459
5363
1465
7363
1466
1467
1468
5068
1471
1472
5361
1469
1470
5369
1473
1474
5371
1477
7361
1478
5075
1523
7391
1525
7446
7448
7450
7452
7454
1529
1530
5396
1526
1527
1528
5397
5399
1531
1532
5400
1538
7359
1539
1540
1541
5105
1544
1545
5398
1542
1543
5406
1546
1547
5408
1550
7357
1551
5112
1018
1019
1020
1021
1022
5141
5143
1033
7433
1034
5142
1037
7431
1038
5149
5150
1040
1042
5140
1095
1096
1097
1098
1099
5180
5182
1110
7429
1111
5181
1114
7427
1115
5188
5189
1117
1118
5179
1168
1169
1170
1171
1172
5217
5219
1183
7425
1184
5218
1187
7423
1188
5225
5226
1190
1191
5216
1241
1242
1243
1244
1245
5254
5256
1256
7421
1257
5255
1260
7419
1261
5262
5263
1263
1264
5253
1314
7435
1315
1316
1317
1318
5291
5293
1329
7417
1330
5292
1333
7415
1334
5299
5300
1336
1337
5290
1387
7445
1388
1389
1390
1391
5328
5330
1402
7443
1403
5329
1406
7441
1407
5336
5337
1409
1410
5327
1460
7455
1461
1462
1463
1464
5365
5367
1475
7453
1476
5366
1479
7451
1480
5373
5374
1482
1483
5364
1533
1534
1535
1536
1537
5402
5404
1548
1549
5403
1552
1553
5410
5411
1555
1556
5401
1044
1046
7456
1052
1054
5153
7458
1119
1121
7460
1125
1127
5192
7462
1192
1194
7464
1198
1200
5229
7466
1265
1267
7468
1271
1273
5266
7470
1338
1340
7472
1344
1346
5303
7474
1411
1413
7476
1417
1419
5340
7478
1484
1486
7480
1490
1492
5377
7482
1557
1559
7484
1563
1565
5414
2177
2178
2180
2182
2176
7486
6983
2183
5730
5731
2259
2261
2257
6999
2262
5770
5771
2332
2334
7488
2330
7015
2335
5807
5808
2405
2407
7490
2403
7031
2408
5844
5845
2478
2480
7492
2476
7047
2481
5881
5882
2551
2553
7494
2549
7063
2554
5918
5919
2624
2626
2697
2699
5729
7496
2622
7079
2627
5955
5956
7498
2695
7095
2700
5992
5993
1592
1593
1595
1597
7500
7149
7167
1598
5433
5434
1599
1601
5428
1672
1674
7151
7187
1675
5472
5473
1676
1678
5469
1745
1747
7153
7207
1748
5509
5510
1749
1751
5506
1818
1820
7155
7227
1821
5546
5547
1822
1824
5543
1891
1893
7157
7247
1894
5583
5584
1895
1897
5580
1964
1966
7161
7267
1967
5620
5621
1968
1970
5617
2037
2039
7163
7287
2040
5657
5658
2110
2112
5432
7502
7323
7307
2113
5694
5695
2041
2043
5654
7504
7506
7508
7510
7512
7514
7516
7518
7520
7522
7524
7526
7528
7530
7532
7534
7536
7538
2114
2116
5691
7540
1600
1602
7542
1606
1607
5435
1603
1604
1605
5436
5438
1608
1609
5439
1615
7413
1616
1617
1618
5144
1621
1622
5437
1619
1620
5445
1623
1624
5447
1627
7539
1628
5151
1677
1679
7544
7546
7548
7550
1683
1684
5474
1680
1681
1682
5475
5477
1685
1686
5478
1692
7411
1693
1694
1695
5183
1698
1699
5476
1696
1697
5484
1700
1701
5486
1704
7537
1705
5190
1750
1752
7552
7554
7556
7558
1756
1757
5511
1753
1754
1755
5512
5514
1758
1759
5515
1765
7409
1766
1767
1768
5220
1771
1772
5513
1769
1770
5521
1773
1774
5523
1777
7535
1778
5227
1823
1825
7560
7562
7564
7566
1829
1830
5548
1826
1827
1828
5549
5551
1831
1832
5552
1838
7407
1839
1840
1841
5257
1844
1845
5550
1842
1843
5558
1846
1847
5560
1850
7533
1851
5264
1896
1898
7568
7570
7572
7574
1902
1903
5585
1899
1900
1901
5586
5588
1904
1905
5589
1911
7405
1912
1913
1914
5294
1917
1918
5587
1915
1916
5595
1919
1920
5597
1923
7531
1924
5301
1969
1971
7576
7578
7580
7582
1975
1976
5622
1972
1973
1974
5623
5625
1977
1978
5626
1984
7439
1985
1986
1987
5331
1990
1991
5624
1988
1989
5632
1992
1993
5634
1996
7529
1997
5338
2042
7584
7586
7588
7590
7543
2044
7592
2048
2049
5659
2045
2046
2047
5660
5662
2050
2051
5663
2057
7449
2058
2059
2060
5368
2063
2064
5661
2061
2062
5669
2065
2066
5671
2069
7527
2070
5375
2115
7594
7596
7598
7600
7541
2117
7602
2121
2122
5696
2118
2119
2120
5697
5699
2123
2124
5700
2130
7525
2131
2132
2133
5405
2136
2137
5698
2134
2135
5706
2138
2139
5708
2142
7523
2143
5412
1610
1611
1612
1613
1614
5441
5443
1625
7551
1626
5442
1629
7549
1630
5449
5450
1632
1634
5440
1687
1688
1689
1690
1691
5480
5482
1702
7559
1703
5481
1706
7557
1707
5488
5489
1709
1710
5479
1760
1761
1762
1763
1764
5517
5519
1775
7567
1776
5518
1779
7565
1780
5525
5526
1782
1783
5516
1833
1834
1835
1836
1837
5554
5556
1848
7575
1849
5555
1852
7573
1853
5562
5563
1855
1856
5553
1906
1907
1908
1909
1910
5591
5593
1921
7583
1922
5592
1925
7581
1926
5599
5600
1928
1929
5590
1979
7593
1980
1981
1982
1983
5628
5630
1994
7591
1995
5629
1998
7589
1999
5636
5637
2001
2002
5627
2052
7603
2053
2054
2055
2056
5665
5667
2067
7601
2068
5666
2071
7599
2072
5673
5674
2074
2075
5664
2125
2126
2127
2128
2129
5702
5704
2140
2141
5703
2144
2145
5710
5711
2147
2148
5701
1636
1638
7604
1644
1646
5453
7606
1711
1713
7608
1717
1719
5492
7610
1784
1786
7612
1790
1792
5529
7614
1857
1859
7616
1863
1865
5566
7618
1930
1932
7620
1936
1938
5603
7622
2003
2005
7624
2009
2011
5640
7626
2076
2078
7628
2082
2084
5677
7630
2149
2151
7632
2155
2157
5714
2769
2770
2772
2774
2768
7634
6985
2775
6030
6031
2851
2853
2849
7001
2854
6070
6071
2924
2926
7636
2922
7017
2927
6107
6108
2997
2999
7638
2995
7033
3000
6144
6145
3070
3072
7640
3068
7049
3073
6181
6182
3143
3145
7642
3141
7065
3146
6218
6219
3216
3218
3289
3291
6029
7644
3214
7081
3219
6255
6256
7646
3287
7097
3292
6292
6293
2184
2185
2187
2189
7648
7503
7169
2190
5733
5734
2191
2193
5728
2264
2266
7489
7189
2267
5772
5773
2268
2270
5769
2337
2339
7491
7209
2340
5809
5810
2341
2343
5806
2410
2412
7493
7229
2413
5846
5847
2414
2416
5843
2483
2485
7495
7249
2486
5883
5884
2487
2489
5880
2556
2558
7497
7269
2559
5920
5921
2560
2562
5917
2629
2631
7499
7289
2632
5957
5958
2702
2704
5732
7650
7501
7309
2705
5994
5995
7652
7654
7656
7658
7660
7662
7664
7666
7668
7670
7672
2633
2635
5954
7674
7676
7678
7680
7682
7684
7686
7688
2706
2708
5991
7690
2192
2194
7692
2198
2199
5735
2195
2196
2197
5736
5738
2200
2201
5739
2207
7547
2208
2209
2210
5444
2213
2214
5737
2211
2212
5745
2215
2216
5747
2219
7687
2220
5451
2269
2271
2275
2276
5774
2272
2273
2274
5775
5777
2277
2278
5778
2284
7555
2285
2286
2287
5483
2290
2291
5776
2288
2289
5784
2292
2293
5786
2296
7685
2297
5490
2342
2344
2348
2349
5811
2345
2346
2347
5812
5814
2350
2351
5815
2357
7563
2358
2359
2360
5520
2363
2364
5813
2361
2362
5821
2365
2366
5823
2369
7683
2370
5527
2415
2417
2421
2422
5848
2418
2419
2420
5849
5851
2423
2424
5852
2430
7571
2431
2432
2433
5557
2436
2437
5850
2434
2435
5858
2438
2439
5860
2442
7681
2443
5564
2488
2490
2494
2495
5885
2491
2492
2493
5886
5888
2496
2497
5889
2503
7579
2504
2505
2506
5594
2509
2510
5887
2507
2508
5895
2511
2512
5897
2515
7679
2516
5601
2561
7693
2563
7694
7696
7698
7700
7702
7704
7706
7708
7710
7712
7714
7716
7718
7720
7722
7724
7726
7728
7730
7732
2567
2568
5922
2564
2565
2566
5923
5925
2569
2570
5926
2576
7587
2577
2578
2579
5631
2582
2583
5924
2580
2581
5932
2584
2585
5934
2588
7677
2589
5638
2634
7734
7736
7738
7740
7742
7689
2636
7744
2640
2641
5959
2637
2638
2639
5960
5962
2642
2643
5963
2649
7597
2650
2651
2652
5668
2655
2656
5961
2653
2654
5969
2657
2658
5971
2661
7675
2662
5675
2707
7691
2709
7746
7748
7750
7752
2713
2714
5996
2710
2711
2712
5997
5999
2715
2716
6000
2722
7673
2723
2724
2725
5705
2728
2729
5998
2726
2727
6006
2730
2731
6008
2734
7671
2735
5712
2202
2203
2204
2205
2206
5741
5743
2217
7733
2218
5742
2221
7731
2222
5749
5750
2224
2226
5740
2279
2280
2281
2282
2283
5780
5782
2294
7729
2295
5781
2298
7727
2299
5788
5789
2301
2302
5779
2352
2353
2354
2355
2356
5817
5819
2367
7725
2368
5818
2371
7723
2372
5825
5826
2374
2375
5816
2425
2426
2427
2428
2429
5854
5856
2440
7721
2441
5855
2444
7719
2445
5862
5863
2447
2448
5853
2498
7745
2499
2500
2501
2502
5891
5893
2513
7717
2514
5892
2517
7715
2518
5899
5900
2520
2521
5890
2571
7743
2572
2573
2574
2575
5928
5930
2586
7741
2587
5929
2590
7739
2591
5936
5937
2593
2594
5927
2644
2645
2646
2647
2648
5965
5967
2659
7753
2660
5966
2663
7751
2664
5973
5974
2666
2667
5964
2717
2718
2719
2720
2721
6002
6004
2732
2733
6003
2736
2737
6010
6011
2739
2740
6001
2228
2230
7754
2236
2238
5753
7756
2303
2305
7758
2309
2311
5792
7760
2376
2378
7762
2382
2384
5829
7764
2449
2451
7766
2455
2457
5866
7768
2522
2524
7770
2528
2530
5903
7772
2595
2597
7774
2601
2603
5940
7776
2668
2670
7778
2674
2676
5977
7780
2741
2743
7782
2747
2749
6014
3361
3362
3364
3366
3360
7784
6987
3367
6330
6331
3443
3445
3441
7003
3446
6370
6371
3516
3518
7786
3514
7019
3519
6407
6408
3589
3591
7788
3587
7035
3592
6444
6445
3662
3664
7790
3660
7051
3665
6481
6482
3735
3737
7792
3733
7067
3738
6518
6519
3808
3810
3881
3883
6329
7794
3806
7083
3811
6555
6556
7796
3879
7099
3884
6592
6593
2776
2777
2779
2781
7798
7651
7171
2782
6033
6034
2783
2785
6028
2856
2858
7637
7191
2859
6072
6073
2860
2862
6069
2929
2931
7639
7211
2932
6109
6110
2933
2935
6106
3002
3004
7641
7231
3005
6146
6147
3006
3008
6143
3075
3077
7643
7251
3078
6183
6184
3079
3081
6180
3148
3150
7645
7271
3151
6220
6221
3152
3154
6217
3221
3223
7647
7291
3224
6257
6258
3294
3296
6032
7800
7649
7311
3297
6294
6295
3225
3227
6254
7802
7804
7806
7808
7810
7812
7814
7816
7818
7820
7822
7824
7826
7828
7830
7832
7834
7836
7838
3298
3300
6291
7840
2784
2786
7842
2790
2791
6035
2787
2788
2789
6036
6038
2792
2793
6039
2799
7713
2800
2801
2802
5744
2805
2806
6037
2803
2804
6045
2807
2808
6047
2811
7837
2812
5751
2861
2863
2867
2868
6074
2864
2865
2866
6075
6077
2869
2870
6078
2876
7711
2877
2878
2879
5783
2882
2883
6076
2880
2881
6084
2884
2885
6086
2888
7835
2889
5790
2934
2936
2940
2941
6111
2937
2938
2939
6112
6114
2942
2943
6115
2949
7709
2950
2951
2952
5820
2955
2956
6113
2953
2954
6121
2957
2958
6123
2961
7833
2962
5827
3007
3009
3013
3014
6148
3010
3011
3012
6149
6151
3015
3016
6152
3022
7707
3023
3024
3025
5857
3028
3029
6150
3026
3027
6158
3030
3031
6160
3034
7831
3035
5864
3080
3082
3086
3087
6185
3083
3084
3085
6186
6188
3088
3089
6189
3095
7705
3096
3097
3098
5894
3101
3102
6187
3099
3100
6195
3103
3104
6197
3107
7829
3108
5901
3153
7843
3155
7844
7846
7848
7850
7852
7854
7856
7858
7860
7862
7864
7866
7868
7870
7872
7874
7876
7878
7880
7882
3159
3160
6222
3156
3157
3158
6223
6225
3161
3162
6226
3168
7737
3169
3170
3171
5931
3174
3175
6224
3172
3173
6232
3176
3177
6234
3180
7827
3181
5938
3226
7884
7886
7888
7890
7839
3228
7892
3232
3233
6259
3229
3230
3231
6260
6262
3234
3235
6263
3241
7749
3242
3243
3244
5968
3247
3248
6261
3245
3246
6269
3249
3250
6271
3253
7825
3254
5975
3299
7894
7896
7898
7900
7841
3301
7902
3305
3306
6296
3302
3303
3304
6297
6299
3307
3308
6300
3314
7823
3315
3316
3317
6005
3320
3321
6298
3318
3319
6306
3322
3323
6308
3326
7821
3327
6012
2794
2795
2796
2797
2798
6041
6043
2809
7883
2810
6042
2813
7881
2814
6049
6050
2816
2818
6040
2871
2872
2873
2874
2875
6080
6082
2886
7879
2887
6081
2890
7877
2891
6088
6089
2893
2894
6079
2944
2945
2946
2947
2948
6117
6119
2959
7875
2960
6118
2963
7873
2964
6125
6126
2966
2967
6116
3017
3018
3019
3020
3021
6154
6156
3032
7871
3033
6155
3036
7869
3037
6162
6163
3039
3040
6153
3090
3091
3092
3093
3094
6191
6193
3105
7867
3106
6192
3109
7865
3110
6199
6200
3112
3113
6190
3163
7893
3164
3165
3166
3167
6228
6230
3178
7891
3179
6229
3182
7889
3183
6236
6237
3185
3186
6227
3236
7903
3237
3238
3239
3240
6265
6267
3251
7901
3252
6266
3255
7899
3256
6273
6274
3258
3259
6264
3309
3310
3311
3312
3313
6302
6304
3324
3325
6303
3328
3329
6310
6311
3331
3332
6301
2820
2822
7904
2828
2830
6053
7906
2895
2897
7908
2901
2903
6092
7910
2968
2970
7912
2974
2976
6129
7914
3041
3043
7916
3047
3049
6166
7918
3114
3116
7920
3120
3122
6203
7922
3187
3189
7924
3193
3195
6240
7926
3260
3262
7928
3266
3268
6277
7930
3333
3335
7932
3339
3341
6314
3953
3954
3956
3958
3952
7934
6989
3959
6630
6631
4045
4047
4043
7005
4048
6673
6674
4128
4130
7936
4126
7021
4131
6713
6714
4211
4213
7938
4209
7037
4214
6753
6754
4294
4296
7940
4292
7053
4297
6793
6794
4377
4379
7942
4375
7069
4380
6833
6834
4460
4462
4543
4545
6629
7944
4458
7085
4463
6873
6874
7946
4541
7165
4546
6913
6914
3368
3369
3371
3373
7948
7801
7173
3374
6333
6334
3375
3377
6328
3448
3450
7787
7193
3451
6372
6373
3452
3454
6369
3521
3523
7789
7213
3524
6409
6410
3525
3527
6406
3594
3596
7791
7233
3597
6446
6447
3598
3600
6443
3667
3669
7793
7253
3670
6483
6484
3671
3673
6480
3740
3742
7795
7273
3743
6520
6521
3744
3746
6517
3813
3815
7797
7293
3816
6557
6558
3886
3888
6332
7950
7799
7313
3889
6594
6595
3817
3819
6554
7952
7954
7956
7958
7960
7962
7964
7966
7968
7970
7972
7974
7976
7978
7980
7982
7984
7986
3890
3892
6591
7988
3376
3378
7990
3382
3383
6335
3379
3380
3381
6336
6338
3384
3385
6339
3391
7863
3392
3393
3394
6044
3397
3398
6337
3395
3396
6345
3399
3400
6347
3403
7987
3404
6051
3453
3455
7992
7994
7996
7998
3459
3460
6374
3456
3457
3458
6375
6377
3461
3462
6378
3468
7861
3469
3470
3471
6083
3474
3475
6376
3472
3473
6384
3476
3477
6386
3480
7985
3481
6090
3526
3528
8000
8002
8004
8006
3532
3533
6411
3529
3530
3531
6412
6414
3534
3535
6415
3541
7859
3542
3543
3544
6120
3547
3548
6413
3545
3546
6421
3549
3550
6423
3553
7983
3554
6127
3599
3601
8008
8010
8012
8014
3605
3606
6448
3602
3603
3604
6449
6451
3607
3608
6452
3614
7857
3615
3616
3617
6157
3620
3621
6450
3618
3619
6458
3622
3623
6460
3626
7981
3627
6164
3672
3674
8016
8018
8020
8022
3678
3679
6485
3675
3676
3677
6486
6488
3680
3681
6489
3687
7855
3688
3689
3690
6194
3693
3694
6487
3691
3692
6495
3695
3696
6497
3699
7979
3700
6201
3745
3747
8024
8026
8028
8030
3751
3752
6522
3748
3749
3750
6523
6525
3753
3754
6526
3760
7887
3761
3762
3763
6231
3766
3767
6524
3764
3765
6532
3768
3769
6534
3772
7977
3773
6238
3818
8032
8034
8036
8038
7991
3820
8040
3824
3825
6559
3821
3822
3823
6560
6562
3826
3827
6563
3833
7897
3834
3835
3836
6268
3839
3840
6561
3837
3838
6569
3841
3842
6571
3845
7975
3846
6275
3891
8042
8044
8046
8048
7989
3893
8050
3897
3898
6596
3894
3895
3896
6597
6599
3899
3900
6600
3906
7973
3907
3908
3909
6305
3912
3913
6598
3910
3911
6606
3914
3915
6608
3918
7971
3919
6312
3386
3387
3388
3389
3390
6341
6343
3401
7999
3402
6342
3405
7997
3406
6349
6350
3408
3410
6340
3463
3464
3465
3466
3467
6380
6382
3478
8007
3479
6381
3482
8005
3483
6388
6389
3485
3486
6379
3536
3537
3538
3539
3540
6417
6419
3551
8015
3552
6418
3555
8013
3556
6425
6426
3558
3559
6416
3609
3610
3611
3612
3613
6454
6456
3624
8023
3625
6455
3628
8021
3629
6462
6463
3631
3632
6453
3682
3683
3684
3685
3686
6491
6493
3697
8031
3698
6492
3701
8029
3702
6499
6500
3704
3705
6490
3755
8041
3756
3757
3758
3759
6528
6530
3770
8039
3771
6529
3774
8037
3775
6536
6537
3777
3778
6527
3828
8051
3829
3830
3831
3832
6565
6567
3843
8049
3844
6566
3847
8047
3848
6573
6574
3850
3851
6564
3901
3902
3903
3904
3905
6602
6604
3916
3917
6603
3920
3921
6610
6611
3923
3924
6601
3412
3414
8052
3420
3422
6353
8054
3487
3489
8056
3493
3495
6392
8058
3560
3562
8060
3566
3568
6429
8062
3633
3635
8064
3639
3641
6466
8066
3706
3708
8068
3712
3714
6503
8070
3779
3781
8072
3785
3787
6540
8074
3852
3854
8076
3858
3860
6577
8078
3925
3927
8080
3931
3933
6614
3960
3961
3963
3965
7951
8082
7175
3966
6633
6634
3967
3969
6628
4050
4052
7937
7195
4053
6675
6676
4054
4056
6672
4133
4135
7939
7215
4136
6715
6716
4137
4139
6712
4216
4218
7941
7235
4219
6755
6756
4220
4222
6752
4299
4301
7943
7255
4302
6795
6796
4303
4305
6792
4382
4384
7945
7275
4385
6835
6836
4386
4388
6832
4465
4467
7947
7295
4468
6875
6876
4548
4550
6632
7949
7315
4551
6915
6916
8084
8086
8088
8090
8092
8094
8096
8098
8100
8102
8104
4469
4471
6872
8106
8108
8110
8112
8114
8116
8118
8120
4552
4554
6912
8122
3968
3970
8124
3974
3975
6635
3971
3972
3973
6636
6638
3976
3977
6639
3983
7995
3984
3985
3986
6344
3989
3990
6637
4042
6644
3987
3988
6645
3991
3992
6647
3995
8119
3996
6351
4055
4057
4061
4062
6677
4058
4059
4060
6678
6680
4063
4064
6681
4070
8003
4071
4072
4073
6383
4076
4077
6679
4125
6686
4074
4075
6687
4078
4079
6689
4082
8117
4083
6390
4138
4140
4144
4145
6717
4141
4142
4143
6718
6720
4146
4147
6721
4153
8011
4154
4155
4156
6420
4159
4160
6719
4208
6726
4157
4158
6727
4161
4162
6729
4165
8115
4166
6427
4221
4223
4227
4228
6757
4224
4225
4226
6758
6760
4229
4230
6761
4236
8019
4237
4238
4239
6457
4242
4243
6759
4291
6766
4240
4241
6767
4244
4245
6769
4248
8113
4249
6464
4304
4306
4310
4311
6797
4307
4308
4309
6798
6800
4312
4313
6801
4319
8027
4320
4321
4322
6494
4325
4326
6799
4374
6806
4323
4324
6807
4327
4328
6809
4331
8111
4332
6501
4387
8125
4389
8126
8128
8130
8132
8134
8136
8138
8140
8142
8144
8146
8148
8150
8152
8154
4393
4394
6837
4390
4391
4392
6838
6840
4395
4396
6841
4402
8035
4403
4404
4405
6531
4408
4409
6839
4457
6846
4406
4407
6847
4410
4411
6849
4414
8109
4415
6538
4470
8156
8158
8160
8162
8121
4472
8164
4476
4477
6877
4473
4474
4475
6878
6880
4478
4479
6881
4485
8045
4486
4487
4488
6568
4491
4492
6879
4540
6886
4489
4490
6887
4493
4494
6889
4497
8107
4498
6575
4553
8123
4555
8166
8168
8170
4559
4560
6917
4556
4557
4558
6918
6920
4561
4562
6921
4568
8105
4569
4570
4571
6605
4574
4575
6919
4623
6926
4572
4573
6927
4576
4577
6929
4580
8103
4581
6612
3978
3979
3980
3981
3982
6641
6643
3993
8155
3994
6642
3997
8153
3998
6649
6650
4041
4033
4034
6651
4000
4002
6640
4065
4066
4067
4068
4069
6683
6685
4080
8151
4081
6684
4084
8149
4085
6691
6692
4124
4116
4117
6693
4087
4088
6682
4148
4149
4150
4151
4152
6723
6725
4163
8147
4164
6724
4167
8145
4168
6731
6732
4207
4199
4200
6733
4170
4171
6722
4231
4232
4233
4234
4235
6763
6765
4246
8143
4247
6764
4250
8141
4251
6771
6772
4290
4282
4283
6773
4253
4254
6762
4314
8165
4315
4316
4317
4318
6803
6805
4329
8139
4330
6804
4333
8137
4334
6811
6812
4373
4365
4366
6813
4336
4337
6802
4397
8163
4398
4399
4400
4401
6843
6845
4412
8161
4413
6844
4416
8159
4417
6851
6852
4456
4448
4449
6853
4419
4420
6842
4480
4481
4482
4483
4484
6883
6885
4495
8171
4496
6884
4499
8169
4500
6891
6892
4539
4531
4532
6893
4502
4503
6882
4563
4564
4565
4566
4567
6923
6925
4578
4579
6924
4582
4583
6931
6932
4622
4614
4615
6933
4585
4586
6922
4004
4006
8172
4012
4014
6653
8174
4089
4091
8176
4095
4097
6695
8178
4172
4174
8180
4178
4180
6735
8182
4255
4257
8184
4261
4263
6775
8186
4338
4340
8188
4344
4346
6815
8190
4421
4423
8192
4427
4429
6855
8194
4504
4506
8196
4510
4512
6895
8198
4587
4589
8200
4593
4595
6935
37
39
41
43
35
8202
7177
44
4645
4646
53
54
4642
473
7355
474
4651
92
94
88
7197
95
4671
4672
102
103
4669
546
7353
547
4676
141
143
137
7217
144
4696
4697
151
152
4694
619
7351
620
4701
190
192
186
7237
193
4721
4722
200
201
4719
692
7349
693
4726
239
241
235
7257
242
4746
4747
249
250
4744
765
7347
766
4751
288
290
284
7277
291
4771
4772
298
299
4769
838
7345
839
4776
337
339
386
388
4644
333
7297
340
4796
4797
347
348
4794
382
7317
389
4821
4822
8204
8206
8208
8210
8212
8214
8216
8218
8220
8222
8224
8226
8228
8230
8232
8234
8236
8238
8240
8242
8244
8246
8248
8250
396
397
4819
911
8252
7343
912
4801
984
7341
985
4826
46
47
49
51
45
7179
52
4649
4650
55
56
4647
8254
8256
8258
475
8249
476
4652
4846
98
100
96
7199
101
4674
4675
104
105
4673
548
8260
8247
549
4677
4885
147
149
145
7219
150
4699
4700
153
154
4698
621
8262
8245
622
4702
4922
196
198
194
7239
199
4724
4725
202
203
4723
694
8264
8243
695
4727
4959
245
247
243
7259
248
4749
4750
251
252
4748
767
8266
8241
768
4752
4996
294
296
292
7279
297
4774
4775
300
301
4773
840
8268
8239
841
4777
5033
343
345
392
394
4648
341
7299
346
4799
4800
349
350
4798
390
7319
395
4824
4825
398
399
4823
8270
913
8272
8257
914
4802
5070
986
8255
987
4827
5107
449
451
453
455
447
7181
456
4855
4856
465
467
4852
466
8274
7339
468
4861
477
478
4862
4865
1065
7403
1066
4867
528
530
524
7201
531
4893
4894
538
540
4891
539
7337
541
4898
550
551
4899
4902
1138
7401
1139
4904
601
603
597
7221
604
4930
4931
611
613
4928
612
7335
614
4935
623
624
4936
4939
1211
7399
1212
4941
674
676
670
7241
677
4967
4968
684
686
4965
685
7333
687
4972
696
697
4973
4976
1284
7397
1285
4978
747
749
743
7261
750
5004
5005
757
759
5002
758
7331
760
5009
769
8276
8278
8280
8282
8284
8286
8288
8290
8292
8294
8253
770
5010
5013
1357
7395
1358
5015
820
822
816
7281
823
5041
5042
830
832
5039
831
7329
833
5046
842
8296
8298
8251
843
5047
5050
1430
7437
1431
5052
893
895
966
968
4854
889
7301
896
5078
5079
903
905
5076
962
7321
969
5115
5116
8300
976
978
5113
8302
904
8304
7327
906
5083
915
8306
8273
916
5084
5087
977
7325
979
5120
988
8308
8259
989
5121
5124
1503
7447
1504
5089
1576
7521
1577
5126
458
459
461
463
457
7183
464
4859
4860
469
471
4857
8310
8312
470
8314
8293
472
4848
4863
479
8261
480
4864
4866
1067
8291
1068
4868
5146
534
536
532
7203
537
4896
4897
542
544
4895
543
8316
8289
545
4887
4900
552
8263
553
4901
4903
1140
8287
1141
4905
5185
607
609
605
7223
610
4933
4934
615
617
4932
616
8318
8285
618
4924
4937
625
8265
626
4938
4940
1213
8283
1214
4942
5222
680
682
678
7243
683
4970
4971
688
690
4969
689
8320
8281
691
4961
4974
698
8267
699
4975
4977
1286
8279
1287
4979
5259
753
755
751
7263
756
5007
5008
761
763
5006
762
8322
8277
764
4998
5011
771
8269
772
5012
5014
1359
8299
1360
5016
5296
826
828
824
7283
829
5044
5045
834
836
5043
835
8324
8297
837
5035
5048
844
8271
845
5049
5051
1432
8301
1433
5053
5333
899
901
972
974
4858
897
7303
902
5081
5082
907
909
5080
970
975
5118
5119
980
982
5117
8326
908
8328
8307
910
5072
5085
917
918
5086
5088
981
8309
983
5109
5122
990
8275
991
5123
5125
1505
8313
1506
5090
5370
1578
8311
1579
5127
5407
1041
1043
1045
1047
1039
7457
1048
5155
5156
1057
1059
5152
1058
7519
1060
5161
1069
1070
5162
5165
1657
7545
1658
5167
1120
1122
1116
7461
1123
5193
5194
1130
1132
5191
1131
7517
1133
5198
1142
1143
5199
5202
1730
7553
1731
5204
1193
1195
1189
7465
1196
5230
5231
1203
1205
5228
1204
7515
1206
5235
1215
1216
5236
5239
1803
7561
1804
5241
1266
1268
1262
7469
1269
5267
5268
1276
1278
5265
1277
7513
1279
5272
1288
8330
8332
8334
8336
8338
8340
8342
8295
1289
5273
5276
1876
7569
1877
5278
1339
1341
1335
7473
1342
5304
5305
1349
1351
5302
8344
1350
8346
7511
1352
5309
1361
8348
8305
1362
5310
5313
1949
7577
1950
5315
1412
1414
1408
7477
1415
5341
5342
1422
1424
5339
8350
1423
8352
7509
1425
5346
1434
8354
8303
1435
5347
5350
2022
7585
2023
5352
1485
1487
1558
1560
5154
1481
7481
1488
5378
5379
1495
1497
5376
1554
7485
1561
5415
5416
8356
1568
1570
5413
8358
1496
8360
7507
1498
5383
1507
8362
8329
1508
5384
5387
1569
7505
1571
5420
1580
8364
8366
8315
1581
5421
5424
2095
7595
2096
5389
2168
7669
2169
5426
1050
1051
1053
1055
1049
7459
1056
5159
5160
1061
1063
5157
1062
8343
1064
5148
5163
1071
8368
8370
8372
8317
1072
5164
5166
1659
8341
1660
5168
5446
1126
1128
1124
7463
1129
5196
5197
1134
1136
5195
1135
8339
1137
5187
5200
1144
8319
1145
5201
5203
1732
8337
1733
5205
5485
1199
1201
1197
7467
1202
5233
5234
1207
1209
5232
1208
8374
8335
1210
5224
5237
1217
8321
1218
5238
5240
1805
8333
1806
5242
5522
1272
1274
1270
7471
1275
5270
5271
1280
1282
5269
1281
8376
8331
1283
5261
5274
1290
8323
1291
5275
5277
1878
8345
1879
5279
5559
1345
1347
1343
7475
1348
5307
5308
1353
1355
5306
1354
8378
8349
1356
5298
5311
1363
8325
1364
5312
5314
1951
8351
1952
5316
5596
1418
1420
1416
7479
1421
5344
5345
1426
1428
5343
1427
8380
8355
1429
5335
5348
1436
8327
1437
5349
5351
2024
8357
2025
5353
5633
1491
1493
1564
1566
5158
1489
7483
1494
5381
5382
1499
1501
5380
1562
7487
1567
5418
5419
1572
1574
5417
8382
1500
8384
8363
1502
5372
5385
1509
1510
5386
5388
1573
8365
1575
5409
5422
1582
1583
5423
5425
2097
8371
2098
5390
5670
2170
8369
2171
5427
5707
1633
1635
1637
1639
1631
7605
1640
5455
5456
1649
1651
5452
1650
7667
1652
5461
1661
1662
5462
5465
2249
7703
2250
5467
1712
1714
1708
7609
1715
5493
5494
1722
1724
5491
1723
7665
1725
5498
1734
8386
8388
8367
1735
5499
5502
2322
7701
2323
5504
1785
1787
1781
7613
1788
5530
5531
1795
1797
5528
1796
7663
1798
5535
1807
8390
8392
8394
8396
8361
1808
5536
5539
2395
7699
2396
5541
1858
1860
1854
7617
1861
5567
5568
1868
1870
5565
1869
7661
1871
5572
1880
8398
8400
8402
8347
1881
5573
5576
2468
7697
2469
5578
1931
1933
1927
7621
1934
5604
5605
1941
1943
5602
1942
7659
1944
5609
1953
8404
8406
8408
8353
1954
5610
5613
2541
7695
2542
5615
2004
2006
2000
7625
2007
5641
5642
2014
2016
5639
2015
7657
2017
5646
2026
8410
8412
8414
8359
2027
5647
5650
2614
7735
2615
5652
2077
2079
2150
2152
5454
2073
7629
2080
5678
5679
2087
2089
5676
2146
7633
2153
5715
5716
2160
2162
5713
8416
8418
2088
7655
2090
5683
2099
2100
5684
5687
2161
7653
2163
5720
2172
8373
2173
5721
5724
2687
7747
2688
5689
2760
7819
2761
5726
1642
1643
1645
1647
1641
7607
1648
5459
5460
1653
1655
5457
1654
8395
1656
5448
5463
1663
8420
8422
8424
8426
8428
8385
1664
5464
5466
2251
8389
2252
5468
5746
1718
1720
1716
7611
1721
5496
5497
1726
1728
5495
1727
8387
1729
5487
5500
1736
8375
1737
5501
5503
2324
8393
2325
5505
5785
1791
1793
1789
7615
1794
5533
5534
1799
1801
5532
1800
8430
8391
1802
5524
5537
1809
8377
1810
5538
5540
2397
8401
2398
5542
5822
1864
1866
1862
7619
1867
5570
5571
1872
1874
5569
1873
8432
8399
1875
5561
5574
1882
8379
1883
5575
5577
2470
8407
2471
5579
5859
1937
1939
1935
7623
1940
5607
5608
1945
1947
5606
1946
8434
8405
1948
5598
5611
1955
8381
1956
5612
5614
2543
8413
2544
5616
5896
2010
2012
2008
7627
2013
5644
5645
2018
2020
5643
2019
8436
8411
2021
5635
5648
2028
8383
2029
5649
5651
2616
8417
2617
5653
5933
2083
2085
2156
2158
5458
2081
7631
2086
5681
5682
2091
2093
5680
2154
7635
2159
5718
5719
2164
2166
5717
8438
2092
8440
8427
2094
5672
5685
2101
2102
5686
5688
2165
8425
2167
5709
5722
2174
2175
5723
5725
2689
8423
2690
5690
5970
2762
8421
2763
5727
6007
2225
2227
2229
2231
2223
7755
2232
5755
5756
2241
2243
5752
2242
7817
2244
5761
2253
2254
5762
5765
2841
7853
2842
5767
2304
2306
2300
7759
2307
5793
5794
2314
2316
5791
2315
7815
2317
5798
2326
8442
8444
8397
2327
5799
5802
2914
7851
2915
5804
2377
2379
2373
7763
2380
5830
5831
2387
2389
5828
2388
7813
2390
5835
2399
8446
8448
8450
8452
8403
2400
5836
5839
2987
7849
2988
5841
2450
2452
2446
7767
2453
5867
5868
2460
2462
5865
2461
7811
2463
5872
2472
8454
8456
8458
8409
2473
5873
5876
3060
7847
3061
5878
2523
2525
2519
7771
2526
5904
5905
2533
2535
5902
2534
7809
2536
5909
2545
8460
8462
8464
8415
2546
5910
5913
3133
7845
3134
5915
2596
2598
2592
7775
2599
5941
5942
2606
2608
5939
2607
7807
2609
5946
2618
8466
8468
8470
8419
2619
5947
5950
3206
7885
3207
5952
2669
2671
2742
2744
5754
2665
7779
2672
5978
5979
2679
2681
5976
2738
7783
2745
6015
6016
2752
2754
6013
8472
8474
2680
7805
2682
5983
2691
2692
5984
5987
2753
7803
2755
6020
2764
8429
2765
6021
6024
3279
7895
3280
5989
3352
7969
3353
6026
2234
2235
2237
2239
2233
7757
2240
5759
5760
2245
2247
5757
2246
8451
2248
5748
5763
2255
8476
8478
8480
8482
8484
8441
2256
5764
5766
2843
8445
2844
5768
6046
2310
2312
2308
7761
2313
5796
5797
2318
2320
5795
2319
8443
2321
5787
5800
2328
8431
2329
5801
5803
2916
8449
2917
5805
6085
2383
2385
2381
7765
2386
5833
5834
2391
2393
5832
2392
8486
8447
2394
5824
5837
2401
8433
2402
5838
5840
2989
8457
2990
5842
6122
2456
2458
2454
7769
2459
5870
5871
2464
2466
5869
2465
8488
8455
2467
5861
5874
2474
8435
2475
5875
5877
3062
8463
3063
5879
6159
2529
2531
2527
7773
2532
5907
5908
2537
2539
5906
2538
8490
8461
2540
5898
5911
2547
8437
2548
5912
5914
3135
8469
3136
5916
6196
2602
2604
2600
7777
2605
5944
5945
2610
2612
5943
2611
8492
8467
2613
5935
5948
2620
8439
2621
5949
5951
3208
8473
3209
5953
6233
2675
2677
2748
2750
5758
2673
7781
2678
5981
5982
2683
2685
5980
2746
7785
2751
6018
6019
2756
2758
6017
8494
2684
8496
8483
2686
5972
5985
2693
2694
5986
5988
2757
8481
2759
6009
6022
2766
2767
6023
6025
3281
8479
3282
5990
6270
3354
8477
3355
6027
6307
2817
2819
2821
2823
2815
7905
2824
6055
6056
2833
2835
6052
2834
7967
2836
6061
2845
2846
6062
6065
3433
7993
3434
6067
2896
2898
2892
7909
2899
6093
6094
2906
2908
6091
2907
7965
2909
6098
2918
8498
8500
8453
2919
6099
6102
3506
8001
3507
6104
2969
2971
2965
7913
2972
6130
6131
2979
2981
6128
2980
7963
2982
6135
2991
8502
8504
8506
8508
8459
2992
6136
6139
3579
8009
3580
6141
3042
3044
3038
7917
3045
6167
6168
3052
3054
6165
3053
7961
3055
6172
3064
8510
8512
8514
8465
3065
6173
6176
3652
8017
3653
6178
3115
3117
3111
7921
3118
6204
6205
3125
3127
6202
3126
7959
3128
6209
3137
8516
8518
8520
8471
3138
6210
6213
3725
8025
3726
6215
3188
3190
3184
7925
3191
6241
6242
3198
3200
6239
3199
7957
3201
6246
3210
8522
8524
8526
8475
3211
6247
6250
3798
8033
3799
6252
3261
3263
3334
3336
6054
3257
7929
3264
6278
6279
3271
3273
6276
3330
7933
3337
6315
6316
3344
3346
6313
8528
8530
3272
7955
3274
6283
3283
3284
6284
6287
3345
7953
3347
6320
3356
8485
3357
6321
6324
3871
8043
3872
6289
3944
8101
3945
6326
2826
2827
2829
2831
2825
7907
2832
6059
6060
2837
2839
6057
2838
8507
2840
6048
6063
2847
8532
8534
8536
8538
8540
8497
2848
6064
6066
3435
8501
3436
6068
6346
2902
2904
2900
7911
2905
6096
6097
2910
2912
6095
2911
8499
2913
6087
6100
2920
8487
2921
6101
6103
3508
8505
3509
6105
6385
2975
2977
2973
7915
2978
6133
6134
2983
2985
6132
2984
8542
8503
2986
6124
6137
2993
8489
2994
6138
6140
3581
8513
3582
6142
6422
3048
3050
3046
7919
3051
6170
6171
3056
3058
6169
3057
8544
8511
3059
6161
6174
3066
8491
3067
6175
6177
3654
8519
3655
6179
6459
3121
3123
3119
7923
3124
6207
6208
3129
3131
6206
3130
8546
8517
3132
6198
6211
3139
8493
3140
6212
6214
3727
8525
3728
6216
6496
3194
3196
3192
7927
3197
6244
6245
3202
3204
6243
3203
8548
8523
3205
6235
6248
3212
8495
3213
6249
6251
3800
8529
3801
6253
6533
3267
3269
3340
3342
6058
3265
7931
3270
6281
6282
3275
3277
6280
3338
7935
3343
6318
6319
3348
3350
6317
8550
3276
8552
8539
3278
6272
6285
3285
3286
6286
6288
3349
8537
3351
6309
6322
3358
3359
6323
6325
3873
8535
3874
6290
6570
3946
8533
3947
6327
6607
3409
3411
3413
3415
3407
8053
3416
6355
6356
3425
3427
6352
3426
8099
3428
6361
3437
3438
6362
6365
4025
8135
4026
6367
3488
3490
3484
8057
3491
6393
6394
3498
3500
6391
3499
8097
3501
6398
3510
8554
8556
8509
3511
6399
6402
4108
8133
4109
6404
3561
3563
3557
8061
3564
6430
6431
3571
3573
6428
3572
8095
3574
6435
3583
8558
8560
8562
8564
8515
3584
6436
6439
4191
8131
4192
6441
3634
3636
3630
8065
3637
6467
6468
3644
3646
6465
3645
8093
3647
6472
3656
8566
8568
8570
8521
3657
6473
6476
4274
8129
4275
6478
3707
3709
3703
8069
3710
6504
6505
3717
3719
6502
3718
8091
3720
6509
3729
8572
8574
8576
8527
3730
6510
6513
4357
8127
4358
6515
3780
3782
3776
8073
3783
6541
6542
3790
3792
6539
3791
8089
3793
6546
3802
8578
8580
8582
8531
3803
6547
6550
4440
8157
4441
6552
3853
3855
3926
3928
6354
3849
8077
3856
6578
6579
3863
3865
6576
3922
8081
3929
6615
6616
3936
3938
6613
8584
8586
3864
8087
3866
6583
3875
3876
6584
6587
3937
8085
3939
6620
3948
8541
3949
6621
6624
4523
8167
4524
6589
4606
8237
4607
6626
3418
3419
3421
3423
3417
8055
3424
6359
6360
3429
3431
6357
3430
8563
3432
6348
6363
3439
8588
8590
8592
8594
8596
8553
3440
6364
6366
4027
8557
4028
6368
6646
3494
3496
3492
8059
3497
6396
6397
3502
3504
6395
3503
8555
3505
6387
6400
3512
8543
3513
6401
6403
4110
8561
4111
6405
6688
3567
3569
3565
8063
3570
6433
6434
3575
3577
6432
3576
8598
8559
3578
6424
6437
3585
8545
3586
6438
6440
4193
8569
4194
6442
6728
3640
3642
3638
8067
3643
6470
6471
3648
3650
6469
3649
8600
8567
3651
6461
6474
3658
8547
3659
6475
6477
4276
8575
4277
6479
6768
3713
3715
3711
8071
3716
6507
6508
3721
3723
6506
3722
8602
8573
3724
6498
6511
3731
8549
3732
6512
6514
4359
8581
4360
6516
6808
3786
3788
3784
8075
3789
6544
6545
3794
3796
6543
3795
8604
8579
3797
6535
6548
3804
8551
3805
6549
6551
4442
8585
4443
6553
6848
3859
3861
3932
3934
6358
3857
8079
3862
6581
6582
3867
3869
6580
3930
8083
3935
6618
6619
3940
3942
6617
8606
3868
8608
8595
3870
6572
6585
3877
3878
6586
6588
3941
8593
3943
6609
6622
3950
3951
6623
6625
4525
8591
4526
6590
6888
4608
8589
4609
6627
6928
4001
4003
4005
4007
3999
8173
4008
6655
6656
4017
4019
6652
4018
8235
4020
6661
4029
4030
6662
6665
4035
8233
4036
6667
4039
6670
4090
4092
4086
8177
4093
6696
6697
4100
4102
6694
4101
8231
4103
6701
4112
8565
4113
6702
6705
4118
8229
4119
6707
4122
6710
4173
4175
4169
8181
4176
6736
6737
4183
4185
6734
4184
8227
4186
6741
4195
8571
4196
6742
6745
4201
8225
4202
6747
4205
6750
4256
4258
4252
8185
4259
6776
6777
4266
4268
6774
4267
8223
4269
6781
4278
8577
4279
6782
6785
4284
8221
4285
6787
4288
6790
4339
4341
4335
8189
4342
6816
6817
4349
4351
6814
4350
8219
4352
6821
4361
8583
4362
6822
6825
4367
8217
4368
6827
4371
6830
4422
4424
4418
8193
4425
6856
6857
4432
4434
6854
4433
8215
4435
6861
4444
8587
4445
6862
6865
4450
8213
4451
6867
4454
6870
4505
4507
4588
4590
6654
4501
8197
4508
6896
6897
4515
4517
6894
4584
8201
4591
6936
6937
4598
4600
6934
4516
8211
4518
6901
4527
4528
6902
6905
4599
8209
4601
6941
4610
8597
4611
6942
6945
4533
8207
4534
6907
4537
6910
4616
8205
4617
6947
4620
6950
4010
4011
4013
4015
4009
8175
4016
6659
6660
4021
4023
6657
4022
4024
6648
6663
4031
8609
4032
6664
6666
4037
4038
6668
6669
4040
6671
4096
4098
4094
8179
4099
6699
6700
4104
4106
6698
4105
4107
6690
6703
4114
8599
4115
6704
6706
4120
4121
6708
6709
4123
6711
4179
4181
4177
8183
4182
6739
6740
4187
4189
6738
4188
4190
6730
6743
4197
8601
4198
6744
6746
4203
4204
6748
6749
4206
6751
4262
4264
4260
8187
4265
6779
6780
4270
4272
6778
4271
4273
6770
6783
4280
8603
4281
6784
6786
4286
4287
6788
6789
4289
6791
4345
4347
4343
8191
4348
6819
6820
4353
4355
6818
4354
4356
6810
6823
4363
8605
4364
6824
6826
4369
4370
6828
6829
4372
6831
4428
4430
4426
8195
4431
6859
6860
4436
4438
6858
4437
4439
6850
6863
4446
8607
4447
6864
6866
4452
4453
6868
6869
4455
6871
4511
4513
4594
4596
6658
4509
8199
4514
6899
6900
4519
4521
6898
4592
8203
4597
6939
6940
4602
4604
6938
4520
4522
6890
6903
4529
4530
6904
6906
4603
4605
6930
6943
4612
4613
6944
6946
4535
4536
6908
6909
4538
6911
4618
4619
6948
6949
4621
6951
