1
3
2
4
5
7
77
79
4160
135
137
4162
193
195
4164
251
253
4166
309
311
4168
367
369
75
76
6
8
0
9
2947
2948
425
427
2945
133
134
78
80
74
4170
4161
81
2979
2980
191
192
136
138
4172
132
4163
139
3004
3005
249
250
194
196
4174
190
4165
197
3029
3030
307
308
252
254
4176
248
4167
255
3054
3055
365
366
310
312
4178
306
4169
313
3079
3080
423
424
368
370
4180
364
371
3104
3105
10
12
426
428
4182
422
4171
429
3129
3130
11
13
14
16
84
86
4184
142
144
4186
200
202
4188
258
260
4190
316
318
4192
374
376
4194
432
434
2949
484
486
481
482
15
17
18
2951
2952
491
493
82
83
483
485
4196
480
487
3154
3155
140
141
85
87
4198
4173
4185
88
2982
2983
198
199
143
145
4200
4175
4187
146
3007
3008
256
257
201
203
4202
4177
4189
204
3032
3033
314
315
259
261
4204
4179
4191
262
3057
3058
372
373
317
319
4206
4181
4193
320
3082
3083
539
541
540
542
4208
538
543
3178
3179
545
547
581
583
4210
582
584
4212
580
585
3195
3196
587
589
623
625
4214
624
626
430
431
4216
375
377
4218
622
627
3212
3213
629
631
665
667
4220
666
668
4222
664
669
3229
3230
671
673
707
709
4224
708
710
488
489
4226
433
435
4228
4183
4230
4195
378
3107
3108
436
3132
3133
19
21
490
492
4232
4199
4217
494
3157
3158
20
22
23
25
91
93
4234
149
151
4236
207
209
4238
265
267
4240
544
546
4242
4213
4211
548
3180
3181
586
588
4244
323
325
4246
628
630
4248
381
383
4250
670
672
4252
4219
4215
590
3197
3198
89
90
439
441
2953
24
26
498
500
4254
712
714
4256
706
4258
4231
4260
4227
711
3246
3247
749
751
750
752
4262
713
715
4264
748
753
3263
3264
754
756
755
757
147
148
4266
92
94
4268
550
552
4270
4223
4272
4249
4274
4221
632
3214
3215
791
793
3153
792
794
4276
790
795
3280
3281
796
798
3156
797
799
4278
4229
4280
4225
674
3231
3232
833
834
150
152
4282
592
594
4284
836
838
4259
716
3248
3249
843
845
4286
4271
4273
4288
4267
758
3265
3266
850
852
840
841
835
837
4290
832
839
3298
3299
4292
4279
4281
800
3282
3283
4294
4197
4245
4263
27
2955
2956
205
206
842
844
4289
846
3301
3302
4296
4201
4235
4269
95
2985
2986
263
264
208
210
4298
4203
4237
4300
4283
153
3010
3011
634
636
891
893
4302
892
894
4304
890
895
3322
3323
896
898
897
899
900
3324
3325
902
904
933
935
4306
934
936
321
322
4308
266
268
4310
676
678
4312
932
937
3339
3340
938
940
939
941
942
3341
3342
944
946
975
977
4314
976
978
379
380
4316
324
326
4318
4205
4239
4320
4309
211
3035
3036
718
720
980
982
4322
981
983
4324
986
988
4326
974
979
3356
3357
1017
1019
1018
1020
4328
1016
1021
3373
3374
1022
1024
1023
1025
437
438
4330
382
384
4332
760
762
4334
4325
984
3358
3359
1028
1030
1059
1061
4336
1060
1062
4338
1058
1063
3390
3391
1064
1066
1065
1067
495
496
4340
440
442
4342
4207
4344
4241
4346
4311
269
3060
3061
802
804
4348
4209
4247
4350
4321
327
3085
3086
4352
4265
4251
385
3110
3111
847
848
497
499
4354
549
551
4356
591
593
4358
4233
4360
4255
4347
443
3135
3136
633
635
4362
675
677
4364
717
719
4366
759
761
4368
4243
4261
501
3160
3161
801
803
3159
4370
4253
4372
4357
4275
553
3182
3183
28
30
849
851
4374
4257
4376
4361
4285
595
3199
3200
4378
4277
4363
4303
637
3216
3217
29
31
32
34
4380
98
100
4382
4293
4384
4365
4317
679
3233
3234
156
158
4386
214
216
4388
272
274
4390
901
903
4392
4287
4394
4367
4323
721
3250
3251
943
945
4396
330
332
4398
985
987
4400
388
390
4402
446
448
2957
4404
4355
4333
1026
3375
3376
96
97
33
35
505
507
1027
1029
4406
857
859
4408
4343
4410
4345
4412
4341
1068
3392
3393
1069
1071
1070
1072
4414
4291
4416
4335
763
3267
3268
1101
1103
1102
1104
154
155
4418
99
101
4420
555
557
4422
4295
4424
4373
4426
4351
805
3284
3285
907
909
1106
1108
4428
1107
1109
4430
1111
1113
4432
1100
1105
3407
3408
1112
1114
1143
1145
3297
4434
1144
1146
4436
1142
1147
3424
3425
1148
1150
3300
1149
1151
212
213
4438
157
159
4440
597
599
4442
949
951
4444
4431
1110
3409
3410
4439
1152
3426
3427
1153
1155
3303
1154
1156
270
271
4446
215
217
4448
639
641
4450
4329
4377
4452
4301
853
3304
3305
991
993
4454
4313
4395
4456
4307
905
3326
3327
1188
1190
4458
4319
4397
4460
4315
947
3343
3344
1195
1197
1185
1186
4462
273
275
4464
681
683
4466
1202
1204
4468
1033
1035
4470
4339
4401
4472
4331
989
3360
3361
1209
1211
4474
4437
4411
4476
4337
1031
3377
3378
1192
1193
1187
1189
4478
4415
4480
4425
4419
1073
3394
3395
4482
1184
1191
3442
3443
1243
1245
1244
1246
4484
1242
1247
3466
3467
1199
1200
1194
1196
1248
1250
1249
1251
4463
1198
3445
3446
1252
3468
3469
1254
1256
1259
1261
1285
1287
4486
1286
1288
4488
328
329
1201
1203
4490
4485
4492
4445
4494
4435
1115
3411
3412
1253
1255
4496
4451
4498
4481
4461
1157
3428
3429
4500
1284
1289
3483
3484
1290
1292
1291
1293
4502
386
387
331
333
4504
723
725
4506
1075
1077
1294
3485
3486
1295
1297
1296
1298
4493
4508
4469
1205
3448
3449
1301
1303
1327
1329
4510
1328
1330
4512
444
445
4514
389
391
4516
4491
4518
4499
4520
4495
1257
3470
3471
765
767
4522
1117
1119
1332
1334
4524
1333
1335
4526
1326
1331
3500
3501
1337
1339
1338
1340
4528
1343
1345
4530
1369
1371
1336
3502
3503
1370
1372
4532
502
503
4534
447
449
4536
807
809
4538
1159
1161
4540
4297
4381
4542
4417
36
2959
2960
4544
4299
4385
4421
102
2988
2989
4546
4305
4387
4441
160
3013
3014
4548
854
855
504
506
4550
554
556
4552
596
598
4554
638
640
4556
680
682
4558
4327
4560
4389
4449
218
3038
3039
722
724
4562
764
766
4564
806
808
3162
4566
4349
4568
4391
4465
276
3063
3064
1206
1207
856
858
4570
906
908
4572
4353
4574
4399
4505
334
3088
3089
948
950
4576
990
992
4578
1032
1034
4580
1074
1076
4582
4359
4584
4403
4521
392
3113
3114
1116
1118
4586
1158
1160
3306
4588
4369
4590
4405
450
3138
3139
37
39
4592
4371
4407
508
3163
3164
4594
4375
4553
4427
558
3184
3185
4596
38
40
41
43
105
107
4598
4379
4600
4555
4443
600
3201
3202
163
165
4602
1208
1210
4604
221
223
4606
279
281
4608
4383
4610
4557
4453
642
3218
3219
337
339
4612
395
397
4614
453
455
2961
4616
1258
1260
4618
4393
4620
4561
4467
684
3235
3236
103
104
42
44
512
514
4622
864
866
4624
1216
1218
4519
4626
4515
1299
3487
3488
1300
1302
4628
4409
4630
4563
4507
726
3252
3253
4632
161
162
106
108
4634
560
562
4636
4423
4565
4638
4523
768
3269
3270
912
914
4640
1264
1266
1342
1344
4642
1368
4644
4551
4646
4537
1373
3517
3518
1374
1376
1375
1377
1378
3519
3520
1379
1381
1380
1382
4648
219
220
4650
164
166
4652
602
604
4654
954
956
4656
1306
1308
4658
4541
4660
4531
4662
4529
1341
3504
3505
1383
3521
3522
1384
1386
1385
1387
4664
277
278
222
224
4666
4433
4569
4668
4539
810
3286
3287
644
646
4670
996
998
4672
1348
1350
1411
1413
4674
4455
4676
4571
4678
4413
860
3307
3308
1412
1414
1416
1418
4680
1417
1419
4682
1421
1423
4684
1422
1424
4686
1410
1415
3534
3535
1426
1428
4688
335
336
280
282
4690
686
688
4692
1038
1040
4694
4683
4696
4685
1420
3536
3537
1427
1429
4698
1390
1392
1453
1455
4700
1454
1456
1425
3538
3539
4702
393
394
338
340
4704
4459
4575
4706
4429
910
3328
3329
728
730
4708
1080
1082
1458
1460
4710
1459
1461
4712
1452
1457
3551
3552
1463
1465
1464
1466
4714
1468
1470
4716
1469
1471
1462
3553
3554
1432
1434
1495
1497
3441
451
452
4718
396
398
4720
770
772
4722
4715
4724
4717
1467
3555
3556
1122
1124
4726
1496
1498
4728
1474
1476
1500
1502
3444
4730
1501
1503
4732
1494
1499
3568
3569
1505
1507
3447
1506
1508
4734
1510
1512
3450
509
510
4736
454
456
4738
4471
4740
4577
4742
4447
952
3345
3346
812
814
4744
1164
1166
4746
4475
4579
4748
4457
994
3362
3363
4750
4479
4581
4473
1036
3379
3380
861
862
511
513
4752
559
561
4754
601
603
4756
4483
4758
4585
4509
1078
3396
3397
643
645
4760
685
687
4762
727
729
4764
769
771
4766
4497
4768
4587
4525
1120
3413
3414
811
813
3165
4770
4501
4772
4591
4543
1162
3430
3431
1213
1214
863
865
4774
911
913
4776
953
955
4778
995
997
4780
4517
4782
4661
4477
1212
3451
3452
1037
1039
4784
1079
1081
4786
1121
1123
4788
1163
1165
3309
4790
4527
4792
4621
4487
1262
3472
3473
46
48
4794
4545
4605
4651
45
2963
2964
1215
1217
4796
4547
4798
4601
4635
109
2991
2992
4800
4559
4603
4653
167
3016
3017
47
49
50
52
4802
112
114
4804
170
172
4806
228
230
4808
4567
4810
4607
4681
225
3041
3042
1263
1265
4812
286
288
4814
344
346
4816
1305
1307
4818
4659
4820
4631
4511
1304
3489
3490
402
404
4822
1347
1349
4824
460
462
2965
110
111
51
53
4826
4573
4828
4611
4830
4691
283
3066
3067
519
521
4832
871
873
1389
1391
4834
1223
1225
4836
1431
1433
4838
4645
4840
4535
1346
3506
3507
4842
4667
4677
4669
1388
3523
3524
4844
168
169
113
115
4846
565
567
4848
917
919
4850
1269
1271
4852
4705
4695
4854
4699
1430
3540
3541
4856
4733
4723
4729
1472
3557
3558
1473
1475
4858
226
227
171
173
4860
607
609
4862
4583
4864
4613
4866
4707
341
3091
3092
959
961
4868
1311
1313
4870
4739
1504
3570
3571
4735
4737
1509
3572
3573
1511
1513
4872
284
285
4874
229
231
4876
649
651
4878
1001
1003
4880
1353
1355
4741
1514
3574
3575
1515
1517
3453
1516
1518
4882
4589
4615
4884
4721
399
3116
3117
1537
1538
287
289
4886
4593
4617
4888
4743
457
3141
3142
1540
1542
4890
691
693
4892
1547
1549
4894
1043
1045
4896
4595
4753
4898
4623
515
3166
3167
1554
1556
4900
1561
1563
4902
1395
1397
4904
1568
1570
4906
4599
4755
4908
4639
563
3186
3187
1575
1577
4910
1544
1545
1539
1541
4912
1536
1543
3586
3587
4914
4609
4759
4655
605
3203
3204
1595
1597
1596
1598
4916
1551
1552
4918
1546
1548
4920
1594
1599
3610
3611
1600
1602
1601
1603
4922
4895
1550
3589
3590
1604
3612
3613
1606
1608
1611
1613
4924
1616
1618
4926
1621
1623
1637
1639
4928
1638
4930
4489
1640
4932
1558
1559
1553
1555
4934
1605
1607
4936
4901
1557
3592
3593
4938
1636
4935
1641
3627
3628
1642
1644
1643
4940
4503
1645
4942
1565
1566
4944
1560
1562
4937
1609
3614
3615
1610
1612
4946
4945
1646
3629
3630
1647
1649
1648
1650
1651
3631
3632
1652
1654
1653
1655
4948
342
343
4950
1567
1569
4952
4939
4903
1564
3595
3596
4947
4925
1614
3616
3617
1615
1617
4954
4619
4956
4761
4671
647
3220
3221
4958
400
401
345
347
4960
733
735
4962
1085
1087
4964
1437
1439
4966
4953
4951
1656
3633
3634
1657
1659
1658
1660
4968
4629
4970
4763
4972
4693
689
3237
3238
1663
1665
1679
1681
4974
1680
4976
4513
1682
4978
458
459
4980
403
405
4982
775
777
4984
4637
4986
4765
4988
4709
731
3254
3255
1127
1129
4990
1479
1481
1684
1686
4992
1685
4994
4633
1687
4996
1678
1683
3644
3645
1689
1691
1690
4998
4597
1692
5000
1694
1696
5002
1695
5004
4549
1697
1688
3646
3647
1699
1701
5006
516
517
461
463
5008
817
819
5010
1169
1171
5012
1521
1523
5014
4643
5016
4769
5018
4725
773
3271
3272
5020
4675
4773
4745
815
3288
3289
5022
868
869
518
520
5024
564
566
5026
4687
5028
4775
4625
867
3310
3311
606
608
5030
648
650
5032
690
692
5034
732
734
5036
4713
5038
4777
4641
915
3330
3331
774
776
5040
816
818
3168
5042
4747
5044
4779
4657
957
3347
3348
1220
1221
870
872
5046
916
918
5048
958
960
5050
1000
1002
5052
4751
5054
4783
4673
999
3364
3365
1042
1044
5056
1084
1086
5058
1126
1128
5060
1168
1170
3312
5062
4757
5064
4785
4697
1041
3381
3382
55
57
1222
1224
5066
1268
1270
5068
4767
5070
4787
4711
1083
3398
3399
1310
1312
5072
1352
1354
5074
1394
1396
5076
1436
1438
5078
4771
5080
4789
4727
1125
3415
3416
1478
1480
5082
1520
1522
3456
5084
4781
5086
4793
4749
1167
3432
3433
56
58
59
61
5088
119
121
5090
177
179
5092
4791
5094
4799
4627
1219
3454
3455
235
237
5096
293
295
5098
351
353
5100
409
411
5102
467
469
2969
5104
4795
5106
4813
4647
1267
3474
3475
1572
1573
60
62
5108
4827
4821
5110
4663
1309
3491
3492
526
528
5112
878
880
5114
1230
1232
5116
1582
1584
5001
5118
5003
1693
3648
3649
1700
1702
1698
3650
3651
5120
117
118
1574
1576
1620
1622
5122
1662
1664
5124
4915
5126
4825
4679
1351
3508
3509
5128
4853
4837
4701
1393
3525
3526
5130
175
176
120
122
5132
4857
4839
5134
4719
1435
3542
3543
570
572
5136
922
924
5138
1274
1276
5140
1626
1628
5142
4863
4865
5144
4731
1477
3559
3560
1704
1706
1705
1707
5146
1721
1723
5148
1722
5150
4533
1724
5152
4883
5154
4919
5156
4891
1519
3576
3577
5158
233
234
178
180
5160
612
614
5162
964
966
5164
5015
4987
5166
4909
1571
3598
3599
1316
1318
5168
1668
1670
1726
1728
5170
1727
1729
5172
1720
1725
3661
3662
1731
1733
1732
5174
4649
1734
5176
1736
1738
5178
1737
5180
4665
1739
5182
291
292
5184
4955
5186
4957
5188
4927
1619
3618
3619
236
238
5190
654
656
5192
1006
1008
1741
1743
1730
3663
3664
1742
1744
1746
1748
5194
1747
1749
5196
1358
1360
5198
5177
5200
5179
1735
3665
3666
1763
1765
1764
1766
5202
349
350
5204
294
296
5206
696
698
5208
5187
5210
5189
1740
3667
3668
1048
1050
5212
1400
1402
1768
1770
5214
1769
1771
5216
1773
1775
5218
1762
1767
3678
3679
1774
5220
4689
1776
1778
1780
5222
1779
1781
5224
1783
1785
5226
5217
1772
3680
3681
5228
407
408
352
354
5230
738
740
5232
1090
1092
5234
1784
1786
5236
5223
1777
3682
3683
1788
1790
1789
1791
5238
1442
1444
1805
1807
5240
5225
1782
3684
3685
1806
5242
4703
1808
5244
1710
1712
5246
465
466
5248
410
412
5250
780
782
5252
1804
1809
3695
3696
1810
1812
1811
1813
5254
1132
1134
1815
1817
1814
3697
3698
1816
1818
1820
1822
5256
1821
1823
5258
1825
1827
1819
3699
3700
1826
1828
5260
523
524
5262
468
470
5264
822
824
5266
1174
1176
5268
1484
1486
5270
4969
4971
5272
4981
1661
3635
3636
1526
1528
5274
1752
1754
5276
1794
1796
1830
1832
5278
5259
1824
3701
3702
1831
1833
5280
1836
1838
5282
875
876
525
527
5284
569
571
5286
4797
5288
4803
5290
4831
54
2967
2968
611
613
5292
653
655
5294
695
697
5296
737
739
5298
5185
5300
5017
5157
1703
3652
3653
779
781
5302
1847
1849
3585
1848
1850
5304
821
823
3171
5306
1846
1851
3712
3713
1852
1854
3588
1227
1228
5308
877
879
5310
921
923
5312
963
965
5314
5271
5316
5209
5205
1745
3669
3670
1005
1007
5318
1047
1049
5320
1089
1091
1853
4859
1855
5322
5253
5324
5227
5326
5237
1787
3686
3687
1131
1133
5328
1857
1859
3591
1858
4845
1860
1579
1580
5330
1173
1175
3315
5332
4801
5334
4805
5336
4847
116
2994
2995
1229
1231
5338
1273
1275
5340
1315
1317
5342
1357
1359
5344
1399
1401
1856
3714
3715
1862
1864
3594
1863
4873
1865
5346
1867
1869
3597
1868
1870
5348
5331
5350
5337
1861
3716
3717
1872
1874
3600
64
66
5352
1441
1443
5354
1483
1485
5356
1525
1527
3459
5358
4809
5360
4807
4861
174
3019
3020
1581
1583
5362
1625
1627
5364
1667
1669
5366
1709
1711
1866
3718
3719
1873
1875
1751
1753
5368
1793
1795
1889
1890
5370
1835
1837
5372
5315
5374
5305
5263
1829
3703
3704
1892
1894
1877
1879
3603
5376
1899
1901
5378
1878
1880
5380
5349
5382
5351
1871
3720
3721
1906
1908
68
70
5384
1913
1915
5386
126
128
5388
4819
5390
4811
5392
4877
232
3044
3045
1920
1922
184
186
1896
1897
5394
1891
1893
5396
1927
4911
1929
5398
1888
1895
3730
3731
1934
1936
242
244
5400
1947
1949
5402
1948
4917
1950
5404
300
302
5406
1946
1951
3754
3755
1953
1955
5408
1958
5410
5131
1960
5412
1963
5414
5023
1965
5416
1903
1904
1898
1900
5418
4843
5420
4815
5422
4889
290
3069
3070
1952
1954
5424
358
360
1968
5426
4941
1970
5428
1973
5430
4931
1975
5432
5379
1902
3733
3734
1989
1991
1990
5434
4933
1992
5436
1978
1980
5438
1994
1996
5440
1988
1993
3771
3772
1995
5442
4943
1997
416
418
5444
1910
1911
5446
1905
1907
5448
1957
1959
5450
5419
5452
5425
5454
5437
1956
3756
3757
1999
2001
2000
5456
4959
2002
5458
2005
5460
4949
2007
5462
2010
5464
4995
2012
1998
3773
3774
2015
5466
4977
2017
5468
2020
2022
2031
2033
5470
2032
5472
4979
2034
5474
1917
1918
5476
5451
5478
5449
5480
5385
1909
3736
3737
1912
1914
5482
1962
1964
5484
2004
2006
5486
2036
2038
5488
2030
2035
3788
3789
2037
5490
4999
2039
2041
2043
2042
5492
5005
2044
5494
2046
2048
5496
2047
5498
5007
2049
2040
3790
3791
474
476
2973
2052
5121
2054
5500
1924
1925
5502
1919
1921
5504
1967
1969
5506
5453
5508
5413
1961
3758
3759
2009
2011
5510
2051
2053
2057
5512
5151
2059
5514
2073
2075
5516
5477
5518
5479
5520
5459
2003
3775
3776
2074
5522
5159
2076
5524
2062
2064
2078
2080
5526
2079
5528
5175
2081
5530
2072
2077
3805
3806
5532
1931
1932
1926
1928
5534
1972
1974
5536
2014
2016
5538
2083
2085
2082
3807
3808
2084
5540
5181
2086
2088
2090
2089
5542
5183
2091
5544
2093
2095
5546
5495
5548
5497
2045
3792
3793
2094
2096
2056
2058
5550
2098
2100
5552
65
67
5554
1933
1935
5556
5489
5558
5483
5560
5393
1916
3739
3740
1977
1979
5562
2019
2021
5564
2061
2063
2099
2101
5566
2103
2105
2087
3809
3810
2104
2106
2115
2117
5568
2116
5570
5203
2118
5572
2114
2119
3822
3823
2120
2122
5574
124
125
69
71
5576
533
535
5578
885
887
5580
1237
1239
5582
5517
5584
5485
5586
5423
1966
3760
3761
1589
1591
5588
2121
5590
5221
2123
5592
1941
1943
2125
2127
2124
3824
3825
2126
2128
2130
2132
5594
2131
5596
5229
2133
5598
182
183
5600
127
129
5602
5531
5604
5487
5606
5463
2008
3777
3778
575
577
5608
927
929
5610
1279
1281
5612
1631
1633
2129
3826
3827
2135
2137
2136
2138
2140
2142
5614
2141
5616
5243
2143
5618
5557
5620
5519
5622
5525
2050
3794
3795
2145
2147
5624
240
241
185
187
5626
617
619
5628
969
971
5630
5583
5632
5545
5634
5549
2092
3811
3812
1321
1323
5636
1673
1675
5638
2146
2148
2157
2159
5640
2158
5642
5247
2160
5644
5605
5646
5601
2134
3828
3829
1983
1985
2162
2164
5648
2163
2165
5650
298
299
5652
243
245
5654
5573
5656
5505
5658
5397
1923
3742
3743
659
661
5660
1011
1013
5662
1363
1365
5664
1715
1717
5666
2156
2161
3839
3840
2167
2169
2168
2170
2172
2174
5668
2173
2175
5670
5657
5672
5653
2166
3841
3842
2177
2179
5674
356
357
301
303
5676
701
703
5678
1053
1055
5680
5603
5682
5507
5684
5429
1971
3762
3763
1405
1407
5686
1757
1759
5688
2178
5690
5261
2180
2182
2184
2171
3843
3844
2183
2185
2187
2189
5692
2188
5694
5283
2190
5696
2199
2201
3729
414
415
5698
5619
5700
5511
5702
5481
2013
3779
3780
359
361
5704
743
745
5706
1095
1097
5708
1447
1449
5671
5710
5673
2176
3845
3846
1799
1801
5712
2200
2202
5714
2025
2027
2204
2206
3732
5716
2205
2207
5718
2198
2203
3856
3857
2209
2211
3735
472
473
417
419
5720
785
787
5722
1137
1139
2208
3858
3859
2210
2212
5724
1489
1491
2214
2216
3738
5726
2215
2217
2213
3860
3861
2219
2221
3741
2220
2222
5728
2224
2226
3744
5730
2225
2227
530
531
5732
5631
5734
5515
5736
5509
2055
3796
3797
475
477
5738
827
829
5740
1179
1181
5742
1531
1533
5744
5681
5547
5746
5561
2097
3813
3814
1841
1843
5748
1883
1885
5750
2067
2069
2229
2231
3747
2218
3862
3863
2230
2232
5752
2109
2111
2241
2242
532
534
5754
2244
2246
5756
5655
5758
5645
5760
5647
2139
3830
3831
574
576
2251
2253
5762
616
618
5764
2258
2260
5766
5733
5768
5683
5770
5715
2181
3847
3848
658
660
2265
2267
5772
700
702
5774
2272
2274
5776
742
744
2248
2249
5778
5729
5780
5731
2223
3864
3865
2243
2245
2279
2281
5782
784
786
5784
2286
2288
5786
2240
2247
3874
3875
826
828
3174
5788
2299
2301
2300
5427
2302
5790
2151
2153
5792
2298
2303
3898
3899
2305
5411
2307
5794
2310
5415
2312
5796
2255
2256
2250
2252
5798
2304
2306
5800
5765
2254
3877
3878
2315
5802
5417
2317
5804
2320
5806
5431
2322
5808
2325
5810
5435
2327
5812
2330
5814
5457
2332
2308
3900
3901
2341
2343
2342
5816
5443
2344
5818
2193
2195
2346
2348
5820
2340
2345
3915
3916
2347
5822
5445
2349
5824
2262
2263
2257
2259
5826
2309
2311
5828
2235
2237
2350
3917
3918
2351
2353
2352
5830
5461
2354
5832
2293
2295
5834
2357
5836
5465
2359
5838
2362
5840
5467
2364
5842
5827
5844
5771
2261
3880
3881
2367
5846
5491
2369
5848
2372
5850
5473
2374
5852
2269
2270
2264
2266
5854
2314
2316
5856
5821
5858
5801
2313
3902
3903
2356
2358
5860
2383
2385
2384
5862
5475
2386
5864
2335
2337
5866
2382
2387
3932
3933
2388
2390
2389
5868
5493
2391
5870
2393
2395
5872
2394
5874
5499
2396
2392
3934
3935
5876
2276
2277
2271
2273
5878
2319
2321
5880
2398
2400
2399
5882
5513
2401
5884
5843
5886
5865
2355
3919
3920
2361
2363
5888
2403
2405
2404
5890
5501
2406
5892
2409
5894
5523
2411
2397
3936
3937
2414
5896
5541
2416
5898
2377
2379
2425
2427
5900
2283
2284
5902
2278
2280
5904
5857
5906
5855
5908
5775
2268
3883
3884
2324
2326
5910
2366
2368
2426
5912
5529
2428
5914
2408
2410
5916
2424
2429
3949
3950
2430
2432
2431
5918
5533
2433
5920
2435
2437
5922
2436
5924
5543
2438
5926
2440
2442
2434
3951
3952
5928
882
883
2285
2287
5930
2329
2331
5932
2371
2373
5934
5867
5936
5871
5805
2318
3904
3905
5861
5839
2360
3921
3922
5938
1234
1235
884
886
5940
4871
5942
4817
4961
348
3094
3095
926
928
5944
968
970
5946
1010
1012
5948
1052
1054
5950
1094
1096
5952
5917
5954
5879
5781
2275
3886
3887
1136
1138
5956
1178
1180
3318
5958
2413
2415
2419
2421
5960
5935
5962
5927
2439
3953
3954
2441
2443
1586
1587
1236
1238
5964
1278
1280
5966
1320
1322
5968
4887
5970
4823
5972
4983
406
3119
3120
1362
1364
5974
1404
1406
5976
1446
1448
5978
1488
1490
5980
5905
5982
5885
5887
2402
3938
3939
1530
1532
3462
5984
2445
2447
2446
5553
2448
5986
1938
1939
5988
1588
1590
5990
4897
5992
4829
5994
5009
464
3144
3145
1630
1632
5996
1672
1674
5998
1714
1716
6000
1756
1758
6002
5881
5809
2323
3906
3907
1798
1800
6004
1840
1842
6006
2450
2452
2451
6008
5591
2453
6010
5969
2444
3955
3956
2455
2457
2456
6012
5571
2458
6014
2290
2291
6016
1882
1884
3606
6018
1940
1942
6020
1982
1984
6022
5941
6024
5889
6026
5845
2365
3923
3924
2024
2026
6028
2066
2068
6030
2467
2469
2468
5575
2470
6032
5991
6034
5903
6036
5893
2407
3940
3941
2108
2110
6038
2472
2474
2473
2475
6040
2477
2479
6042
2466
2471
3966
3967
2478
6044
5597
2480
2482
2484
6046
2483
6048
5599
2485
6050
2487
2489
6052
6041
2476
3968
3969
2488
6054
5617
2490
2492
2494
6056
2493
6058
5625
2495
6060
2497
2499
6062
6047
2481
3970
3971
2498
6064
5643
2500
2150
2152
6066
2192
2194
6068
2509
2511
6070
6051
2486
3972
3973
2510
2512
2234
2236
3750
6072
2514
2516
6074
2515
5651
2517
6076
2508
2513
3983
3984
2519
2521
2520
6078
5691
2522
6080
2524
2526
6082
2525
6084
5675
2527
2518
3985
3986
2529
2531
2530
2532
6086
2534
2536
6088
2535
6090
5695
2537
6092
2539
2541
6094
6081
6096
6083
2523
3987
3988
2540
2542
2292
2294
6098
2334
2336
6100
2551
2553
3873
2528
3989
3990
2552
2554
2376
2378
6102
2556
2558
3876
6104
2557
2559
6106
2550
2555
4000
4001
2561
2563
3879
2562
2564
6108
2566
2568
3882
6110
2567
2569
2560
4002
4003
2571
2573
3885
2572
2574
6112
2576
2578
3888
6114
2577
2579
6116
6109
6118
6111
2565
4004
4005
2581
2583
3891
2582
2584
6120
2418
2420
6122
2460
2462
2593
2594
2570
4006
4007
2595
2597
2596
2598
2946
6124
2461
2463
2600
2601
6126
2602
2604
6128
2592
2599
4018
4019
2607
2608
2603
2605
2950
2609
2611
6130
2610
2612
2954
2614
2615
6132
2616
2618
2606
4021
4022
2617
2619
2958
2621
2622
2623
2625
6134
2624
2626
2962
2628
2629
6136
2502
2504
6138
2631
2633
2966
6140
6133
2613
4024
4025
2503
2505
6142
2638
2640
2970
2544
2546
6144
2586
2588
3894
6146
6135
2620
4027
4028
2635
2636
2651
2653
2652
2654
2978
6148
2630
2632
6150
2656
2658
6152
2650
2655
4042
4043
2657
5803
2659
2981
2661
2663
6154
2662
5797
2664
2984
6156
2666
2668
2660
4044
4045
2667
5807
2669
2987
2671
2673
6158
2672
5811
2674
2990
2642
2643
6160
2676
2678
6162
6157
2665
4046
4047
2677
5815
2679
2993
2637
2639
6164
2682
5817
2684
2996
6166
2681
2683
6168
6159
2670
4048
4049
2645
5939
2647
2974
2693
2695
6170
2694
5863
2696
3003
6172
2687
5883
2689
2999
6174
2692
2697
4059
4060
2699
5825
2701
3006
2698
2700
6176
2703
2705
6178
2704
5837
2706
3009
2702
4061
4062
2708
2710
2709
5841
2711
3012
6180
2713
2715
6182
2714
5847
2716
3015
6184
2718
2720
2707
4063
4064
2719
5851
2721
3018
2723
2725
6186
2724
5853
2726
3021
6188
2545
5823
2547
6190
6181
6192
6183
2712
4065
4066
2729
5913
2731
3024
2735
2737
6194
2736
5869
2738
3028
6196
2587
5831
2589
6198
2734
2739
4076
4077
2741
5875
2743
3031
2740
2742
6200
2745
2747
6202
2746
5877
2748
3034
2744
4078
4079
2750
2752
2751
5891
2753
3037
6204
2755
2757
6206
2756
5895
2758
3040
2749
4080
4081
2760
2762
2761
5897
2763
3043
6208
2765
2767
6210
2766
5901
2768
3046
6212
6205
6214
6207
2754
4082
4083
2644
2646
2771
2773
3049
6216
2777
2779
6218
2778
5919
2780
3053
6220
5989
6222
5995
2449
3957
3958
2686
2688
6224
2782
2784
2783
5925
2785
3056
6226
2787
2789
6228
2788
5929
2790
3059
6230
2776
2781
4093
4094
2792
2794
2793
6009
2795
3062
6232
2797
2799
6234
2798
5987
2800
3065
6236
6227
6238
6229
2786
4095
4096
2802
2804
2803
6013
2805
3068
6240
2807
2809
6242
2808
6015
2810
3071
2791
4097
4098
2728
2730
2813
2815
3074
6244
2819
2821
6246
2820
2822
3078
6248
6233
6250
6235
2796
4099
4100
2770
2772
6252
2824
2826
2825
6045
2827
3081
6254
2829
2831
6256
2818
2823
4110
4111
2830
6049
2832
3084
2834
2836
6258
2835
6055
2837
3087
6260
2839
2841
6262
6255
2828
4112
4113
2840
6059
2842
3090
2844
2846
6264
2845
6065
2847
3093
6266
2849
2851
6268
6259
2833
4114
4115
2850
2852
3096
2812
2814
6270
2855
2857
3099
6272
2861
2863
6274
6261
2838
4116
4117
2862
2864
3103
2854
2856
6276
2866
2868
6278
2867
6079
2869
3106
6280
2871
2873
6282
2860
2865
4127
4128
2872
6085
2874
3109
2876
2878
6284
2877
2879
3112
6286
2881
2883
6288
6281
2870
4129
4130
2882
6091
2884
3115
2886
2888
6290
2887
2889
3118
6292
2891
2893
6294
6285
2875
4131
4132
2892
2894
3121
2896
2898
6296
2897
2899
3124
6298
2903
2905
4017
6300
6287
2880
4133
4134
2904
2906
3128
6302
2902
2907
4144
4145
2908
2910
4020
2909
2911
3131
2912
4146
4147
2913
2915
4023
2914
2916
3134
2917
4148
4149
2918
2920
4026
2919
2921
3137
2922
4150
4151
2923
2925
4029
2924
2926
3140
6304
6077
6053
6306
6057
2491
3974
3975
6308
6107
6087
6089
2533
3991
3992
6310
6129
6113
6115
2575
4008
4009
6312
6153
6137
6139
2627
4030
4031
6314
6175
6161
6173
2675
4050
4051
6316
6199
6185
6197
2717
4067
4068
6221
6223
2759
4084
4085
6318
6257
6237
6239
2801
4101
4102
6320
6283
6263
6265
2843
4118
4119
6322
6303
6289
6291
2885
4135
4136
6324
6305
2927
4152
4153
2928
2930
4032
2929
2931
3143
6326
4907
5025
4833
522
3169
3170
6328
4913
5029
4849
568
3188
3189
6330
4921
5031
4867
610
3205
3206
6332
4967
5033
4879
652
3222
3223
6334
4985
5035
4893
694
3239
3240
6336
4997
5039
4963
736
3256
3257
6338
5021
5041
4989
778
3273
3274
6340
5027
5045
5011
820
3290
3291
6342
5037
5047
4835
874
3313
3314
6344
5043
5049
4851
920
3332
3333
6346
5053
5051
4869
962
3349
3350
6348
5063
5055
4881
1004
3366
3367
6350
5069
5057
4899
1046
3383
3384
6352
5079
5059
4965
1088
3400
3401
6354
5085
5061
4991
1130
3417
3418
6356
5093
5065
5013
1172
3434
3435
6358
5105
5067
4841
1226
3457
3458
6360
5109
5071
4855
1272
3476
3477
6362
5125
5073
4875
1314
3493
3494
6364
5129
5075
4885
1356
3510
3511
6366
5133
5077
4905
1398
3527
3528
6368
5143
5081
4973
1440
3544
3545
6370
5153
5083
4993
1482
3561
3562
6372
5165
5087
5019
1524
3578
3579
6374
5173
5155
4923
1578
3601
3602
6376
5219
5123
4929
1624
3620
3621
6378
5287
5127
4975
1666
3637
3638
6380
5307
5147
5149
1708
3654
3655
6382
5323
5199
5197
1750
3671
3672
6384
5333
5241
5239
1792
3688
3689
6386
5407
5279
5327
1834
3705
3706
6388
5389
5353
5377
1876
3722
3723
6390
5667
5535
5409
1930
3745
3746
6392
5699
5537
5433
1976
3764
3765
6394
5719
5539
5469
2018
3781
3782
6396
5745
5551
5521
2060
3798
3799
6398
5757
5555
5593
2102
3815
3816
6400
5767
5621
5623
2144
3832
3833
6402
5793
5701
5693
2186
3849
3850
6404
5787
5735
5737
2228
3866
3867
6406
5961
5907
5785
2282
3889
3890
6408
6023
5911
5813
2328
3908
3909
6410
6033
5915
5849
2370
3925
3926
6412
6043
5921
5923
2412
3942
3943
6414
6231
6035
6037
2454
3959
3960
6416
6309
6061
6063
2496
3976
3977
6418
6311
6093
6097
2538
3993
3994
6420
6313
6117
6119
2580
4010
4011
6422
6315
6151
6155
2634
4033
4034
6424
6317
6163
6165
2680
4052
4053
6201
6187
2722
4069
4070
6426
6319
6209
6211
2764
4086
4087
6428
6321
6241
6243
2806
4103
4104
6430
6323
6267
6269
2848
4120
4121
6432
6325
6293
6295
2890
4137
4138
6434
6327
2932
4154
4155
2933
2935
4035
2934
2936
3146
6436
5299
5089
5111
63
2971
2972
6438
5359
5091
5135
123
2997
2998
6440
5373
5095
5161
181
3022
3023
6442
5399
5097
5191
239
3047
3048
6444
5441
5099
5207
297
3072
3073
6446
5953
5101
5231
355
3097
3098
6448
5981
5103
5251
413
3122
3123
6450
6011
5107
5265
471
3147
3148
6452
6329
5285
5113
529
3172
3173
6454
6331
5289
5137
573
3190
3191
6456
6333
5293
5163
615
3207
3208
6458
6335
5295
5193
657
3224
3225
6460
6337
5297
5211
699
3241
3242
6462
6339
5301
5233
741
3258
3259
6464
6341
5303
5255
783
3275
3276
6466
6343
5309
5267
825
3292
3293
6468
6345
5311
5115
881
3316
3317
6470
6347
5313
5139
925
3334
3335
6472
6349
5317
5167
967
3351
3352
6474
6351
5319
5195
1009
3368
3369
6476
6353
5321
5213
1051
3385
3386
6478
6355
5325
5235
1093
3402
3403
6480
6357
5329
5257
1135
3419
3420
6482
6359
5335
5269
1177
3436
3437
6484
6361
5339
5117
1233
3460
3461
6486
6363
5341
5141
1277
3478
3479
6488
6365
5343
5169
1319
3495
3496
6490
6367
5345
5201
1361
3512
3513
6492
6369
5347
5215
1403
3529
3530
6494
6371
5355
5245
1445
3546
3547
6496
6373
5357
5273
1487
3563
3564
6498
6375
5361
5275
1529
3580
3581
6500
6377
5363
5119
1585
3604
3605
6502
6379
5365
5145
1629
3622
3623
6504
6381
5367
5171
1671
3639
3640
6506
6383
5405
5249
1713
3656
3657
6508
6385
5369
5277
1755
3673
3674
6510
6387
5371
5281
1797
3690
3691
6512
6389
5375
5291
1839
3707
3708
6514
6391
5381
5383
1881
3724
3725
6516
6393
5559
5403
1937
3748
3749
6518
6395
5563
5455
1981
3766
3767
6520
6397
5565
5471
2023
3783
3784
6522
6399
5567
5527
2065
3800
3801
6524
6401
5585
5569
2107
3817
3818
6526
6403
5633
5641
2149
3834
3835
6528
6405
5697
5703
2191
3851
3852
6530
6407
5783
5761
2233
3868
3869
6532
6409
5931
5791
2289
3892
3893
6534
6411
5933
5819
2333
3910
3911
6536
6413
5937
5859
2375
3927
3928
6538
6415
5963
5899
2417
3944
3945
6540
6417
6017
6027
2459
3961
3962
6542
6419
6071
6075
2501
3978
3979
6544
6421
6095
6105
2543
3995
3996
6546
6423
6121
6125
2585
4012
4013
6548
6425
6167
6147
2641
4036
4037
6177
6169
2685
4054
4055
6550
6427
6191
6189
2727
4071
4072
6552
6429
6213
6215
2769
4088
4089
6554
6431
6249
6251
2811
4105
4106
6556
6433
6275
6271
2853
4122
4123
6558
6435
6301
6297
2895
4139
4140
6560
6437
2937
4156
4157
2938
2940
4038
2939
2941
3149
6562
6439
5387
5577
72
2975
2976
6564
6441
5391
5607
130
3000
3001
73
2944
6443
5395
5627
188
3025
3026
6566
6445
5401
5659
246
3050
3051
131
2977
6447
5421
5677
304
3075
3076
6568
6449
5439
5705
362
3100
3101
6570
6567
189
3002
6451
5447
5721
420
3125
3126
6572
6453
5503
5739
478
3150
3151
247
3027
6455
5759
5579
536
3175
3176
6574
6457
5763
5609
578
3192
3193
6576
6569
305
3052
6459
5769
5629
620
3209
3210
6578
6461
5773
5661
662
3226
3227
6580
6571
363
3077
6463
5777
5679
704
3243
3244
6582
6465
5779
5707
746
3260
3261
6584
6573
421
3102
6467
5799
5723
788
3277
3278
6586
6469
5789
5741
830
3294
3295
479
3127
6471
5943
5581
888
3319
3320
6588
6473
5945
5611
930
3336
3337
6590
6575
537
3152
6475
5947
5635
972
3353
3354
6592
6477
5949
5663
1014
3370
3371
6594
6577
579
3177
6479
5951
5685
1056
3387
3388
6596
6481
5955
5709
1098
3404
3405
6598
6579
621
3194
6483
5957
5725
1140
3421
3422
6600
6485
5959
5743
1182
3438
3439
6602
6581
663
3211
6487
5965
5587
1240
3463
3464
6604
6489
5967
5613
1282
3480
3481
6606
6583
705
3228
6491
5971
5637
1324
3497
3498
6608
6493
5975
5665
1366
3514
3515
6610
6585
747
3245
6495
5977
5687
1408
3531
3532
6612
6497
5979
5711
1450
3548
3549
6614
6587
789
3262
6499
5983
5727
1492
3565
3566
6616
6501
5985
5747
1534
3582
3583
831
3279
6503
5993
5589
1592
3607
3608
6618
6505
5997
5615
1634
3624
3625
6620
6589
889
3296
6507
5999
5639
1676
3641
3642
6622
6509
6001
5669
1718
3658
3659
6624
6591
931
3321
6511
6003
5689
1760
3675
3676
6626
6513
6005
5713
1802
3692
3693
6628
6593
973
3338
6515
6007
5749
1844
3709
3710
6630
6517
6019
5751
1886
3726
3727
6632
6519
6021
5595
1944
3751
3752
6634
6595
1015
3355
6521
6025
5649
1986
3768
3769
6636
6523
6029
5717
2028
3785
3786
6638
6597
1057
3372
6525
6031
5753
2070
3802
3803
6640
6527
6039
5755
2112
3819
3820
6642
6599
1099
3389
6529
6067
5795
2154
3836
3837
6644
6531
6069
5829
2196
3853
3854
6646
6601
1141
3406
6533
6073
5833
2238
3870
3871
6648
6535
6099
5835
2296
3895
3896
6650
6603
1183
3423
6537
6101
5873
2338
3912
3913
6652
6539
6103
5909
2380
3929
3930
6654
6605
1241
3440
6541
6123
5973
2422
3946
3947
6656
6543
6127
6131
2464
3963
3964
6658
6607
1283
3465
6545
6141
6143
2506
3980
3981
6660
6547
6145
6193
2548
3997
3998
6662
6609
1325
3482
6549
6149
6203
2590
4014
4015
6664
6565
6217
6171
2648
4039
4040
6666
6611
1367
3499
6551
6225
6179
2690
4056
4057
6668
6553
6245
6195
2732
4073
4074
6670
6613
1409
3516
6555
6253
6219
2774
4090
4091
6672
6557
6273
6247
2816
4107
4108
6674
6615
1451
3533
6559
6277
6279
2858
4124
4125
6676
6561
6299
6307
2900
4141
4142
6678
6617
1493
3550
6563
2942
4158
4159
1535
3567
6619
1593
3584
6621
1635
3609
6623
1677
3626
6625
1719
3643
6627
1761
3660
6629
1803
3677
6631
1845
3694
6633
1887
3711
6635
1945
3728
6637
1987
3753
6639
2029
3770
6641
2071
3787
6643
2113
3804
6645
2155
3821
6647
2197
3838
6649
2239
3855
6651
2297
3872
6653
2339
3897
6655
2381
3914
6657
2423
3931
6659
2465
3948
6661
2507
3965
6663
2549
3982
6665
2591
3999
6667
2649
4016
6669
2691
4041
6671
2733
4058
6673
2775
4075
6675
2817
4092
6677
2859
4109
6679
2901
4126
2943
4143
