1
2
10
11
19
20
5
6
0
28
29
14
15
37
38
46
47
55
56
64
65
75
82
89
74
96
103
110
117
124
133
140
147
154
161
168
182
175
3
4
12
13
21
22
7
8
9
2947
23
2948
24
30
31
16
17
18
2951
32
2952
33
39
40
25
26
27
2955
41
2956
42
48
49
34
35
36
2959
50
2960
51
57
58
43
44
45
2963
59
2964
60
66
67
76
52
53
54
2967
68
2968
69
83
61
62
63
2971
77
2972
78
90
70
71
79
72
2975
84
2976
85
80
81
2979
91
2980
92
97
86
87
88
2982
98
2983
99
104
93
94
95
2985
105
2986
106
111
100
101
102
2988
112
2989
113
118
107
108
109
2991
119
2992
120
125
134
114
115
116
2994
126
2995
127
73
2944
132
141
121
122
123
2997
135
2998
136
148
128
129
137
130
3000
142
3001
143
138
139
3004
149
3005
150
155
144
145
146
3007
156
3008
157
162
151
152
153
3010
163
3011
164
169
158
159
160
3013
170
3014
171
183
165
166
167
3016
177
3017
178
172
173
176
174
3020
185
3019
184
187
4160
191
192
179
180
181
3023
194
3022
193
196
4162
198
199
186
188
3026
201
3025
200
131
2977
190
203
4164
205
206
195
197
3030
208
3029
207
210
4166
212
213
202
204
3033
215
3032
214
217
4168
219
220
209
211
3036
222
3035
221
224
4170
226
227
216
218
3039
229
3038
228
231
4172
233
234
223
225
3042
236
3041
235
238
4174
240
241
230
232
3045
243
3044
242
245
4176
249
250
237
239
3048
252
3047
251
254
4178
256
257
244
246
3051
259
3050
258
189
3002
248
261
4180
263
264
253
255
3055
266
3054
265
268
4182
270
271
260
262
3058
273
3057
272
275
4184
277
278
267
269
3061
280
3060
279
282
4186
284
285
274
276
3064
287
3063
286
289
4188
291
292
281
283
3067
294
3066
293
296
4190
298
299
288
290
3070
301
3069
300
303
4192
307
308
295
297
3073
310
3072
309
312
4194
314
315
302
304
3076
317
3075
316
247
3027
306
319
4196
321
322
311
313
3080
324
3079
323
326
4198
328
329
318
320
3083
331
3082
330
333
4200
335
336
325
327
3086
338
3085
337
340
4202
342
343
332
334
3089
345
3088
344
347
4204
349
350
339
341
3092
352
3091
351
354
4206
356
357
346
348
3095
359
3094
358
361
4208
365
366
353
355
3098
368
3097
367
370
4210
372
373
360
362
3101
375
3100
374
305
3052
364
377
4212
379
380
369
371
3105
382
3104
381
384
4214
386
387
376
378
3108
389
3107
388
391
4216
393
394
383
385
3111
396
3110
395
398
4218
400
401
390
392
3114
403
3113
402
405
4220
407
408
397
399
3117
410
3116
409
412
4222
414
415
404
406
3120
417
3119
416
419
4224
423
424
411
363
3077
422
413
3122
425
3123
426
418
420
3125
432
3126
433
427
2945
430
431
428
434
2949
437
429
3129
439
3130
440
438
441
2953
444
445
435
436
3132
446
3133
447
442
448
2957
451
443
3135
453
3136
454
452
449
455
2961
458
450
3138
460
3139
461
459
462
2965
465
466
456
457
3141
467
3142
468
463
469
2969
472
464
3144
474
3145
475
473
470
476
2973
481
471
3148
484
3147
483
482
421
3102
480
486
4226
488
489
477
478
3151
491
3150
490
485
493
487
3155
498
3154
497
4228
495
496
492
500
494
3158
505
3157
504
4230
502
503
507
4232
509
510
499
501
3161
512
3160
511
506
514
508
3164
519
3163
518
4234
516
517
513
521
515
3167
526
3166
525
4236
523
524
528
4238
530
531
520
522
3169
532
3170
533
479
3127
538
527
529
3172
539
3173
540
534
535
541
542
536
3175
544
3176
545
543
3178
549
3179
550
546
547
548
3180
554
3181
555
551
552
553
3182
559
3183
560
556
557
558
3184
564
3185
565
561
562
563
3186
569
3187
570
566
567
568
3188
574
3189
575
537
3152
580
571
572
573
3190
581
3191
582
576
577
578
3192
586
3193
587
583
584
585
3195
591
3196
592
588
589
590
3197
596
3198
597
593
594
595
3199
601
3200
602
598
599
600
3201
606
3202
607
603
604
605
3204
612
3203
611
614
4240
4161
608
609
610
3206
617
3205
616
619
4242
4163
613
615
3208
624
3207
623
626
4244
4165
618
620
3210
629
3209
628
631
4246
4167
579
3177
622
625
627
3213
634
3212
633
636
4248
4169
630
632
3215
639
3214
638
641
4250
4171
635
637
3217
644
3216
643
646
4252
4173
640
642
3219
649
3218
648
651
4254
4175
645
647
3221
654
3220
653
656
4256
4177
650
652
3223
659
3222
658
661
4258
4179
655
657
3225
666
3224
665
668
4260
4181
660
662
3227
671
3226
670
673
4262
4183
621
3194
664
667
669
3230
676
3229
675
678
4264
4185
672
674
3232
681
3231
680
683
4266
4187
677
679
3234
686
3233
685
688
4268
4189
682
684
3236
691
3235
690
693
4270
4191
687
689
3238
696
3237
695
698
4272
4193
692
694
3240
701
3239
700
703
4274
4195
697
699
3242
708
3241
707
710
4276
4197
702
704
3244
713
3243
712
715
4278
4199
663
3211
706
709
711
3247
718
3246
717
720
4280
4201
714
716
3249
723
3248
722
725
4282
4203
719
721
3251
728
3250
727
730
4284
4205
724
726
3253
733
3252
732
735
4286
4207
729
731
3255
738
3254
737
740
4288
4209
734
736
3257
743
3256
742
745
4290
4211
739
741
3259
750
3258
749
752
4292
4213
744
746
3261
755
3260
754
757
4294
4215
705
3228
748
751
753
3264
760
3263
759
762
4296
4217
756
758
3266
765
3265
764
767
4298
4219
761
763
3268
770
3267
769
772
4300
4221
766
768
3270
775
3269
774
777
4302
4223
771
773
3272
780
3271
779
782
4304
4225
776
778
3273
784
3274
785
747
3245
790
781
783
3275
791
3276
792
786
787
793
3153
794
788
3277
796
3278
797
795
3280
801
3281
802
798
3156
833
799
800
3282
806
3283
807
803
3159
804
805
3284
811
3285
812
808
3162
840
809
810
3286
816
3287
817
813
3165
814
4227
815
3288
821
3289
822
834
818
3168
847
819
823
3171
820
3290
826
3291
827
4231
789
3262
832
4229
824
841
825
3292
835
3293
836
4233
837
838
828
3174
854
829
839
3299
850
3298
849
830
3294
842
3295
843
848
852
844
845
4306
4235
846
3302
857
3301
856
855
4308
4237
859
4310
861
862
851
4312
4239
853
3305
864
3304
863
858
866
860
3308
871
3307
870
4314
868
869
865
873
867
3311
878
3310
877
4316
875
876
880
4318
882
883
872
874
3313
884
3314
885
831
3279
890
879
881
3316
891
3317
892
886
887
893
894
888
3319
896
3320
897
895
3322
901
3323
902
898
899
900
3324
906
3325
907
903
904
905
3326
911
3327
912
908
909
910
3328
916
3329
917
913
914
915
3330
921
3331
922
918
919
920
3332
926
3333
927
889
3296
932
923
924
925
3334
933
3335
934
928
929
930
3336
938
3337
939
935
936
937
3339
943
3340
944
940
941
942
3341
948
3342
949
945
946
947
3343
953
3344
954
950
951
952
3346
959
3345
958
961
4320
4241
955
956
957
3348
964
3347
963
966
4322
4243
960
962
3350
969
3349
968
971
4324
4245
965
967
3352
976
3351
975
978
4326
4247
970
972
3354
981
3353
980
983
4328
4249
931
3321
974
977
979
3357
986
3356
985
988
4330
4251
982
984
3359
991
3358
990
993
4332
4253
987
989
3361
996
3360
995
998
4334
4255
992
994
3363
1001
3362
1000
1003
4336
4257
997
999
3365
1006
3364
1005
1008
4338
4259
1002
1004
3367
1011
3366
1010
1013
4340
4261
1007
1009
3369
1018
3368
1017
1020
4342
4263
1012
1014
3371
1023
3370
1022
1025
4344
4265
973
3338
1016
1019
1021
3374
1028
3373
1027
1030
4346
4267
1024
1026
3376
1033
3375
1032
1035
4348
4269
1029
1031
3378
1038
3377
1037
1040
4350
4271
1034
1036
3380
1043
3379
1042
1045
4352
4273
1039
1041
3382
1048
3381
1047
1050
4354
4275
1044
1046
3384
1053
3383
1052
1055
4356
4277
1049
1051
3386
1060
3385
1059
1062
4358
4279
1054
1056
3388
1065
3387
1064
1067
4360
4281
1015
3355
1058
1061
1063
3391
1070
3390
1069
1072
4362
4283
1066
1068
3393
1075
3392
1074
1077
4364
4285
1071
1073
3395
1080
3394
1079
1082
4366
4287
1076
1078
3397
1085
3396
1084
1087
4368
4289
1081
1083
3399
1090
3398
1089
1092
4370
4291
1086
1088
3401
1095
3400
1094
1097
4372
4293
1091
1093
3403
1102
3402
1101
1104
4374
4295
1096
1098
3405
1107
3404
1106
1109
4376
4297
1057
3372
1100
1103
1105
3408
1112
3407
1111
1114
4378
4299
1108
1110
3410
1117
3409
1116
1119
4380
4301
1113
1115
3412
1122
3411
1121
1124
4382
4303
1118
1120
3414
1127
3413
1126
1129
4384
4305
1123
1125
3415
1131
3416
1132
1128
1130
3417
1136
3418
1137
1099
3389
1142
1133
1134
1135
3419
1143
3420
1144
1138
1139
1140
3421
1148
3422
1149
1145
3297
1185
1146
1147
3424
1153
3425
1154
1150
3300
1192
1151
1152
3426
1158
3427
1159
1155
3303
1199
1156
1157
3428
1163
3429
1164
1160
3306
1206
1161
1162
3430
1168
3431
1169
1165
3309
1166
1167
3432
1173
3433
1174
1170
3312
1171
1172
3434
1178
3435
1179
1180
3318
4313
1186
1175
3315
4307
1141
3406
1184
4309
1176
1193
1177
3436
1187
3437
1188
4311
1189
1190
1181
1191
3443
1202
3442
1201
1182
3438
1194
3439
1195
1200
1204
1196
1197
4386
4315
1198
3446
1209
3445
1208
1207
4388
4317
1211
4390
1213
1214
1203
4392
4319
1205
3449
1216
3448
1215
1210
1218
1212
3452
1223
3451
1222
4394
1220
1221
1217
1225
1219
3455
1230
3454
1229
4396
1227
1228
1232
4398
1234
1235
1224
1226
3457
1236
3458
1237
1183
3423
1242
1231
1233
3460
1243
3461
1244
1238
1239
1245
1246
1240
3463
1248
3464
1249
1247
3466
1253
3467
1254
1250
1251
1252
3468
1258
3469
1259
1255
1256
1257
3470
1263
3471
1264
1260
1261
1262
3472
1268
3473
1269
1265
1266
1267
3474
1273
3475
1274
1270
1271
1272
3476
1278
3477
1279
1241
3440
1284
1275
1276
1277
3478
1285
3479
1286
1280
1281
1282
3480
1290
3481
1291
1287
1288
1289
3483
1295
3484
1296
1292
1293
1294
3485
1300
3486
1301
1297
1298
1299
3488
1306
3487
1305
1308
4400
4321
1302
1303
1304
3490
1311
3489
1310
1313
4402
4323
1307
1309
3492
1316
3491
1315
1318
4404
4325
1312
1314
3494
1321
3493
1320
1323
4406
4327
1317
1319
3496
1328
3495
1327
1330
4408
4329
1322
1324
3498
1333
3497
1332
1335
4410
4331
1283
3465
1326
1329
1331
3501
1338
3500
1337
1340
4412
4333
1334
1336
3503
1343
3502
1342
1345
4414
4335
1339
1341
3505
1348
3504
1347
1350
4416
4337
1344
1346
3507
1353
3506
1352
1355
4418
4339
1349
1351
3509
1358
3508
1357
1360
4420
4341
1354
1356
3511
1363
3510
1362
1365
4422
4343
1359
1361
3513
1370
3512
1369
1372
4424
4345
1364
1366
3515
1375
3514
1374
1377
4426
4347
1325
3482
1368
1371
1373
3518
1380
3517
1379
1382
4428
4349
1376
1378
3520
1385
3519
1384
1387
4430
4351
1381
1383
3522
1390
3521
1389
1392
4432
4353
1386
1388
3524
1395
3523
1394
1397
4434
4355
1391
1393
3526
1400
3525
1399
1402
4436
4357
1396
1398
3528
1405
3527
1404
1407
4438
4359
1401
1403
3530
1412
3529
1411
1414
4440
4361
1406
1408
3532
1417
3531
1416
1419
4442
4363
1367
3499
1410
1413
1415
3535
1422
3534
1421
1424
4444
4365
1418
1420
3537
1427
3536
1426
1429
4446
4367
1423
1425
3539
1432
3538
1431
1434
4448
4369
1428
1430
3541
1437
3540
1436
1439
4450
4371
1433
1435
3543
1442
3542
1441
1444
4452
4373
1438
1440
3545
1447
3544
1446
1449
4454
4375
1443
1445
3547
1454
3546
1453
1456
4456
4377
1448
1450
3549
1459
3548
1458
1461
4458
4379
1409
3516
1452
1455
1457
3552
1464
3551
1463
1466
4460
4381
1460
1462
3554
1469
3553
1468
1471
4462
4383
1465
1467
3556
1474
3555
1473
1476
4464
4385
1470
1472
3557
1478
3558
1479
1475
1477
3559
1483
3560
1484
1480
1481
1482
3561
1488
3562
1489
1451
3533
1494
1485
1486
1487
3563
1495
3564
1496
1490
1491
1492
3565
1500
3566
1501
1497
3441
1537
1498
1499
3568
1505
3569
1506
1502
3444
1544
1503
1504
3570
1510
3571
1511
1507
3447
1551
1508
1509
3572
1515
3573
1516
1512
3450
1558
1513
1514
3574
1520
3575
1521
1517
3453
1518
1519
3576
1525
3577
1526
1522
3456
1523
1524
3578
1530
3579
1531
1532
3462
4393
1538
1527
3459
4387
1493
3550
1536
4389
1528
1545
1529
3580
1539
3581
1540
4391
1541
1542
1533
1543
3587
1554
3586
1553
1534
3582
1546
3583
1547
1552
1556
1548
1549
4466
4395
1550
3590
1561
3589
1560
1559
4468
4397
1563
4470
1565
1566
1555
4472
4399
1557
3593
1568
3592
1567
1562
1570
1564
3596
1575
3595
1574
4474
1572
1573
1569
1577
1571
3599
1582
3598
1581
4476
1579
1580
1584
4478
1586
1587
1576
1578
3601
1588
3602
1589
1535
3567
1594
1583
1585
3604
1595
3605
1596
1590
1591
1597
1598
1592
3607
1600
3608
1601
1599
3610
1605
3611
1606
1602
1603
1604
3612
1610
3613
1611
1607
1608
1609
3614
1615
3615
1616
1612
1613
1614
3616
1620
3617
1621
1617
1618
1619
3618
1625
3619
1626
1622
1623
1624
3620
1630
3621
1631
1593
3584
1636
1627
1628
1629
3622
1637
3623
1638
1632
1633
1634
3624
1642
3625
1643
1639
1640
1641
3627
1647
3628
1648
1644
1645
1646
3630
1653
3629
1652
1655
4480
4401
1649
1650
1651
3632
1658
3631
1657
1660
4482
4403
1654
1656
3634
1663
3633
1662
1665
4484
4405
1659
1661
3636
1668
3635
1667
1670
4486
4407
1664
1666
3638
1673
3637
1672
1675
4488
4409
1669
1671
3640
1680
3639
1679
1682
4490
4411
1674
1676
3642
1685
3641
1684
1687
4492
4413
1635
3609
1678
1681
1683
3645
1690
3644
1689
1692
4494
4415
1686
1688
3647
1695
3646
1694
1697
4496
4417
1691
1693
3649
1700
3648
1699
1702
4498
4419
1696
1698
3651
1705
3650
1704
1707
4500
4421
1701
1703
3653
1710
3652
1709
1712
4502
4423
1706
1708
3655
1715
3654
1714
1717
4504
4425
1711
1713
3657
1722
3656
1721
1724
4506
4427
1716
1718
3659
1727
3658
1726
1729
4508
4429
1677
3626
1720
1723
1725
3662
1732
3661
1731
1734
4510
4431
1728
1730
3664
1737
3663
1736
1739
4512
4433
1733
1735
3666
1742
3665
1741
1744
4514
4435
1738
1740
3668
1747
3667
1746
1749
4516
4437
1743
1745
3670
1752
3669
1751
1754
4518
4439
1748
1750
3672
1757
3671
1756
1759
4520
4441
1753
1755
3674
1764
3673
1763
1766
4522
4443
1758
1760
3676
1769
3675
1768
1771
4524
4445
1719
3643
1762
1765
1767
3679
1774
3678
1773
1776
4526
4447
1770
1772
3681
1779
3680
1778
1781
4528
4449
1775
1777
3683
1784
3682
1783
1786
4530
4451
1780
1782
3685
1789
3684
1788
1791
4532
4453
1785
1787
3687
1794
3686
1793
1796
4534
4455
1790
1792
3689
1799
3688
1798
1801
4536
4457
1795
1797
3691
1806
3690
1805
1808
4538
4459
1800
1802
3693
1811
3692
1810
1813
4540
4461
1761
3660
1804
1807
1809
3696
1816
3695
1815
1818
4542
4463
1812
1814
3698
1821
3697
1820
1823
4544
4465
1817
1819
3699
1825
3700
1826
1822
1824
3701
1830
3702
1831
1827
1828
1829
3703
1835
3704
1836
1832
1833
1834
3705
1840
3706
1841
1803
3677
1846
1837
1838
1839
3707
1847
3708
1848
1842
1843
1844
3709
1852
3710
1853
1849
3585
1889
1850
1851
3712
1857
3713
1858
1854
3588
1896
1855
1856
3714
1862
3715
1863
1859
3591
1903
1860
1861
3716
1867
3717
1868
1864
3594
1910
1865
1866
3718
1872
3719
1873
1869
3597
1870
1871
3720
1877
3721
1878
1874
3600
1875
1876
3722
1882
3723
1883
1884
3606
4473
1890
1879
3603
4467
1845
3694
1888
4469
1880
1897
1881
3724
1891
3725
1892
4471
1893
1894
1885
1895
3731
1906
3730
1905
1886
3726
1898
3727
1899
1904
1908
1900
1901
4546
4475
1902
3734
1913
3733
1912
1911
4548
4477
1915
4550
1917
1918
1907
4552
4479
1909
3737
1920
3736
1919
1914
1922
1916
3740
1927
3739
1926
4554
1924
1925
1921
1929
1923
3743
1934
3742
1933
4556
1931
1932
1936
4558
1938
1939
1928
1930
3745
1940
3746
1941
1887
3711
1946
1935
1937
3748
1947
3749
1948
1942
1943
1949
1950
1944
3751
1952
3752
1953
1951
3754
1957
3755
1958
1954
1955
1956
3756
1962
3757
1963
1959
1960
1961
3758
1967
3759
1968
1964
1965
1966
3760
1972
3761
1973
1969
1970
1971
3762
1977
3763
1978
1974
1975
1976
3764
1982
3765
1983
1945
3728
1988
1979
1980
1981
3766
1989
3767
1990
1991
1992
1993
3772
2000
3771
1999
2002
4560
4481
1984
1985
1986
3768
1994
3769
1995
1996
1997
1998
3774
2005
3773
2004
2007
4562
4483
2001
2003
3776
2010
3775
2009
2012
4564
4485
2006
2008
3778
2015
3777
2014
2017
4566
4487
2011
2013
3780
2020
3779
2019
2022
4568
4489
2016
2018
3782
2025
3781
2024
2027
4570
4491
2021
2023
3784
2032
3783
2031
2034
4572
4493
2026
2028
3786
2037
3785
2036
2039
4574
4495
1987
3753
2030
2033
2035
3789
2042
3788
2041
2044
4576
4497
2038
2040
3791
2047
3790
2046
2049
4578
4499
2043
2045
3793
2052
3792
2051
2054
4580
4501
2048
2050
3795
2057
3794
2056
2059
4582
4503
2053
2055
3797
2062
3796
2061
2064
4584
4505
2058
2060
3799
2067
3798
2066
2069
4586
4507
2063
2065
3801
2074
3800
2073
2076
4588
4509
2068
2070
3803
2079
3802
2078
2081
4590
4511
2029
3770
2072
2075
2077
3806
2084
3805
2083
2086
4592
4513
2080
2082
3808
2089
3807
2088
2091
4594
4515
2085
2087
3810
2094
3809
2093
2096
4596
4517
2090
2092
3812
2099
3811
2098
2101
4598
4519
2095
2097
3814
2104
3813
2103
2106
4600
4521
2100
2102
3816
2109
3815
2108
2111
4602
4523
2105
2107
3818
2116
3817
2115
2118
4604
4525
2110
2112
3820
2121
3819
2120
2123
4606
4527
2071
3787
2114
2117
2119
3823
2126
3822
2125
2128
4608
4529
2122
2124
3825
2131
3824
2130
2133
4610
4531
2127
2129
3827
2136
3826
2135
2138
4612
4533
2132
2134
3829
2141
3828
2140
2143
4614
4535
2137
2139
3831
2146
3830
2145
2148
4616
4537
2142
2144
3833
2151
3832
2150
2153
4618
4539
2147
2149
3835
2158
3834
2157
2160
4620
4541
2152
2154
3837
2163
3836
2162
2165
4622
4543
2113
3804
2156
2159
2161
3840
2168
3839
2167
2170
4624
4545
2164
2166
3841
2172
3842
2173
2169
2171
3843
2177
3844
2178
2174
2175
2176
3845
2182
3846
2183
2179
2180
2181
3847
2187
3848
2188
2184
2185
2186
3849
2192
3850
2193
2155
3821
2198
2189
2190
2191
3851
2199
3852
2200
2194
2195
2196
3853
2204
3854
2205
2201
3729
2241
2202
2203
3856
2209
3857
2210
2206
3732
2248
2207
2208
3858
2214
3859
2215
2211
3735
2255
2212
2213
3860
2219
3861
2220
2216
3738
2262
2217
2218
3862
2224
3863
2225
2221
3741
2222
2223
3864
2229
3865
2230
2226
3744
2227
2228
3866
2234
3867
2235
2236
3750
4553
2242
2231
3747
4547
2197
3838
2240
4549
2232
2249
2233
3868
2243
3869
2244
4551
2245
2246
2237
2247
3875
2258
3874
2257
2238
3870
2250
3871
2251
2256
2260
2252
2253
4626
4555
2254
3878
2265
3877
2264
2263
4628
4557
2267
4630
2269
2270
2259
4632
4559
2261
3881
2272
3880
2271
2266
2274
2268
3884
2279
3883
2278
4634
2276
2277
2273
2281
2275
3887
2286
3886
2285
4636
2283
2284
2288
4638
2290
2291
2280
2282
3889
2292
3890
2293
2239
3855
2298
2287
2289
3892
2299
3893
2300
2294
2295
2301
2302
2296
3895
2304
3896
2305
2303
3898
2309
3899
2310
2306
2307
2308
3900
2314
3901
2315
2311
2312
2313
3902
2319
3903
2320
2316
2317
2318
3904
2324
3905
2325
2321
2322
2323
3906
2329
3907
2330
2326
2327
2328
3908
2334
3909
2335
2331
2332
2333
3910
2341
3911
2342
2336
2337
2338
3913
2347
3912
2346
2349
4640
4561
2297
3872
2340
2343
2344
2345
3916
2352
3915
2351
2354
4642
4563
2348
2350
3918
2357
3917
2356
2359
4644
4565
2353
2355
3920
2362
3919
2361
2364
4646
4567
2358
2360
3922
2367
3921
2366
2369
4648
4569
2363
2365
3924
2372
3923
2371
2374
4650
4571
2368
2370
3926
2377
3925
2376
2379
4652
4573
2373
2375
3928
2384
3927
2383
2386
4654
4575
2378
2380
3930
2389
3929
2388
2391
4656
4577
2339
3897
2382
2385
2387
3933
2394
3932
2393
2396
4658
4579
2390
2392
3935
2399
3934
2398
2401
4660
4581
2395
2397
3937
2404
3936
2403
2406
4662
4583
2400
2402
3939
2409
3938
2408
2411
4664
4585
2405
2407
3941
2414
3940
2413
2416
4666
4587
2410
2412
3943
2419
3942
2418
2421
4668
4589
2415
2417
3945
2426
3944
2425
2428
4670
4591
2420
2422
3947
2431
3946
2430
2433
4672
4593
2381
3914
2424
2427
2429
3950
2436
3949
2435
2438
4674
4595
2432
2434
3952
2441
3951
2440
2443
4676
4597
2437
2439
3954
2446
3953
2445
2448
4678
4599
2442
2444
3956
2451
3955
2450
2453
4680
4601
2447
2449
3958
2456
3957
2455
2458
4682
4603
2452
2454
3960
2461
3959
2460
2463
4684
4605
2457
2459
3962
2468
3961
2467
2470
4686
4607
2462
2464
3964
2473
3963
2472
2475
4688
4609
2423
3931
2466
2469
2471
3967
2478
3966
2477
2480
4690
4611
2474
2476
3969
2483
3968
2482
2485
4692
4613
2479
2481
3971
2488
3970
2487
2490
4694
4615
2484
2486
3973
2493
3972
2492
2495
4696
4617
2489
2491
3975
2498
3974
2497
2500
4698
4619
2494
2496
3977
2503
3976
2502
2505
4700
4621
2499
2501
3979
2510
3978
2509
2512
4702
4623
2504
2506
3981
2515
3980
2514
2465
3948
2508
2517
4704
4625
2511
2513
3983
2519
3984
2520
2516
2518
3985
2524
3986
2525
2521
2522
2523
3987
2529
3988
2530
2526
2527
2528
3989
2534
3990
2535
2531
2532
2533
3991
2539
3992
2540
2536
2537
2538
3993
2544
3994
2545
2507
3965
2550
2541
2542
2543
3995
2551
3996
2552
2546
2547
2548
3997
2556
3998
2557
2553
3873
2593
2554
2555
4000
2561
4001
2562
2558
3876
2600
2559
2560
4002
2566
4003
2567
2563
3879
2607
2564
2565
4004
2571
4005
2572
2568
3882
2614
2569
2570
4006
2576
4007
2577
2573
3885
2574
2575
4008
2581
4009
2582
2578
3888
2579
2580
4010
2586
4011
2587
2588
3894
4633
2594
2583
3891
4629
2549
3982
2592
2601
2584
2585
4012
2595
4013
2596
4631
2589
2590
4014
2602
4015
2603
2597
2598
2946
2621
4627
2599
4018
2609
4019
2610
2608
2604
2605
2950
2606
4022
2617
4021
2616
2615
2619
2958
4637
2611
2612
2954
2628
2613
4024
2623
4025
2624
2618
4635
2620
4028
2631
4027
2630
2622
2633
2966
4639
2629
2625
2626
2962
2635
2627
4031
2638
4030
2637
2636
2640
2970
2642
2643
2632
2634
4033
2644
4034
2645
2591
3999
2650
2639
2641
4036
2651
4037
2652
2646
2647
2974
2653
2654
2978
2648
4039
2656
4040
2657
2655
4042
2661
4043
2662
2658
2659
2981
2660
4044
2666
4045
2667
2663
2664
2984
2665
4046
2671
4047
2672
2668
2669
2987
2670
4048
2676
4049
2677
2673
2674
2990
2675
4050
2681
4051
2682
2678
2679
2993
4641
2680
4052
2686
4053
2687
2649
4016
2692
2683
2684
2996
4643
2685
4054
2693
4055
2694
2688
2689
2999
4645
2690
4056
2698
4057
2699
2695
2696
3003
2697
4059
2703
4060
2704
4647
2700
2701
3006
2702
4061
2708
4062
2709
4649
2705
2706
3009
2707
4063
2713
4064
2714
4651
2710
2711
3012
2712
4065
2718
4066
2719
4653
2715
2716
3015
4655
2717
4067
2723
4068
2724
2720
2721
3018
4657
2722
4069
2728
4070
2729
2691
4041
2734
2725
2726
3021
4659
2727
4071
2735
4072
2736
2730
2731
3024
4661
2737
2732
4073
2740
4074
2741
2738
3028
2739
4076
2745
4077
2746
4663
2742
2743
3031
2744
4078
2750
4079
2751
4665
2747
2748
3034
2749
4080
2755
4081
2756
4667
2752
2753
3037
2754
4082
2760
4083
2761
4669
2757
2758
3040
4671
2759
4084
2765
4085
2766
2762
2763
3043
4673
2764
4086
2770
4087
2771
2733
4058
2776
2767
2768
3046
4675
2769
4088
2777
4089
2778
2772
2773
3049
4677
2779
2774
4090
2782
4091
2783
2780
3053
2781
4093
2787
4094
2788
4679
2784
2785
3056
2786
4095
2792
4096
2793
4681
2789
2790
3059
2791
4097
2797
4098
2798
4683
2794
2795
3062
2796
4099
2802
4100
2803
4685
2799
2800
3065
4687
2801
4101
2807
4102
2808
2804
2805
3068
4689
2806
4103
2812
4104
2813
2775
4075
2818
2809
2810
3071
4691
2811
4105
2819
4106
2820
2814
2815
3074
4693
2821
2816
4107
2824
4108
2825
2822
3078
2823
4110
2829
4111
2830
4695
2826
2827
3081
2828
4112
2834
4113
2835
4697
2831
2832
3084
2833
4114
2839
4115
2840
4699
2836
2837
3087
2838
4116
2844
4117
2845
4701
2841
2842
3090
4703
2843
4118
2849
4119
2850
2846
2847
3093
4705
2848
4120
2854
4121
2855
2817
4092
2860
2851
2852
3096
2853
4122
2861
4123
2862
2856
2857
3099
2863
2858
4124
2866
4125
2867
2864
3103
2865
4127
2871
4128
2872
2868
2869
3106
2870
4129
2876
4130
2877
2873
2874
3109
2875
4131
2881
4132
2882
2878
2879
3112
2880
4133
2886
4134
2887
2883
2884
3115
2885
4135
2891
4136
2892
2888
2889
3118
2890
4137
2896
4138
2897
2859
4109
2902
2893
2894
3121
2895
4139
2903
4140
2904
2898
2899
3124
2900
4141
2908
4142
2909
2905
4017
2906
3128
2907
4144
2913
4145
2914
2910
4020
2911
3131
2912
4146
2918
4147
2919
2915
4023
2916
3134
2917
4148
2923
4149
2924
2920
4026
2921
3137
2922
4150
2928
4151
2929
2925
4029
2926
3140
2927
4152
2933
4153
2934
2930
4032
2931
3143
2932
4154
2938
4155
2939
2935
4035
2936
3146
2937
4156
4157
2940
4038
2941
3149
2942
4158
4159
2901
4126
2943
4143
