3960
3961
3963
3965
10
12
3962
3964
3953
3954
3956
3958
1
3
3955
3957
3952
3959
6630
6631
3966
6633
6634
3967
3969
6628
3968
3970
3971
3972
3973
6638
3368
3369
3371
3373
3370
3372
3361
3362
3364
3366
3363
3365
3360
3367
6330
6331
3374
6333
6334
3375
3377
6328
3376
3378
3379
3380
3381
6338
2776
2777
2779
2781
2778
2780
2769
2770
2772
2774
2771
2773
2768
2775
6030
6031
2782
6033
6034
2783
2785
6028
2784
2786
2787
2788
2789
6038
2184
2185
2187
2189
2186
2188
2177
2178
2180
2182
2179
2181
2176
2183
5730
5731
2190
5733
5734
2191
2193
5728
6952
2192
2194
2195
2196
2197
5738
1592
1593
1595
1597
1594
1596
1585
1586
1588
1590
1587
1589
1584
1591
5430
5431
1598
5433
5434
6954
1599
1601
5428
6956
1600
1602
1603
1604
1605
5438
1000
1001
1003
1005
1002
1004
993
994
996
998
995
997
992
999
5130
5131
1006
5133
5134
6958
1007
1009
5128
6960
1008
1010
1011
1012
1013
5138
408
409
411
413
410
412
401
402
404
406
403
405
400
407
4830
4831
414
4833
4834
6962
415
417
4828
6964
416
418
419
420
421
4838
6966
11
13
15
17
14
16
4629
2
4
6
8
5
7
4625
0
9
4627
4628
18
4631
4632
6968
19
21
4624
6970
20
22
23
24
25
4636
431
432
1023
1024
1615
1616
2207
2208
2799
2800
3391
3392
3983
3984
3985
3986
3987
3988
6645
3393
3394
3395
3396
6345
2801
2802
2803
2804
6045
2209
2210
2211
2212
5745
1617
1618
1619
1620
5445
1025
1026
1027
1028
5145
433
434
4635
435
436
4845
6972
6974
6976
6978
6980
6982
6984
6986
6988
6990
6992
6994
6996
26
27
4633
4634
28
29
4637
30
31
32
33
34
4639
4641
443
444
4640
437
438
4837
4844
439
440
4847
422
423
4835
4836
424
425
4839
426
427
428
429
430
4841
4843
441
442
4842
445
446
4849
4850
1035
1036
4851
1029
1030
5137
5144
1031
1032
5147
1014
1015
5135
5136
1016
1017
5139
1018
1019
1020
1021
1022
5141
5143
1033
1034
5142
1037
1038
5149
5150
1627
1628
5151
1621
1622
5437
5444
1623
1624
5447
1606
6971
6997
1607
5435
5436
1608
1609
5439
1610
1611
1612
1613
1614
5441
5443
1625
1626
5442
1629
1630
5449
5450
2219
6995
2220
5451
2213
6991
6993
2214
5737
5744
2215
2216
5747
2198
6965
6969
2199
5735
5736
2200
2201
5739
2202
2203
2204
2205
2206
5741
5743
2217
2218
5742
2221
2222
5749
5750
2811
6989
2812
5751
2805
6985
6987
2806
6037
6044
2807
2808
6047
2790
6961
6998
7000
7002
6963
2791
6035
6036
2792
2793
6039
2794
2795
2796
2797
2798
6041
6043
2809
2810
6042
2813
2814
6049
6050
3403
6983
3404
6051
3397
6979
6981
3398
6337
6344
3399
3400
6347
3382
6957
7004
7006
7008
6959
3383
6335
6336
3384
3385
6339
3386
3387
3388
3389
3390
6341
6343
3401
3402
6342
3405
3406
6349
6350
3995
6977
3996
6351
3989
6973
6975
3990
6637
3991
3992
6647
3974
6953
7010
7012
7014
7016
6955
3975
6635
6636
3976
3977
6639
3978
3979
3980
3981
3982
6641
6643
3993
3994
6642
3997
3998
6649
6650
4033
4034
37
39
41
43
7018
36
38
4638
40
42
35
44
4645
4646
53
54
4642
473
474
4651
7020
449
451
453
455
7022
448
450
4840
452
454
447
456
4855
4856
465
467
4852
466
468
4861
477
478
4862
4865
1065
1066
4867
7024
1041
1043
1045
1047
7026
1040
1042
5140
1044
1046
1039
1048
5155
5156
1057
1059
5152
1058
1060
5161
1069
1070
5162
5165
1657
1658
5167
7028
1633
1635
1637
1639
7030
1632
1634
5440
1636
1638
1631
1640
5455
5456
1649
1651
5452
1650
1652
5461
1661
1662
5462
5465
2249
2250
5467
7032
2225
2227
2229
2231
7034
2224
7003
2226
5740
2228
2230
2223
2232
5755
5756
2241
2243
5752
2242
7001
2244
5761
2253
2254
5762
5765
2841
6999
2842
5767
7036
2817
2819
2821
2823
7038
2816
7009
2818
6040
2820
2822
2815
2824
6055
6056
2833
2835
6052
2834
7007
2836
6061
2845
2846
6062
6065
3433
7005
3434
6067
7040
3409
3411
3413
3415
7042
3408
7017
3410
6340
3412
3414
3407
3416
6355
6356
3425
3427
6352
3426
7015
3428
6361
3437
3438
6362
6365
4025
7013
4026
6367
7044
4001
4003
4005
4007
7046
4000
4002
6640
4004
4006
3999
4008
6655
6656
4017
4019
6652
4018
4020
6661
4029
4030
6662
6665
4035
4036
6667
4039
6670
7048
46
47
49
51
48
50
4643
45
52
4649
4650
55
56
4647
475
476
4652
4846
458
459
461
463
460
462
4853
457
464
4859
4860
469
471
4857
470
472
4848
4863
479
480
4864
4866
1067
1068
4868
5146
1050
1051
1053
1055
1052
1054
5153
1049
1056
5159
5160
1061
1063
5157
1062
1064
5148
5163
1071
1072
5164
5166
1659
1660
5168
5446
1642
1643
1645
1647
1644
1646
5453
1641
1648
5459
5460
1653
1655
5457
1654
1656
5448
5463
1663
1664
5464
5466
2251
2252
5468
5746
2234
2235
2237
2239
2236
2238
5753
2233
2240
5759
5760
2245
2247
5757
2246
2248
5748
5763
2255
2256
5764
5766
2843
2844
5768
6046
2826
2827
2829
2831
2828
2830
6053
2825
2832
6059
6060
2837
2839
6057
2838
2840
6048
6063
2847
2848
6064
6066
3435
3436
6068
6346
3418
3419
3421
3423
3420
3422
6353
3417
3424
6359
6360
3429
3431
6357
3430
3432
6348
6363
3439
3440
6364
6366
4027
4028
6368
6646
4010
4011
4013
4015
4012
4014
6653
4009
4016
6659
6660
4021
4023
6657
4022
4024
6648
6663
4031
4032
6664
6666
4037
4038
6668
6669
4040
6671
4041
6651
7011
4042
6644
4050
4052
65
66
4049
4051
4045
4047
7050
58
59
4044
4046
4043
4048
6673
6674
4053
6675
6676
4054
4056
6672
4055
4057
4058
4059
4060
6680
3448
3450
3447
3449
3443
3445
3442
3444
3441
3446
6370
6371
3451
6372
6373
3452
3454
6369
3453
3455
3456
3457
3458
6377
2856
2858
2855
2857
2851
2853
2850
2852
2849
2854
6070
6071
2859
6072
6073
2860
2862
6069
2861
2863
2864
2865
2866
6077
2264
2266
2263
2265
2259
7052
7049
2261
2258
2260
2257
2262
5770
5771
2267
5772
5773
2268
2270
5769
7054
2269
2271
2272
2273
2274
5777
1672
7056
7045
1674
1671
1673
1667
7058
7041
1669
1666
1668
1665
1670
5470
5471
1675
5472
5473
7060
1676
1678
5469
7062
1677
1679
1680
1681
1682
5477
1080
7064
7037
1082
1079
1081
1075
7066
7033
1077
1074
1076
1073
1078
5170
5171
1083
5172
5173
7068
1084
1086
5169
7070
1085
1087
1088
1089
1090
5177
488
7072
7029
490
487
489
483
7074
6967
485
482
484
481
486
4870
4871
491
4872
4873
7076
492
494
4869
7078
493
495
496
497
498
4877
68
7080
7025
70
67
69
4657
61
7021
63
60
62
4654
57
64
4655
4656
71
4658
4659
7082
72
74
4653
7084
73
75
76
77
78
4663
508
509
1100
1101
1692
1693
2284
2285
2876
2877
3468
3469
4070
4071
4072
4073
4074
4075
6687
3470
3471
3472
3473
6384
2878
2879
2880
2881
6084
2286
2287
2288
2289
5784
1694
1695
1696
1697
5484
1102
1103
1104
1105
5184
510
511
4662
512
513
4884
7086
7088
7090
7092
7094
7096
7098
7100
7102
7104
7106
7108
7110
79
80
4660
4661
81
82
4664
83
84
85
86
87
4666
4668
520
521
4667
514
515
4876
4883
516
517
4886
499
500
4874
4875
501
502
4878
503
504
505
506
507
4880
4882
518
519
4881
522
523
4888
4889
1112
1113
4890
1106
1107
5176
5183
1108
1109
5186
1091
1092
5174
5175
1093
1094
5178
1095
1096
1097
1098
1099
5180
5182
1110
1111
5181
1114
1115
5188
5189
1704
1705
5190
1698
1699
5476
5483
1700
1701
5486
1683
7085
7111
1684
5474
5475
1685
1686
5478
1687
1688
1689
1690
1691
5480
5482
1702
1703
5481
1706
1707
5488
5489
2296
7109
2297
5490
2290
7105
7107
2291
5776
5783
2292
2293
5786
2275
7079
7083
2276
5774
5775
2277
2278
5778
2279
2280
2281
2282
2283
5780
5782
2294
2295
5781
2298
2299
5788
5789
2888
7103
2889
5790
2882
7099
7101
2883
6076
6083
2884
2885
6086
2867
7071
7112
7114
7116
7077
2868
6074
6075
2869
2870
6078
2871
2872
2873
2874
2875
6080
6082
2886
2887
6081
2890
2891
6088
6089
3480
7097
3481
6090
3474
7093
7095
3475
6376
6383
3476
3477
6386
3459
7063
7118
7120
7122
7069
3460
6374
6375
3461
3462
6378
3463
3464
3465
3466
3467
6380
6382
3478
3479
6381
3482
3483
6388
6389
4082
7091
4083
6390
4076
7087
7089
4077
6679
4078
4079
6689
4061
7055
7124
7126
7128
7130
7061
4062
6677
6678
4063
4064
6681
4065
4066
4067
4068
4069
6683
6685
4080
4081
6684
4084
4085
6691
6692
4116
4117
92
7019
94
7132
89
90
4665
91
93
88
95
4671
4672
102
103
4669
546
547
4676
528
7134
7023
530
7136
525
526
4879
527
529
524
531
4893
4894
538
540
4891
539
541
4898
550
551
4899
4902
1138
1139
4904
1120
7138
7027
1122
7140
1117
1118
5179
1119
1121
1116
1123
5193
5194
1130
1132
5191
1131
1133
5198
1142
1143
5199
5202
1730
1731
5204
1712
7142
7031
1714
7144
1709
1710
5479
1711
1713
1708
1715
5493
5494
1722
1724
5491
1723
1725
5498
1734
1735
5499
5502
2322
2323
5504
2304
7146
7035
2306
7148
2301
7117
2302
5779
2303
2305
2300
2307
5793
5794
2314
2316
5791
2315
7115
2317
5798
2326
2327
5799
5802
2914
7113
2915
5804
2896
7150
7039
2898
7152
2893
7123
2894
6079
2895
2897
2892
2899
6093
6094
2906
2908
6091
2907
7121
2909
6098
2918
2919
6099
6102
3506
7119
3507
6104
3488
7154
7043
3490
7156
3485
7131
3486
6379
3487
3489
3484
3491
6393
6394
3498
3500
6391
3499
7129
3501
6398
3510
3511
6399
6402
4108
7127
4109
6404
4090
7158
7047
4092
7160
4087
4088
6682
4089
4091
4086
4093
6696
6697
4100
4102
6694
4101
4103
6701
4112
4113
6702
6705
4118
4119
6707
4122
6710
98
100
97
99
4670
96
101
4674
4675
104
105
4673
548
549
4677
4885
534
536
533
535
4892
532
537
4896
4897
542
544
4895
543
545
4887
4900
552
553
4901
4903
1140
1141
4905
5185
1126
1128
1125
1127
5192
1124
1129
5196
5197
1134
1136
5195
1135
1137
5187
5200
1144
1145
5201
5203
1732
1733
5205
5485
1718
1720
1717
1719
5492
1716
1721
5496
5497
1726
1728
5495
1727
1729
5487
5500
1736
1737
5501
5503
2324
2325
5505
5785
2310
2312
2309
2311
5792
2308
2313
5796
5797
2318
2320
5795
2319
2321
5787
5800
2328
2329
5801
5803
2916
2917
5805
6085
2902
2904
2901
2903
6092
2900
2905
6096
6097
2910
2912
6095
2911
2913
6087
6100
2920
2921
6101
6103
3508
3509
6105
6385
3494
3496
3493
3495
6392
3492
3497
6396
6397
3502
3504
6395
3503
3505
6387
6400
3512
3513
6401
6403
4110
4111
6405
6688
4096
4098
4095
4097
6695
4094
4099
6699
6700
4104
4106
6698
4105
4107
6690
6703
4114
4115
6704
6706
4120
4121
6708
6709
4123
6711
4124
6693
7125
4125
6686
4133
7159
4135
114
115
4132
4134
4128
7051
4130
107
108
4127
4129
4126
4131
6713
6714
4136
6715
6716
4137
4139
6712
4138
4140
4141
4142
4143
6720
3521
7155
3523
3520
3522
3516
7151
3518
3515
3517
3514
3519
6407
6408
3524
6409
6410
3525
3527
6406
3526
3528
3529
3530
3531
6414
2929
7147
2931
2928
2930
2924
7143
2926
2923
2925
2922
2927
6107
6108
2932
6109
6110
2933
2935
6106
2934
2936
2937
2938
2939
6114
2337
7162
7053
2339
2336
2338
2332
7164
7057
2334
2331
2333
2330
2335
5807
5808
2340
5809
5810
2341
2343
5806
7166
2342
2344
2345
2346
2347
5814
1745
7168
7059
1747
1744
1746
1740
7170
7065
1742
1739
1741
1738
1743
5507
5508
1748
5509
5510
7172
1749
1751
5506
7174
1750
1752
1753
1754
1755
5514
1153
7176
7067
1155
1152
1154
1148
7178
7073
1150
1147
1149
1146
1151
5207
5208
1156
5209
5210
7180
1157
1159
5206
7182
1158
1160
1161
1162
1163
5214
561
7184
7075
563
560
562
556
7186
7081
558
555
557
554
559
4907
4908
564
4909
4910
7188
565
567
4906
7190
566
568
569
570
571
4914
117
7192
7139
119
116
118
4682
110
7135
112
109
111
4679
106
113
4680
4681
120
4683
4684
7194
121
123
4678
7196
122
124
125
126
127
4688
581
582
1173
1174
1765
1766
2357
2358
2949
2950
3541
3542
4153
4154
4155
4156
4157
4158
6727
3543
3544
3545
3546
6421
2951
2952
2953
2954
6121
2359
2360
2361
2362
5821
1767
1768
1769
1770
5521
1175
1176
1177
1178
5221
583
584
4687
585
586
4921
7198
7200
7202
7204
7206
7208
7210
7212
7214
7216
7218
7220
7222
128
129
4685
4686
130
131
4689
132
133
134
135
136
4691
4693
593
594
4692
587
588
4913
4920
589
590
4923
572
573
4911
4912
574
575
4915
576
577
578
579
580
4917
4919
591
592
4918
595
596
4925
4926
1185
1186
4927
1179
1180
5213
5220
1181
1182
5223
1164
1165
5211
5212
1166
1167
5215
1168
1169
1170
1171
1172
5217
5219
1183
1184
5218
1187
1188
5225
5226
1777
1778
5227
1771
1772
5513
5520
1773
1774
5523
1756
7197
7223
1757
5511
5512
1758
1759
5515
1760
1761
1762
1763
1764
5517
5519
1775
1776
5518
1779
1780
5525
5526
2369
7221
2370
5527
2363
7217
7219
2364
5813
5820
2365
2366
5823
2348
7191
7195
2349
5811
5812
2350
2351
5815
2352
2353
2354
2355
2356
5817
5819
2367
2368
5818
2371
2372
5825
5826
2961
7215
2962
5827
2955
7211
7213
2956
6113
6120
2957
2958
6123
2940
7183
7224
7226
7228
7189
2941
6111
6112
2942
2943
6115
2944
2945
2946
2947
2948
6117
6119
2959
2960
6118
2963
2964
6125
6126
3553
7209
3554
6127
3547
7205
7207
3548
6413
6420
3549
3550
6423
3532
7175
7230
7232
7234
7181
3533
6411
6412
3534
3535
6415
3536
3537
3538
3539
3540
6417
6419
3551
3552
6418
3555
3556
6425
6426
4165
7203
4166
6427
4159
7199
7201
4160
6719
4161
4162
6729
4144
7167
7236
7238
7240
7242
7173
4145
6717
6718
4146
4147
6721
4148
4149
4150
4151
4152
6723
6725
4163
4164
6724
4167
4168
6731
6732
4199
4200
141
7133
143
7244
138
139
4690
140
142
137
144
4696
4697
151
152
4694
619
620
4701
601
7246
7137
603
7248
598
599
4916
600
602
597
604
4930
4931
611
613
4928
612
614
4935
623
624
4936
4939
1211
1212
4941
1193
7250
7141
1195
7252
1190
1191
5216
1192
1194
1189
1196
5230
5231
1203
1205
5228
1204
1206
5235
1215
1216
5236
5239
1803
1804
5241
1785
7254
7145
1787
7256
1782
1783
5516
1784
1786
1781
1788
5530
5531
1795
1797
5528
1796
1798
5535
1807
1808
5536
5539
2395
2396
5541
2377
7258
7149
2379
7260
2374
7229
2375
5816
2376
2378
2373
2380
5830
5831
2387
2389
5828
2388
7227
2390
5835
2399
2400
5836
5839
2987
7225
2988
5841
2969
7262
7153
2971
7264
2966
7235
2967
6116
2968
2970
2965
2972
6130
6131
2979
2981
6128
2980
7233
2982
6135
2991
2992
6136
6139
3579
7231
3580
6141
3561
7266
7157
3563
7268
3558
7243
3559
6416
3560
3562
3557
3564
6430
6431
3571
3573
6428
3572
7241
3574
6435
3583
3584
6436
6439
4191
7239
4192
6441
4173
7270
7161
4175
7272
4170
4171
6722
4172
4174
4169
4176
6736
6737
4183
4185
6734
4184
4186
6741
4195
4196
6742
6745
4201
4202
6747
4205
6750
147
149
146
148
4695
145
150
4699
4700
153
154
4698
621
622
4702
4922
607
609
606
608
4929
605
610
4933
4934
615
617
4932
616
618
4924
4937
625
626
4938
4940
1213
1214
4942
5222
1199
1201
1198
1200
5229
1197
1202
5233
5234
1207
1209
5232
1208
1210
5224
5237
1217
1218
5238
5240
1805
1806
5242
5522
1791
1793
1790
1792
5529
1789
1794
5533
5534
1799
1801
5532
1800
1802
5524
5537
1809
1810
5538
5540
2397
2398
5542
5822
2383
2385
2382
2384
5829
2381
2386
5833
5834
2391
2393
5832
2392
2394
5824
5837
2401
2402
5838
5840
2989
2990
5842
6122
2975
2977
2974
2976
6129
2973
2978
6133
6134
2983
2985
6132
2984
2986
6124
6137
2993
2994
6138
6140
3581
3582
6142
6422
3567
3569
3566
3568
6429
3565
3570
6433
6434
3575
3577
6432
3576
3578
6424
6437
3585
3586
6438
6440
4193
4194
6442
6728
4179
4181
4178
4180
6735
4177
4182
6739
6740
4187
4189
6738
4188
4190
6730
6743
4197
4198
6744
6746
4203
4204
6748
6749
4206
6751
4207
6733
7237
4208
6726
4216
7271
4218
163
164
4215
4217
4211
7267
4213
156
157
4210
4212
4209
4214
6753
6754
4219
6755
6756
4220
4222
6752
4221
4223
4224
4225
4226
6760
3594
7263
3596
3593
3595
3589
7259
3591
3588
3590
3587
3592
6444
6445
3597
6446
6447
3598
3600
6443
3599
3601
3602
3603
3604
6451
3002
7255
3004
3001
3003
2997
7163
2999
2996
2998
2995
3000
6144
6145
3005
6146
6147
3006
3008
6143
3007
3009
3010
3011
3012
6151
2410
7274
7165
2412
2409
2411
2405
7276
7169
2407
2404
2406
2403
2408
5844
5845
2413
5846
5847
2414
2416
5843
7278
2415
2417
2418
2419
2420
5851
1818
7280
7171
1820
1817
1819
1813
7282
7177
1815
1812
1814
1811
1816
5544
5545
1821
5546
5547
7284
1822
1824
5543
7286
1823
1825
1826
1827
1828
5551
1226
7288
7179
1228
1225
1227
1221
7290
7185
1223
1220
1222
1219
1224
5244
5245
1229
5246
5247
7292
1230
1232
5243
7294
1231
1233
1234
1235
1236
5251
634
7296
7187
636
633
635
629
7298
7193
631
628
630
627
632
4944
4945
637
4946
4947
7300
638
640
4943
7302
639
641
642
643
644
4951
166
7304
7251
168
165
167
4707
159
7247
161
158
160
4704
155
162
4705
4706
169
4708
4709
7306
170
172
4703
7308
171
173
174
175
176
4713
654
655
1246
1247
1838
1839
2430
2431
3022
3023
3614
3615
4236
4237
4238
4239
4240
4241
6767
3616
3617
3618
3619
6458
3024
3025
3026
3027
6158
2432
2433
2434
2435
5858
1840
1841
1842
1843
5558
1248
1249
1250
1251
5258
656
657
4712
658
659
4958
7310
7312
7314
7316
7318
7320
7322
7324
7326
7328
7330
7332
7334
177
178
4710
4711
179
180
4714
181
182
183
184
185
4716
4718
666
667
4717
660
661
4950
4957
662
663
4960
645
646
4948
4949
647
648
4952
649
650
651
652
653
4954
4956
664
665
4955
668
669
4962
4963
1258
1259
4964
1252
1253
5250
5257
1254
1255
5260
1237
1238
5248
5249
1239
1240
5252
1241
1242
1243
1244
1245
5254
5256
1256
1257
5255
1260
1261
5262
5263
1850
1851
5264
1844
1845
5550
5557
1846
1847
5560
1829
7309
7335
1830
5548
5549
1831
1832
5552
1833
1834
1835
1836
1837
5554
5556
1848
1849
5555
1852
1853
5562
5563
2442
7333
2443
5564
2436
7329
7331
2437
5850
5857
2438
2439
5860
2421
7303
7307
2422
5848
5849
2423
2424
5852
2425
2426
2427
2428
2429
5854
5856
2440
2441
5855
2444
2445
5862
5863
3034
7327
3035
5864
3028
7323
7325
3029
6150
6157
3030
3031
6160
3013
7295
7336
7338
7340
7301
3014
6148
6149
3015
3016
6152
3017
3018
3019
3020
3021
6154
6156
3032
3033
6155
3036
3037
6162
6163
3626
7321
3627
6164
3620
7317
7319
3621
6450
6457
3622
3623
6460
3605
7287
7342
7344
7346
7293
3606
6448
6449
3607
3608
6452
3609
3610
3611
3612
3613
6454
6456
3624
3625
6455
3628
3629
6462
6463
4248
7315
4249
6464
4242
7311
7313
4243
6759
4244
4245
6769
4227
7279
7348
7350
7352
7354
7285
4228
6757
6758
4229
4230
6761
4231
4232
4233
4234
4235
6763
6765
4246
4247
6764
4250
4251
6771
6772
4282
4283
190
7245
192
7356
187
188
4715
189
191
186
193
4721
4722
200
201
4719
692
693
4726
674
7358
7249
676
7360
671
672
4953
673
675
670
677
4967
4968
684
686
4965
685
687
4972
696
697
4973
4976
1284
1285
4978
1266
7362
7253
1268
7364
1263
1264
5253
1265
1267
1262
1269
5267
5268
1276
1278
5265
1277
1279
5272
1288
1289
5273
5276
1876
1877
5278
1858
7366
7257
1860
7368
1855
1856
5553
1857
1859
1854
1861
5567
5568
1868
1870
5565
1869
1871
5572
1880
1881
5573
5576
2468
2469
5578
2450
7370
7261
2452
7372
2447
7341
2448
5853
2449
2451
2446
2453
5867
5868
2460
2462
5865
2461
7339
2463
5872
2472
2473
5873
5876
3060
7337
3061
5878
3042
7374
7265
3044
7376
3039
7347
3040
6153
3041
3043
3038
3045
6167
6168
3052
3054
6165
3053
7345
3055
6172
3064
3065
6173
6176
3652
7343
3653
6178
3634
7378
7269
3636
7380
3631
7355
3632
6453
3633
3635
3630
3637
6467
6468
3644
3646
6465
3645
7353
3647
6472
3656
3657
6473
6476
4274
7351
4275
6478
4256
7382
7273
4258
7384
4253
4254
6762
4255
4257
4252
4259
6776
6777
4266
4268
6774
4267
4269
6781
4278
4279
6782
6785
4284
4285
6787
4288
6790
196
198
195
197
4720
194
199
4724
4725
202
203
4723
694
695
4727
4959
680
682
679
681
4966
678
683
4970
4971
688
690
4969
689
691
4961
4974
698
699
4975
4977
1286
1287
4979
5259
1272
1274
1271
1273
5266
1270
1275
5270
5271
1280
1282
5269
1281
1283
5261
5274
1290
1291
5275
5277
1878
1879
5279
5559
1864
1866
1863
1865
5566
1862
1867
5570
5571
1872
1874
5569
1873
1875
5561
5574
1882
1883
5575
5577
2470
2471
5579
5859
2456
2458
2455
2457
5866
2454
2459
5870
5871
2464
2466
5869
2465
2467
5861
5874
2474
2475
5875
5877
3062
3063
5879
6159
3048
3050
3047
3049
6166
3046
3051
6170
6171
3056
3058
6169
3057
3059
6161
6174
3066
3067
6175
6177
3654
3655
6179
6459
3640
3642
3639
3641
6466
3638
3643
6470
6471
3648
3650
6469
3649
3651
6461
6474
3658
3659
6475
6477
4276
4277
6479
6768
4262
4264
4261
4263
6775
4260
4265
6779
6780
4270
4272
6778
4271
4273
6770
6783
4280
4281
6784
6786
4286
4287
6788
6789
4289
6791
4290
6773
7349
4291
6766
4299
7383
4301
212
213
4298
4300
4294
7379
4296
205
206
4293
4295
4292
4297
6793
6794
4302
6795
6796
4303
4305
6792
4304
4306
4307
4308
4309
6800
3667
7375
3669
3666
3668
3662
7371
3664
3661
3663
3660
3665
6481
6482
3670
6483
6484
3671
3673
6480
3672
3674
3675
3676
3677
6488
3075
7367
3077
3074
3076
3070
7275
3072
3069
3071
3068
3073
6181
6182
3078
6183
6184
3079
3081
6180
3080
3082
3083
3084
3085
6188
2483
7386
7277
2485
2482
2484
2478
7388
7281
2480
2477
2479
2476
2481
5881
5882
2486
5883
5884
2487
2489
5880
7390
2488
2490
2491
2492
2493
5888
1891
7392
7283
1893
1890
1892
1886
7394
7289
1888
1885
1887
1884
1889
5581
5582
1894
5583
5584
7396
1895
1897
5580
7398
1896
1898
1899
1900
1901
5588
1299
7400
7291
1301
1298
1300
1294
7402
7297
1296
1293
1295
1292
1297
5281
5282
1302
5283
5284
7404
1303
1305
5280
7406
1304
1306
1307
1308
1309
5288
707
7408
7299
709
706
708
702
7410
7305
704
701
703
700
705
4981
4982
710
4983
4984
7412
711
713
4980
7414
712
714
715
716
717
4988
215
7416
7363
217
214
216
4732
208
7359
210
207
209
4729
204
211
4730
4731
218
4733
4734
7418
219
221
4728
7420
220
222
223
224
225
4738
727
728
1319
1320
1911
1912
2503
2504
3095
3096
3687
3688
4319
4320
4321
4322
4323
4324
6807
3689
3690
3691
3692
6495
3097
3098
3099
3100
6195
2505
2506
2507
2508
5895
1913
1914
1915
1916
5595
1321
1322
1323
1324
5295
729
730
4737
731
732
4995
7422
7424
7426
7428
7430
7432
7434
7436
7438
7440
7442
7444
7446
226
227
4735
4736
228
229
4739
230
231
232
233
234
4741
4743
739
740
4742
733
734
4987
4994
735
736
4997
718
719
4985
4986
720
721
4989
722
723
724
725
726
4991
4993
737
738
4992
741
742
4999
5000
1331
1332
5001
1325
1326
5287
5294
1327
1328
5297
1310
1311
5285
5286
1312
1313
5289
1314
1315
1316
1317
1318
5291
5293
1329
1330
5292
1333
1334
5299
5300
1923
1924
5301
1917
1918
5587
5594
1919
1920
5597
1902
7421
7447
1903
5585
5586
1904
1905
5589
1906
1907
1908
1909
1910
5591
5593
1921
1922
5592
1925
1926
5599
5600
2515
7445
2516
5601
2509
7441
7443
2510
5887
5894
2511
2512
5897
2494
7415
7419
2495
5885
5886
2496
2497
5889
2498
2499
2500
2501
2502
5891
5893
2513
2514
5892
2517
2518
5899
5900
3107
7439
3108
5901
3101
7435
7437
3102
6187
6194
3103
3104
6197
3086
7407
7448
7450
7452
7413
3087
6185
6186
3088
3089
6189
3090
3091
3092
3093
3094
6191
6193
3105
3106
6192
3109
3110
6199
6200
3699
7433
3700
6201
3693
7429
7431
3694
6487
6494
3695
3696
6497
3678
7399
7454
7456
7458
7405
3679
6485
6486
3680
3681
6489
3682
3683
3684
3685
3686
6491
6493
3697
3698
6492
3701
3702
6499
6500
4331
7427
4332
6501
4325
7423
7425
4326
6799
4327
4328
6809
4310
7391
7460
7462
7464
7466
7397
4311
6797
6798
4312
4313
6801
4314
4315
4316
4317
4318
6803
6805
4329
4330
6804
4333
4334
6811
6812
4365
4366
239
7357
241
7468
236
237
4740
238
240
235
242
4746
4747
249
250
4744
765
766
4751
747
7470
7361
749
7472
744
745
4990
746
748
743
750
5004
5005
757
759
5002
758
760
5009
769
770
5010
5013
1357
1358
5015
1339
7474
7365
1341
7476
1336
1337
5290
1338
1340
1335
1342
5304
5305
1349
1351
5302
1350
1352
5309
1361
1362
5310
5313
1949
1950
5315
1931
7478
7369
1933
7480
1928
1929
5590
1930
1932
1927
1934
5604
5605
1941
1943
5602
1942
1944
5609
1953
1954
5610
5613
2541
2542
5615
2523
7482
7373
2525
7484
2520
7453
2521
5890
2522
2524
2519
2526
5904
5905
2533
2535
5902
2534
7451
2536
5909
2545
2546
5910
5913
3133
7449
3134
5915
3115
7486
7377
3117
7488
3112
7459
3113
6190
3114
3116
3111
3118
6204
6205
3125
3127
6202
3126
7457
3128
6209
3137
3138
6210
6213
3725
7455
3726
6215
3707
7490
7381
3709
7492
3704
7467
3705
6490
3706
3708
3703
3710
6504
6505
3717
3719
6502
3718
7465
3720
6509
3729
3730
6510
6513
4357
7463
4358
6515
4339
7494
7385
4341
7496
4336
4337
6802
4338
4340
4335
4342
6816
6817
4349
4351
6814
4350
4352
6821
4361
4362
6822
6825
4367
4368
6827
4371
6830
245
247
244
246
4745
243
248
4749
4750
251
252
4748
767
768
4752
4996
753
755
752
754
5003
751
756
5007
5008
761
763
5006
762
764
4998
5011
771
772
5012
5014
1359
1360
5016
5296
1345
1347
1344
1346
5303
1343
1348
5307
5308
1353
1355
5306
1354
1356
5298
5311
1363
1364
5312
5314
1951
1952
5316
5596
1937
1939
1936
1938
5603
1935
1940
5607
5608
1945
1947
5606
1946
1948
5598
5611
1955
1956
5612
5614
2543
2544
5616
5896
2529
2531
2528
2530
5903
2527
2532
5907
5908
2537
2539
5906
2538
2540
5898
5911
2547
2548
5912
5914
3135
3136
5916
6196
3121
3123
3120
3122
6203
3119
3124
6207
6208
3129
3131
6206
3130
3132
6198
6211
3139
3140
6212
6214
3727
3728
6216
6496
3713
3715
3712
3714
6503
3711
3716
6507
6508
3721
3723
6506
3722
3724
6498
6511
3731
3732
6512
6514
4359
4360
6516
6808
4345
4347
4344
4346
6815
4343
4348
6819
6820
4353
4355
6818
4354
4356
6810
6823
4363
4364
6824
6826
4369
4370
6828
6829
4372
6831
4373
6813
7461
4374
6806
4382
7495
4384
261
262
4381
4383
4377
7491
4379
254
255
4376
4378
4375
4380
6833
6834
4385
6835
6836
4386
4388
6832
4387
4389
4390
4391
4392
6840
3740
7487
3742
3739
3741
3735
7483
3737
3734
3736
3733
3738
6518
6519
3743
6520
6521
3744
3746
6517
3745
3747
3748
3749
3750
6525
3148
7479
3150
3147
3149
3143
7387
3145
3142
3144
3141
3146
6218
6219
3151
6220
6221
3152
3154
6217
3153
3155
3156
3157
3158
6225
2556
7498
7389
2558
2555
2557
2551
7500
7393
2553
2550
2552
2549
2554
5918
5919
2559
5920
5921
2560
2562
5917
7502
2561
2563
2564
2565
2566
5925
1964
7504
7395
1966
1963
1965
1959
7506
7401
1961
1958
1960
1957
1962
5618
5619
1967
5620
5621
7508
1968
1970
5617
7510
1969
1971
1972
1973
1974
5625
1372
7512
7403
1374
1371
1373
1367
7514
7409
1369
1366
1368
1365
1370
5318
5319
1375
5320
5321
7516
1376
1378
5317
7518
1377
1379
1380
1381
1382
5325
780
7520
7411
782
779
781
775
7522
7417
777
774
776
773
778
5018
5019
783
5020
5021
7524
784
786
5017
7526
785
787
788
789
790
5025
264
7528
7475
266
263
265
4757
257
7471
259
256
258
4754
253
260
4755
4756
267
4758
4759
7530
268
270
4753
7532
269
271
272
273
274
4763
800
801
1392
1393
1984
1985
2576
2577
3168
3169
3760
3761
4402
4403
4404
4405
4406
4407
6847
3762
3763
3764
3765
6532
3170
3171
3172
3173
6232
2578
2579
2580
2581
5932
1986
1987
1988
1989
5632
1394
1395
1396
1397
5332
802
803
4762
804
805
5032
7534
7536
7538
7540
7542
7544
7546
7548
7550
7552
7554
7556
7558
275
276
4760
4761
277
278
4764
279
280
281
282
283
4766
4768
812
813
4767
806
807
5024
5031
808
809
5034
791
792
5022
5023
793
794
5026
795
796
797
798
799
5028
5030
810
811
5029
814
815
5036
5037
1404
1405
5038
1398
1399
5324
5331
1400
1401
5334
1383
1384
5322
5323
1385
1386
5326
1387
1388
1389
1390
1391
5328
5330
1402
1403
5329
1406
1407
5336
5337
1996
1997
5338
1990
1991
5624
5631
1992
1993
5634
1975
7533
7559
1976
5622
5623
1977
1978
5626
1979
1980
1981
1982
1983
5628
5630
1994
1995
5629
1998
1999
5636
5637
2588
7557
2589
5638
2582
7553
7555
2583
5924
5931
2584
2585
5934
2567
7527
7531
2568
5922
5923
2569
2570
5926
2571
2572
2573
2574
2575
5928
5930
2586
2587
5929
2590
2591
5936
5937
3180
7551
3181
5938
3174
7547
7549
3175
6224
6231
3176
3177
6234
3159
7519
7560
7562
7564
7525
3160
6222
6223
3161
3162
6226
3163
3164
3165
3166
3167
6228
6230
3178
3179
6229
3182
3183
6236
6237
3772
7545
3773
6238
3766
7541
7543
3767
6524
6531
3768
3769
6534
3751
7511
7566
7568
7570
7517
3752
6522
6523
3753
3754
6526
3755
3756
3757
3758
3759
6528
6530
3770
3771
6529
3774
3775
6536
6537
4414
7539
4415
6538
4408
7535
7537
4409
6839
4410
4411
6849
4393
7503
7572
7574
7576
7578
7509
4394
6837
6838
4395
4396
6841
4397
4398
4399
4400
4401
6843
6845
4412
4413
6844
4416
4417
6851
6852
4448
4449
288
7469
290
7580
285
286
4765
287
289
284
291
4771
4772
298
299
4769
838
839
4776
820
7582
7473
822
7584
817
818
5027
819
821
816
823
5041
5042
830
832
5039
831
833
5046
842
843
5047
5050
1430
1431
5052
1412
7586
7477
1414
7588
1409
1410
5327
1411
1413
1408
1415
5341
5342
1422
1424
5339
1423
1425
5346
1434
1435
5347
5350
2022
2023
5352
2004
7590
7481
2006
7592
2001
2002
5627
2003
2005
2000
2007
5641
5642
2014
2016
5639
2015
2017
5646
2026
2027
5647
5650
2614
2615
5652
2596
7594
7485
2598
7596
2593
7565
2594
5927
2595
2597
2592
2599
5941
5942
2606
2608
5939
2607
7563
2609
5946
2618
2619
5947
5950
3206
7561
3207
5952
3188
7598
7489
3190
7600
3185
7571
3186
6227
3187
3189
3184
3191
6241
6242
3198
3200
6239
3199
7569
3201
6246
3210
3211
6247
6250
3798
7567
3799
6252
3780
7602
7493
3782
7604
3777
7579
3778
6527
3779
3781
3776
3783
6541
6542
3790
3792
6539
3791
7577
3793
6546
3802
3803
6547
6550
4440
7575
4441
6552
4422
7606
7497
4424
7608
4419
4420
6842
4421
4423
4418
4425
6856
6857
4432
4434
6854
4433
4435
6861
4444
4445
6862
6865
4450
4451
6867
4454
6870
294
296
293
295
4770
292
297
4774
4775
300
301
4773
840
841
4777
5033
826
828
825
827
5040
824
829
5044
5045
834
836
5043
835
837
5035
5048
844
845
5049
5051
1432
1433
5053
5333
1418
1420
1417
1419
5340
1416
1421
5344
5345
1426
1428
5343
1427
1429
5335
5348
1436
1437
5349
5351
2024
2025
5353
5633
2010
2012
2009
2011
5640
2008
2013
5644
5645
2018
2020
5643
2019
2021
5635
5648
2028
2029
5649
5651
2616
2617
5653
5933
2602
2604
2601
2603
5940
2600
2605
5944
5945
2610
2612
5943
2611
2613
5935
5948
2620
2621
5949
5951
3208
3209
5953
6233
3194
3196
3193
3195
6240
3192
3197
6244
6245
3202
3204
6243
3203
3205
6235
6248
3212
3213
6249
6251
3800
3801
6253
6533
3786
3788
3785
3787
6540
3784
3789
6544
6545
3794
3796
6543
3795
3797
6535
6548
3804
3805
6549
6551
4442
4443
6553
6848
4428
4430
4427
4429
6855
4426
4431
6859
6860
4436
4438
6858
4437
4439
6850
6863
4446
4447
6864
6866
4452
4453
6868
6869
4455
6871
4456
6853
7573
4457
6846
4465
7607
4467
310
311
4464
4466
4460
7603
4462
303
304
4459
4461
4458
4463
6873
6874
4468
6875
6876
4469
4471
6872
4470
4472
4473
4474
4475
6880
3813
7599
3815
3812
3814
3808
7595
3810
3807
3809
3806
3811
6555
6556
3816
6557
6558
3817
3819
6554
3818
3820
3821
3822
3823
6562
3221
7591
3223
3220
3222
3216
7499
3218
3215
3217
3214
3219
6255
6256
3224
6257
6258
3225
3227
6254
3226
3228
3229
3230
3231
6262
2629
7610
7501
2631
2628
2630
2624
7612
7505
2626
2623
2625
2622
2627
5955
5956
2632
5957
5958
2633
2635
5954
7614
2634
2636
2637
2638
2639
5962
2037
7616
7507
2039
2036
2038
2032
7618
7513
2034
2031
2033
2030
2035
5655
5656
2040
5657
5658
7620
2041
2043
5654
7622
2042
2044
2045
2046
2047
5662
1445
7624
7515
1447
1444
1446
1440
7626
7521
1442
1439
1441
1438
1443
5355
5356
1448
5357
5358
7628
1449
1451
5354
7630
1450
1452
1453
1454
1455
5362
853
7632
7523
855
852
854
848
7634
7529
850
847
849
846
851
5055
5056
856
5057
5058
7636
857
859
5054
7638
858
860
861
862
863
5062
313
7640
7587
315
312
314
4782
306
7583
308
305
307
4779
302
309
4780
4781
316
4783
4784
7642
317
319
4778
7644
318
320
321
322
323
4788
873
874
1465
1466
2057
2058
2649
2650
3241
3242
3833
3834
4485
4486
4487
4488
4489
4490
6887
3835
3836
3837
3838
6569
3243
3244
3245
3246
6269
2651
2652
2653
2654
5969
2059
2060
2061
2062
5669
1467
1468
1469
1470
5369
875
876
4787
877
878
5069
7646
7648
7650
7652
7654
7656
7658
7660
7662
7664
7666
7668
7670
324
325
4785
4786
326
327
4789
328
329
330
331
332
4791
4793
885
886
4792
879
880
5061
5068
881
882
5071
864
865
5059
5060
866
867
5063
868
869
870
871
872
5065
5067
883
884
5066
887
888
5073
5074
1477
1478
5075
1471
1472
5361
5368
1473
1474
5371
1456
1457
5359
5360
1458
1459
5363
1460
1461
1462
1463
1464
5365
5367
1475
1476
5366
1479
1480
5373
5374
2069
2070
5375
2063
2064
5661
5668
2065
2066
5671
2048
7645
7671
2049
5659
5660
2050
2051
5663
2052
2053
2054
2055
2056
5665
5667
2067
2068
5666
2071
2072
5673
5674
2661
7669
2662
5675
2655
7665
7667
2656
5961
5968
2657
2658
5971
2640
7639
7643
2641
5959
5960
2642
2643
5963
2644
2645
2646
2647
2648
5965
5967
2659
2660
5966
2663
2664
5973
5974
3253
7663
3254
5975
3247
7659
7661
3248
6261
6268
3249
3250
6271
3232
7631
7672
7674
7676
7637
3233
6259
6260
3234
3235
6263
3236
3237
3238
3239
3240
6265
6267
3251
3252
6266
3255
3256
6273
6274
3845
7657
3846
6275
3839
7653
7655
3840
6561
6568
3841
3842
6571
3824
7623
7678
7680
7682
7629
3825
6559
6560
3826
3827
6563
3828
3829
3830
3831
3832
6565
6567
3843
3844
6566
3847
3848
6573
6574
4497
7651
4498
6575
4491
7647
7649
4492
6879
4493
4494
6889
4476
7615
7684
7686
7688
7690
7621
4477
6877
6878
4478
4479
6881
4480
4481
4482
4483
4484
6883
6885
4495
4496
6884
4499
4500
6891
6892
4531
4532
337
7581
339
7692
334
335
4790
336
338
333
340
4796
4797
347
348
4794
911
912
4801
893
7694
7585
895
7696
890
891
5064
892
894
889
896
5078
5079
903
905
5076
904
906
5083
915
916
5084
5087
1503
1504
5089
1485
7698
7589
1487
7700
1482
1483
5364
1484
1486
1481
1488
5378
5379
1495
1497
5376
1496
1498
5383
1507
1508
5384
5387
2095
2096
5389
2077
7702
7593
2079
7704
2074
2075
5664
2076
2078
2073
2080
5678
5679
2087
2089
5676
2088
2090
5683
2099
2100
5684
5687
2687
2688
5689
2669
7706
7597
2671
7708
2666
7677
2667
5964
2668
2670
2665
2672
5978
5979
2679
2681
5976
2680
7675
2682
5983
2691
2692
5984
5987
3279
7673
3280
5989
3261
7710
7601
3263
7712
3258
7683
3259
6264
3260
3262
3257
3264
6278
6279
3271
3273
6276
3272
7681
3274
6283
3283
3284
6284
6287
3871
7679
3872
6289
3853
7714
7605
3855
7716
3850
7691
3851
6564
3852
3854
3849
3856
6578
6579
3863
3865
6576
3864
7689
3866
6583
3875
3876
6584
6587
4523
7687
4524
6589
4505
7718
7609
4507
7720
4502
4503
6882
4504
4506
4501
4508
6896
6897
4515
4517
6894
4516
4518
6901
4527
4528
6902
6905
4533
4534
6907
4537
6910
343
345
342
344
4795
341
346
4799
4800
349
350
4798
913
914
4802
5070
899
901
898
900
5077
897
902
5081
5082
907
909
5080
908
910
5072
5085
917
918
5086
5088
1505
1506
5090
5370
1491
1493
1490
1492
5377
1489
1494
5381
5382
1499
1501
5380
1500
1502
5372
5385
1509
1510
5386
5388
2097
2098
5390
5670
2083
2085
2082
2084
5677
2081
2086
5681
5682
2091
2093
5680
2092
2094
5672
5685
2101
2102
5686
5688
2689
2690
5690
5970
2675
2677
2674
2676
5977
2673
2678
5981
5982
2683
2685
5980
2684
2686
5972
5985
2693
2694
5986
5988
3281
3282
5990
6270
3267
3269
3266
3268
6277
3265
3270
6281
6282
3275
3277
6280
3276
3278
6272
6285
3285
3286
6286
6288
3873
3874
6290
6570
3859
3861
3858
3860
6577
3857
3862
6581
6582
3867
3869
6580
3868
3870
6572
6585
3877
3878
6586
6588
4525
4526
6590
6888
4511
4513
4510
4512
6895
4509
4514
6899
6900
4519
4521
6898
4520
4522
6890
6903
4529
4530
6904
6906
4535
4536
6908
6909
4538
6911
4539
6893
7685
4540
6886
4548
7719
4550
6632
359
360
4547
4549
4543
7715
4545
6629
352
353
4542
4544
4541
4546
6913
6914
4551
6915
6916
4552
4554
6912
4553
4555
4556
4557
4558
6920
3886
7711
3888
6332
3885
3887
3881
7707
3883
6329
3880
3882
3879
3884
6592
6593
3889
6594
6595
3890
3892
6591
3891
3893
3894
3895
3896
6599
3294
7703
3296
6032
3293
3295
3289
7611
3291
6029
3288
3290
3287
3292
6292
6293
3297
6294
6295
3298
3300
6291
3299
3301
3302
3303
3304
6299
2702
7613
2704
5732
2701
2703
2697
7617
2699
5729
2696
2698
2695
2700
5992
5993
2705
5994
5995
2706
2708
5991
7722
2707
2709
2710
2711
2712
5999
2110
7619
2112
5432
2109
2111
2105
7625
2107
5429
2104
2106
2103
2108
5692
5693
2113
5694
5695
7724
2114
2116
5691
7726
2115
2117
2118
2119
2120
5699
1518
7627
1520
5132
1517
1519
1513
7633
1515
5129
1512
1514
1511
1516
5392
5393
1521
5394
5395
7728
1522
1524
5391
7730
1523
1525
1526
1527
1528
5399
926
7635
928
4832
925
927
921
7641
923
4829
920
922
919
924
5092
5093
929
5094
5095
7732
930
932
5091
7734
931
933
934
935
936
5099
362
7699
364
4630
361
363
4807
355
7695
357
4626
354
356
4804
351
358
4805
4806
365
4808
4809
7736
366
368
4803
7738
367
369
370
371
372
4813
946
947
1538
1539
2130
2131
2722
2723
3314
3315
3906
3907
4568
4569
4570
4571
4572
4573
6927
3908
3909
3910
3911
6606
3316
3317
3318
3319
6306
2724
2725
2726
2727
6006
2132
2133
2134
2135
5706
1540
1541
1542
1543
5406
948
949
4812
950
951
5106
7740
7742
7744
7746
7748
7750
7752
7754
7756
7758
7760
7762
7764
373
374
4810
4811
375
376
4814
377
378
379
380
381
4816
4818
958
959
4817
952
953
5098
5105
954
955
5108
937
938
5096
5097
939
940
5100
941
942
943
944
945
5102
5104
956
957
5103
960
961
5110
5111
1550
1551
5112
1544
1545
5398
5405
1546
1547
5408
1529
1530
5396
5397
1531
1532
5400
1533
1534
1535
1536
1537
5402
5404
1548
1549
5403
1552
1553
5410
5411
2142
2143
5412
2136
2137
5698
5705
2138
2139
5708
2121
7739
7765
2122
5696
5697
2123
2124
5700
2125
2126
2127
2128
2129
5702
5704
2140
2141
5703
2144
2145
5710
5711
2734
7763
2735
5712
2728
7759
7761
2729
5998
6005
2730
2731
6008
2713
7735
7737
2714
5996
5997
2715
2716
6000
2717
2718
2719
2720
2721
6002
6004
2732
2733
6003
2736
2737
6010
6011
3326
7757
3327
6012
3320
7753
7755
3321
6298
6305
3322
3323
6308
3305
7731
7766
7768
7770
7733
3306
6296
6297
3307
3308
6300
3309
3310
3311
3312
3313
6302
6304
3324
3325
6303
3328
3329
6310
6311
3918
7751
3919
6312
3912
7747
7749
3913
6598
6605
3914
3915
6608
3897
7727
7772
7774
7776
7729
3898
6596
6597
3899
3900
6600
3901
3902
3903
3904
3905
6602
6604
3916
3917
6603
3920
3921
6610
6611
4580
7745
4581
6612
4574
7741
7743
4575
6919
4576
4577
6929
4559
7723
7778
7780
7782
7784
7725
4560
6917
6918
4561
4562
6921
4563
4564
4565
4566
4567
6923
6925
4578
4579
6924
4582
4583
6931
6932
4614
4615
386
7693
388
4644
383
384
4815
385
387
382
389
4821
4822
396
397
4819
984
985
4826
966
7697
968
4854
963
964
5101
965
967
962
969
5115
5116
976
978
5113
977
979
5120
988
989
5121
5124
1576
1577
5126
1558
7701
1560
5154
1555
1556
5401
1557
1559
1554
1561
5415
5416
1568
1570
5413
1569
1571
5420
1580
1581
5421
5424
2168
2169
5426
2150
7705
2152
5454
2147
2148
5701
2149
2151
2146
2153
5715
5716
2160
2162
5713
2161
2163
5720
2172
2173
5721
5724
2760
2761
5726
2742
7709
2744
5754
2739
7771
2740
6001
2741
2743
2738
2745
6015
6016
2752
2754
6013
2753
7769
2755
6020
2764
2765
6021
6024
3352
7767
3353
6026
3334
7713
3336
6054
3331
7777
3332
6301
3333
3335
3330
3337
6315
6316
3344
3346
6313
3345
7775
3347
6320
3356
3357
6321
6324
3944
7773
3945
6326
3926
7717
3928
6354
3923
7785
3924
6601
3925
3927
3922
3929
6615
6616
3936
3938
6613
3937
7783
3939
6620
3948
3949
6621
6624
4606
7781
4607
6626
4588
7721
4590
6654
4585
4586
6922
4587
4589
4584
4591
6936
6937
4598
4600
6934
4599
4601
6941
4610
4611
6942
6945
4616
4617
6947
4620
6950
392
394
4648
391
393
4820
390
395
4824
4825
398
399
4823
986
987
4827
5107
972
974
4858
971
973
5114
970
975
5118
5119
980
982
5117
981
983
5109
5122
990
991
5123
5125
1578
1579
5127
5407
1564
1566
5158
1563
1565
5414
1562
1567
5418
5419
1572
1574
5417
1573
1575
5409
5422
1582
1583
5423
5425
2170
2171
5427
5707
2156
2158
5458
2155
2157
5714
2154
2159
5718
5719
2164
2166
5717
2165
2167
5709
5722
2174
2175
5723
5725
2762
2763
5727
6007
2748
2750
5758
2747
2749
6014
2746
2751
6018
6019
2756
2758
6017
2757
2759
6009
6022
2766
2767
6023
6025
3354
3355
6027
6307
3340
3342
6058
3339
3341
6314
3338
3343
6318
6319
3348
3350
6317
3349
3351
6309
6322
3358
3359
6323
6325
3946
3947
6327
6607
3932
3934
6358
3931
3933
6614
3930
3935
6618
6619
3940
3942
6617
3941
3943
6609
6622
3950
3951
6623
6625
4608
4609
6627
6928
4594
4596
6658
4593
4595
6935
4592
4597
6939
6940
4602
4604
6938
4603
4605
6930
6943
4612
4613
6944
6946
4618
4619
6948
6949
4621
6951
4622
6933
7779
4623
6926
