65
67
69
71
64
66
68
70
56
58
60
62
55
57
59
61
47
49
4160
51
53
46
48
4162
50
52
38
40
4164
42
44
37
39
4166
41
43
29
31
4168
33
35
28
30
4170
32
34
20
22
4172
24
26
19
21
4174
23
25
11
13
4176
15
17
10
12
4178
14
16
2
4
4180
6
8
1
3
4182
5
7
0
9
2947
2948
18
2951
2952
4183
4181
27
2955
2956
4179
4177
36
2959
2960
4175
4173
45
2963
2964
4171
4169
54
2967
2968
4167
4165
63
2971
2972
4163
4161
72
2975
2976
73
2944
124
125
127
129
126
128
117
118
120
122
119
121
110
111
4184
113
115
4186
112
114
103
104
4188
106
108
4190
105
107
96
97
4192
99
101
4194
98
100
89
90
4196
92
94
4198
91
93
82
83
4200
85
87
4202
84
86
75
76
4204
78
80
4206
77
79
74
81
2979
2980
88
2982
2983
4207
4205
95
2985
2986
4203
4201
102
2988
2989
4199
4197
109
2991
2992
4195
4193
116
2994
2995
4191
4189
123
2997
2998
4187
4185
130
3000
3001
131
2977
182
183
185
187
184
186
175
176
178
180
177
179
168
169
4208
171
173
4210
170
172
161
162
4212
164
166
4214
163
165
154
155
4216
157
159
4218
156
158
147
148
4220
150
152
4222
149
151
140
141
4224
143
145
4226
142
144
133
134
4228
136
138
4230
135
137
132
139
3004
3005
146
3007
3008
4231
4229
153
3010
3011
4227
4225
160
3013
3014
4223
4221
167
3016
3017
4219
4217
174
3019
3020
4215
4213
181
3022
3023
4211
4209
188
3025
3026
189
3002
4232
240
241
243
245
242
244
4234
233
234
236
238
235
237
4236
226
227
4238
229
231
4240
228
230
4242
219
220
4244
222
224
4246
221
223
4248
212
213
4250
215
217
4252
214
216
4254
205
206
4256
208
210
4258
207
209
4260
198
199
4262
201
203
4264
200
202
4266
191
192
4268
194
196
4270
193
195
190
197
3029
3030
204
3032
3033
4271
4269
211
3035
3036
4265
4263
218
3038
3039
4259
4257
225
3041
3042
4253
4251
232
3044
3045
4247
4245
239
3047
3048
4241
4239
246
3050
3051
247
3027
4272
298
299
301
303
300
302
4274
291
292
294
296
293
295
4276
284
285
4278
287
289
4280
286
288
4282
277
278
4284
280
282
4286
279
281
4288
270
271
4290
273
275
4292
272
274
4294
263
264
4296
266
268
4298
265
267
4300
256
257
4302
259
261
4304
258
260
4306
249
250
4308
252
254
4310
251
253
248
255
3054
3055
262
3057
3058
4311
4309
269
3060
3061
4305
4303
276
3063
3064
4299
4297
283
3066
3067
4293
4291
290
3069
3070
4287
4285
297
3072
3073
4281
4279
304
3075
3076
305
3052
4312
356
357
359
361
358
360
4314
349
350
352
354
351
353
4316
342
343
4318
345
347
4320
344
346
4322
335
336
4324
338
340
4326
337
339
4328
328
329
4330
331
333
4332
330
332
4334
321
322
4336
324
326
4338
323
325
4340
314
315
4342
317
319
4344
316
318
4346
307
308
4348
310
312
4350
309
311
306
313
3079
3080
320
3082
3083
4351
4349
327
3085
3086
4345
4343
334
3088
3089
4339
4337
341
3091
3092
4333
4331
348
3094
3095
4327
4325
355
3097
3098
4321
4319
362
3100
3101
363
3077
4352
414
415
417
419
416
418
4354
407
408
410
412
409
411
4356
400
401
4358
403
405
4360
402
404
4362
393
394
4364
396
398
4366
395
397
4368
386
387
4370
389
391
4372
388
390
4374
379
380
4376
382
384
4378
381
383
4380
372
373
4382
375
377
4384
374
376
4386
365
366
4388
368
370
4390
367
369
364
371
3104
3105
378
3107
3108
4391
4389
385
3110
3111
4385
4383
392
3113
3114
4379
4377
399
3116
3117
4373
4371
406
3119
3120
4367
4365
413
3122
3123
4361
4359
420
3125
3126
421
3102
4392
472
473
475
477
474
476
2973
465
466
468
470
467
469
2969
458
459
4394
461
463
4396
460
462
2965
451
452
4398
454
456
4400
453
455
2961
444
445
4402
447
449
4404
446
448
2957
437
438
4406
440
442
4408
439
441
2953
430
431
4410
433
435
4412
432
434
2949
423
424
4414
426
428
4416
425
427
2945
422
429
3129
3130
436
3132
3133
4417
4415
443
3135
3136
4413
4411
450
3138
3139
4409
4407
457
3141
3142
4405
4403
464
3144
3145
4401
4399
471
3147
3148
4397
4395
478
3150
3151
479
3127
533
535
530
531
532
534
526
528
4418
523
524
525
527
4420
519
521
4422
516
517
4424
518
520
4426
512
514
4428
509
510
4430
511
513
4432
505
507
4434
502
503
4436
504
506
4438
498
500
4440
495
496
4442
497
499
4444
491
493
4446
488
489
4448
490
492
4450
484
486
4452
481
482
4454
483
485
480
487
3154
3155
494
3157
3158
4455
4451
501
3160
3161
4449
4445
508
3163
3164
4443
4439
515
3166
3167
4437
4433
522
3169
3170
4431
4427
529
3172
3173
4425
4421
536
3175
3176
537
3152
575
577
574
576
570
572
569
571
4456
565
567
4458
564
566
4460
560
562
4462
559
561
4464
555
557
4466
554
556
4468
550
552
4470
549
551
4472
545
547
4474
544
546
4476
540
542
4478
539
541
538
543
3178
3179
548
3180
3181
4479
4477
553
3182
3183
4475
4473
558
3184
3185
4471
4469
563
3186
3187
4467
4465
568
3188
3189
4463
4461
573
3190
3191
4459
4457
578
3192
3193
579
3177
617
619
616
618
612
614
611
613
4480
607
609
4482
606
608
4484
602
604
4486
601
603
4488
597
599
4490
596
598
4492
592
594
4494
591
593
4496
587
589
4498
586
588
4500
582
4502
4233
584
4504
581
583
580
585
3195
3196
590
3197
3198
4505
4501
595
3199
3200
4499
4497
600
3201
3202
4495
4493
605
3203
3204
4491
4489
610
3205
3206
4487
4485
615
3207
3208
4483
4481
620
3209
3210
621
3194
659
4506
4235
661
658
660
654
4508
4237
656
653
655
4510
649
4512
4243
651
4514
648
650
4516
644
4518
4249
646
4520
643
645
4522
639
4524
4255
641
4526
638
640
4528
634
4530
4261
636
4532
633
635
4534
629
4536
4267
631
4538
628
630
4540
624
4542
4273
626
4544
623
625
622
627
3212
3213
632
3214
3215
4545
4541
637
3216
3217
4539
4535
642
3218
3219
4533
4529
647
3220
3221
4527
4523
652
3222
3223
4521
4517
657
3224
3225
4515
4511
662
3226
3227
663
3211
701
4546
4275
703
700
702
696
4548
4277
698
695
697
4550
691
4552
4283
693
4554
690
692
4556
686
4558
4289
688
4560
685
687
4562
681
4564
4295
683
4566
680
682
4568
676
4570
4301
678
4572
675
677
4574
671
4576
4307
673
4578
670
672
4580
666
4582
4313
668
4584
665
667
664
669
3229
3230
674
3231
3232
4585
4581
679
3233
3234
4579
4575
684
3235
3236
4573
4569
689
3237
3238
4567
4563
694
3239
3240
4561
4557
699
3241
3242
4555
4551
704
3243
3244
705
3228
743
4586
4315
745
742
744
738
4588
4317
740
737
739
4590
733
4592
4323
735
4594
732
734
4596
728
4598
4329
730
4600
727
729
4602
723
4604
4335
725
4606
722
724
4608
718
4610
4341
720
4612
717
719
4614
713
4616
4347
715
4618
712
714
4620
708
4622
4353
710
4624
707
709
706
711
3246
3247
716
3248
3249
4625
4621
721
3250
3251
4619
4615
726
3252
3253
4613
4609
731
3254
3255
4607
4603
736
3256
3257
4601
4597
741
3258
3259
4595
4591
746
3260
3261
747
3245
785
4626
4355
787
784
786
780
4628
4357
782
779
781
4630
775
4632
4363
777
4634
774
776
4636
770
4638
4369
772
4640
769
771
4642
765
4644
4375
767
4646
764
766
4648
760
4650
4381
762
4652
759
761
4654
755
4656
4387
757
4658
754
756
4660
750
4662
4393
752
4664
749
751
748
753
3263
3264
758
3265
3266
4665
4661
763
3267
3268
4659
4655
768
3269
3270
4653
4649
773
3271
3272
4647
4643
778
3273
3274
4641
4637
783
3275
3276
4635
4631
788
3277
3278
789
3262
827
829
826
828
3174
822
824
821
823
3171
4666
817
819
4668
816
818
3168
4670
812
814
4672
811
813
3165
4674
807
809
4676
806
808
3162
4678
802
804
4680
801
803
3159
4682
797
799
4684
796
798
3156
4686
792
794
4688
791
793
3153
790
795
3280
3281
800
3282
3283
4689
4687
805
3284
3285
4685
4683
810
3286
3287
4681
4679
815
3288
3289
4677
4675
820
3290
3291
4673
4671
825
3292
3293
4669
4667
830
3294
3295
831
3279
885
887
882
883
884
886
878
4419
880
875
876
877
879
4690
871
4423
873
868
869
4692
870
872
4694
864
4429
866
861
862
4696
863
865
4698
857
4435
859
4700
854
855
4702
856
858
4704
850
4706
4441
852
4708
847
848
4710
849
851
4712
843
4714
4447
845
4716
840
841
4718
842
844
4720
836
4722
4453
838
4724
833
834
4726
835
837
832
839
3298
3299
846
3301
3302
4727
4721
853
3304
3305
4719
4713
860
3307
3308
4711
4705
867
3310
3311
4703
4699
874
3313
3314
4697
4695
881
3316
3317
4693
4691
888
3319
3320
889
3296
927
929
926
928
922
924
921
923
4728
917
919
4730
916
918
4732
912
914
4734
911
913
4736
907
909
4738
906
908
4740
902
904
4742
901
903
4744
897
899
4746
896
898
4748
892
894
4750
891
893
890
895
3322
3323
900
3324
3325
4751
4749
905
3326
3327
4747
4745
910
3328
3329
4743
4741
915
3330
3331
4739
4737
920
3332
3333
4735
4733
925
3334
3335
4731
4729
930
3336
3337
931
3321
969
971
968
970
964
966
963
965
4752
959
961
4754
958
960
4756
954
956
4758
953
955
4760
949
951
4762
948
950
4764
944
946
4766
943
945
4768
939
4770
4503
941
4772
938
940
4774
934
4776
4507
936
4778
933
935
932
937
3339
3340
942
3341
3342
4779
4775
947
3343
3344
4773
4769
952
3345
3346
4767
4765
957
3347
3348
4763
4761
962
3349
3350
4759
4757
967
3351
3352
4755
4753
972
3353
3354
973
3338
1011
4780
4509
1013
1010
1012
1006
4782
4513
1008
1005
1007
4784
1001
4786
4519
1003
4788
1000
1002
4790
996
4792
4525
998
4794
995
997
4796
991
4798
4531
993
4800
990
992
4802
986
4804
4537
988
4806
985
987
4808
981
4810
4543
983
4812
980
982
4814
976
4816
4547
978
4818
975
977
974
979
3356
3357
984
3358
3359
4819
4815
989
3360
3361
4813
4809
994
3362
3363
4807
4803
999
3364
3365
4801
4797
1004
3366
3367
4795
4791
1009
3368
3369
4789
4785
1014
3370
3371
1015
3355
1053
4820
4549
1055
1052
1054
1048
4822
4553
1050
1047
1049
4824
1043
4826
4559
1045
4828
1042
1044
4830
1038
4832
4565
1040
4834
1037
1039
4836
1033
4838
4571
1035
4840
1032
1034
4842
1028
4844
4577
1030
4846
1027
1029
4848
1023
4850
4583
1025
4852
1022
1024
4854
1018
4856
4587
1020
4858
1017
1019
1016
1021
3373
3374
1026
3375
3376
4859
4855
1031
3377
3378
4853
4849
1036
3379
3380
4847
4843
1041
3381
3382
4841
4837
1046
3383
3384
4835
4831
1051
3385
3386
4829
4825
1056
3387
3388
1057
3372
1095
4860
4589
1097
1094
1096
1090
4862
4593
1092
1089
1091
4864
1085
4866
4599
1087
4868
1084
1086
4870
1080
4872
4605
1082
4874
1079
1081
4876
1075
4878
4611
1077
4880
1074
1076
4882
1070
4884
4617
1072
4886
1069
1071
4888
1065
4890
4623
1067
4892
1064
1066
4894
1060
4896
4627
1062
4898
1059
1061
1058
1063
3390
3391
1068
3392
3393
4899
4895
1073
3394
3395
4893
4889
1078
3396
3397
4887
4883
1083
3398
3399
4881
4877
1088
3400
3401
4875
4871
1093
3402
3403
4869
4865
1098
3404
3405
1099
3389
1137
4900
4629
1139
1136
1138
1132
4902
4633
1134
1131
1133
4904
1127
4906
4639
1129
4908
1126
1128
4910
1122
4912
4645
1124
4914
1121
1123
4916
1117
4918
4651
1119
4920
1116
1118
4922
1112
4924
4657
1114
4926
1111
1113
4928
1107
4930
4663
1109
4932
1106
1108
4934
1102
1104
4936
1101
1103
1100
1105
3407
3408
1110
3409
3410
4937
4935
1115
3411
3412
4933
4929
1120
3413
3414
4927
4923
1125
3415
3416
4921
4917
1130
3417
3418
4915
4911
1135
3419
3420
4909
4905
1140
3421
3422
1141
3406
1179
1181
1178
1180
3318
1174
1176
1173
1175
3315
4938
1169
1171
4940
1168
1170
3312
4942
1164
1166
4944
1163
1165
3309
4946
1159
1161
4948
1158
1160
3306
4950
1154
1156
4952
1153
1155
3303
4954
1149
1151
4956
1148
1150
3300
4958
1144
1146
4960
1143
1145
3297
1142
1147
3424
3425
1152
3426
3427
4961
4959
1157
3428
3429
4957
4955
1162
3430
3431
4953
4951
1167
3432
3433
4949
4947
1172
3434
3435
4945
4943
1177
3436
3437
4941
4939
1182
3438
3439
1183
3423
1237
1239
1234
1235
1236
1238
1230
4723
1232
1227
1228
1229
1231
4962
1223
4715
1225
1220
1221
4964
1222
1224
4966
1216
4707
1218
1213
1214
4968
1215
1217
4970
1209
4701
1211
4972
1206
1207
4974
1208
1210
4976
1202
4978
4709
1204
4980
1199
1200
4982
1201
1203
4984
1195
4986
4717
1197
4988
1192
1193
4990
1194
1196
4992
1188
4994
4725
1190
4996
1185
1186
4998
1187
1189
1184
1191
3442
3443
1198
3445
3446
4999
4993
1205
3448
3449
4991
4985
1212
3451
3452
4983
4977
1219
3454
3455
4975
4971
1226
3457
3458
4969
4967
1233
3460
3461
4965
4963
1240
3463
3464
1241
3440
1279
1281
1278
1280
1274
1276
1273
1275
5000
1269
1271
5002
1268
1270
5004
1264
1266
5006
1263
1265
5008
1259
1261
5010
1258
1260
5012
1254
1256
5014
1253
1255
5016
1249
1251
5018
1248
1250
5020
1244
1246
5022
1243
1245
1242
1247
3466
3467
1252
3468
3469
5023
5021
1257
3470
3471
5019
5017
1262
3472
3473
5015
5013
1267
3474
3475
5011
5009
1272
3476
3477
5007
5005
1277
3478
3479
5003
5001
1282
3480
3481
1283
3465
1321
1323
1320
1322
1316
1318
1315
1317
5024
1311
1313
5026
1310
1312
5028
1306
1308
5030
1305
1307
5032
1301
1303
5034
1300
1302
5036
1296
5038
4771
1298
5040
1295
1297
5042
1291
5044
4777
1293
5046
1290
1292
5048
1286
5050
4781
1288
5052
1285
1287
1284
1289
3483
3484
1294
3485
3486
5053
5049
1299
3487
3488
5047
5043
1304
3489
3490
5041
5037
1309
3491
3492
5035
5033
1314
3493
3494
5031
5029
1319
3495
3496
5027
5025
1324
3497
3498
1325
3482
1363
5054
4783
1365
1362
1364
1358
5056
4787
1360
1357
1359
5058
1353
5060
4793
1355
5062
1352
1354
5064
1348
5066
4799
1350
5068
1347
1349
5070
1343
5072
4805
1345
5074
1342
1344
5076
1338
5078
4811
1340
5080
1337
1339
5082
1333
5084
4817
1335
5086
1332
1334
5088
1328
5090
4821
1330
5092
1327
1329
1326
1331
3500
3501
1336
3502
3503
5093
5089
1341
3504
3505
5087
5083
1346
3506
3507
5081
5077
1351
3508
3509
5075
5071
1356
3510
3511
5069
5065
1361
3512
3513
5063
5059
1366
3514
3515
1367
3499
1405
5094
4823
1407
1404
1406
1400
5096
4827
1402
1399
1401
5098
1395
5100
4833
1397
5102
1394
1396
5104
1390
5106
4839
1392
5108
1389
1391
5110
1385
5112
4845
1387
5114
1384
1386
5116
1380
5118
4851
1382
5120
1379
1381
5122
1375
5124
4857
1377
5126
1374
1376
5128
1370
5130
4861
1372
5132
1369
1371
1368
1373
3517
3518
1378
3519
3520
5133
5129
1383
3521
3522
5127
5123
1388
3523
3524
5121
5117
1393
3525
3526
5115
5111
1398
3527
3528
5109
5105
1403
3529
3530
5103
5099
1408
3531
3532
1409
3516
1447
5134
4863
1449
1446
1448
1442
5136
4867
1444
1441
1443
5138
1437
5140
4873
1439
5142
1436
1438
5144
1432
5146
4879
1434
5148
1431
1433
5150
1427
5152
4885
1429
5154
1426
1428
5156
1422
5158
4891
1424
5160
1421
1423
5162
1417
5164
4897
1419
5166
1416
1418
5168
1412
5170
4901
1414
5172
1411
1413
1410
1415
3534
3535
1420
3536
3537
5173
5169
1425
3538
3539
5167
5163
1430
3540
3541
5161
5157
1435
3542
3543
5155
5151
1440
3544
3545
5149
5145
1445
3546
3547
5143
5139
1450
3548
3549
1451
3533
1489
5174
4903
1491
1488
1490
1484
5176
4907
1486
1483
1485
5178
1479
5180
4913
1481
5182
1478
1480
5184
1474
5186
4919
1476
5188
1473
1475
5190
1469
5192
4925
1471
5194
1468
1470
5196
1464
5198
4931
1466
5200
1463
1465
5202
1459
1461
5204
1458
1460
5206
1454
1456
5208
1453
1455
1452
1457
3551
3552
1462
3553
3554
5209
5207
1467
3555
3556
5205
5203
1472
3557
3558
5201
5197
1477
3559
3560
5195
5191
1482
3561
3562
5189
5185
1487
3563
3564
5183
5179
1492
3565
3566
1493
3550
1531
1533
1530
1532
3462
1526
1528
1525
1527
3459
5210
1521
1523
5212
1520
1522
3456
5214
1516
1518
5216
1515
1517
3453
5218
1511
1513
5220
1510
1512
3450
5222
1506
1508
5224
1505
1507
3447
5226
1501
1503
5228
1500
1502
3444
5230
1496
1498
5232
1495
1497
3441
1494
1499
3568
3569
1504
3570
3571
5233
5231
1509
3572
3573
5229
5227
1514
3574
3575
5225
5223
1519
3576
3577
5221
5219
1524
3578
3579
5217
5215
1529
3580
3581
5213
5211
1534
3582
3583
1535
3567
1589
1591
1586
1587
1588
1590
1582
4995
1584
1579
1580
1581
1583
5234
1575
4987
1577
1572
1573
5236
1574
1576
5238
1568
4979
1570
1565
1566
5240
1567
1569
5242
1561
4973
1563
5244
1558
1559
5246
1560
1562
5248
1554
5250
4981
1556
5252
1551
1552
5254
1553
1555
5256
1547
5258
4989
1549
5260
1544
1545
5262
1546
1548
5264
1540
5266
4997
1542
5268
1537
1538
5270
1539
1541
1536
1543
3586
3587
1550
3589
3590
5271
5265
1557
3592
3593
5263
5257
1564
3595
3596
5255
5249
1571
3598
3599
5247
5243
1578
3601
3602
5241
5239
1585
3604
3605
5237
5235
1592
3607
3608
1593
3584
1631
1633
1630
1632
1626
1628
1625
1627
5272
1621
1623
5274
1620
1622
5276
1616
1618
5278
1615
1617
5280
1611
1613
5282
1610
1612
5284
1606
1608
5286
1605
1607
5288
1601
1603
5290
1600
1602
5292
1596
1598
5294
1595
1597
1594
1599
3610
3611
1604
3612
3613
5295
5293
1609
3614
3615
5291
5289
1614
3616
3617
5287
5285
1619
3618
3619
5283
5281
1624
3620
3621
5279
5277
1629
3622
3623
5275
5273
1634
3624
3625
1635
3609
1673
1675
1672
1674
1668
1670
1667
1669
5296
1663
1665
5298
1662
1664
5300
1658
1660
5302
1657
1659
5304
1653
5306
5039
1655
5308
1652
1654
5310
1648
5312
5045
1650
5314
1647
1649
5316
1643
5318
5051
1645
5320
1642
1644
5322
1638
5324
5055
1640
5326
1637
1639
1636
1641
3627
3628
1646
3629
3630
5327
5323
1651
3631
3632
5321
5317
1656
3633
3634
5315
5311
1661
3635
3636
5309
5305
1666
3637
3638
5303
5301
1671
3639
3640
5299
5297
1676
3641
3642
1677
3626
1715
5328
5057
1717
1714
1716
1710
5330
5061
1712
1709
1711
5332
1705
5334
5067
1707
5336
1704
1706
5338
1700
5340
5073
1702
5342
1699
1701
5344
1695
5346
5079
1697
5348
1694
1696
5350
1690
5352
5085
1692
5354
1689
1691
5356
1685
5358
5091
1687
5360
1684
1686
5362
1680
5364
5095
1682
5366
1679
1681
1678
1683
3644
3645
1688
3646
3647
5367
5363
1693
3648
3649
5361
5357
1698
3650
3651
5355
5351
1703
3652
3653
5349
5345
1708
3654
3655
5343
5339
1713
3656
3657
5337
5333
1718
3658
3659
1719
3643
1757
5368
5097
1759
1756
1758
1752
5370
5101
1754
1751
1753
5372
1747
5374
5107
1749
5376
1746
1748
5378
1742
5380
5113
1744
5382
1741
1743
5384
1737
5386
5119
1739
5388
1736
1738
5390
1732
5392
5125
1734
5394
1731
1733
5396
1727
5398
5131
1729
5400
1726
1728
5402
1722
5404
5135
1724
5406
1721
1723
1720
1725
3661
3662
1730
3663
3664
5407
5403
1735
3665
3666
5401
5397
1740
3667
3668
5395
5391
1745
3669
3670
5389
5385
1750
3671
3672
5383
5379
1755
3673
3674
5377
5373
1760
3675
3676
1761
3660
1799
5408
5137
1801
1798
1800
1794
5410
5141
1796
1793
1795
5412
1789
5414
5147
1791
5416
1788
1790
5418
1784
5420
5153
1786
5422
1783
1785
5424
1779
5426
5159
1781
5428
1778
1780
5430
1774
5432
5165
1776
5434
1773
1775
5436
1769
5438
5171
1771
5440
1768
1770
5442
1764
5444
5175
1766
5446
1763
1765
1762
1767
3678
3679
1772
3680
3681
5447
5443
1777
3682
3683
5441
5437
1782
3684
3685
5435
5431
1787
3686
3687
5429
5425
1792
3688
3689
5423
5419
1797
3690
3691
5417
5413
1802
3692
3693
1803
3677
1841
5448
5177
1843
1840
1842
1836
5450
5181
1838
1835
1837
5452
1831
5454
5187
1833
5456
1830
1832
5458
1826
5460
5193
1828
5462
1825
1827
5464
1821
5466
5199
1823
5468
1820
1822
5470
1816
1818
5472
1815
1817
5474
1811
1813
5476
1810
1812
5478
1806
1808
5480
1805
1807
1804
1809
3695
3696
1814
3697
3698
5481
5479
1819
3699
3700
5477
5475
1824
3701
3702
5473
5471
1829
3703
3704
5469
5465
1834
3705
3706
5463
5459
1839
3707
3708
5457
5453
1844
3709
3710
1845
3694
1883
1885
1882
1884
3606
1878
1880
1877
1879
3603
5482
1873
1875
5484
1872
1874
3600
5486
1868
1870
5488
1867
1869
3597
5490
1863
1865
5492
1862
1864
3594
5494
1858
1860
5496
1857
1859
3591
5498
1853
1855
5500
1852
1854
3588
5502
1848
1850
5504
1847
1849
3585
1846
1851
3712
3713
1856
3714
3715
5505
5503
1861
3716
3717
5501
5499
1866
3718
3719
5497
5495
1871
3720
3721
5493
5491
1876
3722
3723
5489
5487
1881
3724
3725
5485
5483
1886
3726
3727
1887
3711
1941
1943
1938
1939
1940
1942
1934
5267
1936
1931
1932
1933
1935
5506
1927
5259
1929
1924
1925
5508
1926
1928
5510
1920
5251
1922
1917
1918
5512
1919
1921
5514
1913
5245
1915
5516
1910
1911
5518
1912
1914
5520
1906
5522
5253
1908
5524
1903
1904
5526
1905
1907
5528
1899
5530
5261
1901
5532
1896
1897
5534
1898
1900
5536
1892
5538
5269
1894
5540
1889
1890
5542
1891
1893
1888
1895
3730
3731
1902
3733
3734
5543
5537
1909
3736
3737
5535
5529
1916
3739
3740
5527
5521
1923
3742
3743
5519
5515
1930
3745
3746
5513
5511
1937
3748
3749
5509
5507
1944
3751
3752
1945
3728
1983
1985
1982
1984
1978
1980
1977
1979
5544
1973
1975
5546
1972
1974
5548
1968
1970
5550
1967
1969
5552
1963
1965
5554
1962
1964
5556
1958
1960
5558
1957
1959
5560
1953
1955
5562
1952
1954
5564
1948
1950
5566
1947
1949
1946
1951
3754
3755
1956
3756
3757
5567
5565
1961
3758
3759
5563
5561
1966
3760
3761
5559
5557
1971
3762
3763
5555
5553
1976
3764
3765
5551
5549
1981
3766
3767
5547
5545
1986
3768
3769
1987
3753
2025
2027
2024
2026
2020
2022
2019
2021
5568
2015
2017
5570
2014
2016
5572
2010
5574
5307
2012
5576
2009
2011
5578
2005
5580
5313
2007
5582
2004
2006
5584
2000
5586
5319
2002
5588
1999
2001
5590
1995
5592
5325
1997
5594
1994
1996
5596
1990
5598
5329
1992
5600
1989
1991
1988
1993
3771
3772
1998
3773
3774
5601
5597
2003
3775
3776
5595
5591
2008
3777
3778
5589
5585
2013
3779
3780
5583
5579
2018
3781
3782
5577
5573
2023
3783
3784
5571
5569
2028
3785
3786
2029
3770
2067
5602
5331
2069
2066
2068
2062
5604
5335
2064
2061
2063
5606
2057
5608
5341
2059
5610
2056
2058
5612
2052
5614
5347
2054
5616
2051
2053
5618
2047
5620
5353
2049
5622
2046
2048
5624
2042
5626
5359
2044
5628
2041
2043
5630
2037
5632
5365
2039
5634
2036
2038
5636
2032
5638
5369
2034
5640
2031
2033
2030
2035
3788
3789
2040
3790
3791
5641
5637
2045
3792
3793
5635
5631
2050
3794
3795
5629
5625
2055
3796
3797
5623
5619
2060
3798
3799
5617
5613
2065
3800
3801
5611
5607
2070
3802
3803
2071
3787
2109
5642
5371
2111
2108
2110
2104
5644
5375
2106
2103
2105
5646
2099
5648
5381
2101
5650
2098
2100
5652
2094
5654
5387
2096
5656
2093
2095
5658
2089
5660
5393
2091
5662
2088
2090
5664
2084
5666
5399
2086
5668
2083
2085
5670
2079
5672
5405
2081
5674
2078
2080
5676
2074
5678
5409
2076
5680
2073
2075
2072
2077
3805
3806
2082
3807
3808
5681
5677
2087
3809
3810
5675
5671
2092
3811
3812
5669
5665
2097
3813
3814
5663
5659
2102
3815
3816
5657
5653
2107
3817
3818
5651
5647
2112
3819
3820
2113
3804
2151
5682
5411
2153
2150
2152
2146
5684
5415
2148
2145
2147
5686
2141
5688
5421
2143
5690
2140
2142
5692
2136
5694
5427
2138
5696
2135
2137
5698
2131
5700
5433
2133
5702
2130
2132
5704
2126
5706
5439
2128
5708
2125
2127
5710
2121
5712
5445
2123
5714
2120
2122
5716
2116
5718
5449
2118
5720
2115
2117
2114
2119
3822
3823
2124
3824
3825
5721
5717
2129
3826
3827
5715
5711
2134
3828
3829
5709
5705
2139
3830
3831
5703
5699
2144
3832
3833
5697
5693
2149
3834
3835
5691
5687
2154
3836
3837
2155
3821
2193
5722
5451
2195
2192
2194
2188
5724
5455
2190
2187
2189
5726
2183
5728
5461
2185
5730
2182
2184
5732
2178
5734
5467
2180
5736
2177
2179
5738
2173
2175
5740
2172
2174
5742
2168
2170
5744
2167
2169
5746
2163
2165
5748
2162
2164
5750
2158
2160
5752
2157
2159
2156
2161
3839
3840
2166
3841
3842
5753
5751
2171
3843
3844
5749
5747
2176
3845
3846
5745
5743
2181
3847
3848
5741
5739
2186
3849
3850
5737
5733
2191
3851
3852
5731
5727
2196
3853
3854
2197
3838
2235
2237
2234
2236
3750
2230
2232
2229
2231
3747
5754
2225
2227
5756
2224
2226
3744
5758
2220
2222
5760
2219
2221
3741
5762
2215
2217
5764
2214
2216
3738
5766
2210
2212
5768
2209
2211
3735
5770
2205
2207
5772
2204
2206
3732
5774
2200
2202
5776
2199
2201
3729
2198
2203
3856
3857
2208
3858
3859
5777
5775
2213
3860
3861
5773
5771
2218
3862
3863
5769
5767
2223
3864
3865
5765
5763
2228
3866
3867
5761
5759
2233
3868
3869
5757
5755
2238
3870
3871
2239
3855
2293
2295
2290
2291
2292
2294
2286
5539
2288
2283
2284
2285
2287
5778
2279
5531
2281
2276
2277
5780
2278
2280
5782
2272
5523
2274
2269
2270
5784
2271
2273
5786
2265
5517
2267
5788
2262
2263
5790
2264
2266
5792
2258
5794
5525
2260
5796
2255
2256
5798
2257
2259
5800
2251
5802
5533
2253
5804
2248
2249
5806
2250
2252
5808
2244
5810
5541
2246
5812
2241
2242
5814
2243
2245
2240
2247
3874
3875
2254
3877
3878
5815
5809
2261
3880
3881
5807
5801
2268
3883
3884
5799
5793
2275
3886
3887
5791
5787
2282
3889
3890
5785
5783
2289
3892
3893
5781
5779
2296
3895
3896
2297
3872
2335
2337
2334
2336
2330
2332
2329
2331
5816
2325
2327
5818
2324
2326
5820
2320
2322
5822
2319
2321
5824
2315
2317
5826
2314
2316
5828
2310
2312
5830
2309
2311
5832
2305
2307
5834
2304
2306
5836
2300
2302
5838
2299
2301
2298
2303
3898
3899
2308
3900
3901
5839
5837
2313
3902
3903
5835
5833
2318
3904
3905
5831
5829
2323
3906
3907
5827
5825
2328
3908
3909
5823
5821
2333
3910
3911
5819
5817
2338
3912
3913
2339
3897
2377
2379
2376
2378
2372
2374
2371
2373
5840
2367
5842
5575
2369
5844
2366
2368
5846
2362
5848
5581
2364
5850
2361
2363
5852
2357
5854
5587
2359
5856
2356
2358
5858
2352
5860
5593
2354
5862
2351
2353
5864
2347
5866
5599
2349
5868
2346
2348
5870
2342
5872
5603
2344
5874
2341
2343
2340
2345
3915
3916
2350
3917
3918
5875
5871
2355
3919
3920
5869
5865
2360
3921
3922
5863
5859
2365
3923
3924
5857
5853
2370
3925
3926
5851
5847
2375
3927
3928
5845
5841
2380
3929
3930
2381
3914
2419
5876
5605
2421
2418
2420
2414
5878
5609
2416
2413
2415
5880
2409
5882
5615
2411
5884
2408
2410
5886
2404
5888
5621
2406
5890
2403
2405
5892
2399
5894
5627
2401
5896
2398
2400
5898
2394
5900
5633
2396
5902
2393
2395
5904
2389
5906
5639
2391
5908
2388
2390
5910
2384
5912
5643
2386
5914
2383
2385
2382
2387
3932
3933
2392
3934
3935
5915
5911
2397
3936
3937
5909
5905
2402
3938
3939
5903
5899
2407
3940
3941
5897
5893
2412
3942
3943
5891
5887
2417
3944
3945
5885
5881
2422
3946
3947
2423
3931
2461
5916
5645
2463
2460
2462
2456
5918
5649
2458
2455
2457
5920
2451
5922
5655
2453
5924
2450
2452
5926
2446
5928
5661
2448
5930
2445
2447
5932
2441
5934
5667
2443
5936
2440
2442
5938
2436
5940
5673
2438
5942
2435
2437
5944
2431
5946
5679
2433
5948
2430
2432
5950
2426
5952
5683
2428
5954
2425
2427
2424
2429
3949
3950
2434
3951
3952
5955
5951
2439
3953
3954
5949
5945
2444
3955
3956
5943
5939
2449
3957
3958
5937
5933
2454
3959
3960
5931
5927
2459
3961
3962
5925
5921
2464
3963
3964
2465
3948
2503
5956
5685
2505
2502
2504
2498
5958
5689
2500
2497
2499
5960
2493
5962
5695
2495
5964
2492
2494
5966
2488
5968
5701
2490
5970
2487
2489
5972
2483
5974
5707
2485
5976
2482
2484
5978
2478
5980
5713
2480
5982
2477
2479
5984
2473
5986
5719
2475
5988
2472
2474
5990
2468
5992
5723
2470
5994
2467
2469
2466
2471
3966
3967
2476
3968
3969
5995
5991
2481
3970
3971
5989
5985
2486
3972
3973
5983
5979
2491
3974
3975
5977
5973
2496
3976
3977
5971
5967
2501
3978
3979
5965
5961
2506
3980
3981
2507
3965
2545
5996
5725
2547
2544
2546
2540
5998
5729
2542
2539
2541
6000
2535
6002
5735
2537
6004
2534
2536
6006
2530
2532
6008
2529
2531
6010
2525
2527
6012
2524
2526
6014
2520
2522
6016
2519
2521
6018
2515
2517
6020
2514
2516
6022
2510
2512
6024
2509
2511
2508
2513
3983
3984
2518
3985
3986
6025
6023
2523
3987
3988
6021
6019
2528
3989
3990
6017
6015
2533
3991
3992
6013
6011
2538
3993
3994
6009
6007
2543
3995
3996
6005
6001
2548
3997
3998
2549
3982
2587
2589
2586
2588
3894
2582
2584
2581
2583
3891
6026
2577
2579
6028
2576
2578
3888
6030
2572
2574
6032
2571
2573
3885
6034
2567
2569
6036
2566
2568
3882
6038
2562
2564
6040
2561
2563
3879
6042
2557
2559
6044
2556
2558
3876
6046
2552
2554
6048
2551
2553
3873
2550
2555
4000
4001
2560
4002
4003
6049
6047
2565
4004
4005
6045
6043
2570
4006
4007
6041
6039
2575
4008
4009
6037
6035
2580
4010
4011
6033
6031
2585
4012
4013
6029
6027
2590
4014
4015
2591
3999
2645
2647
2974
2642
2643
2644
2646
2638
5811
2640
2970
2635
2636
2637
2639
6050
2631
5803
2633
2966
2628
2629
6052
2630
2632
6054
2624
5795
2626
2962
2621
2622
6056
2623
2625
6058
2617
5789
2619
2958
2614
2615
6060
2616
2618
6062
2610
5797
2612
2954
2607
2608
6064
2609
2611
6066
2603
5805
2605
2950
2600
2601
6068
2602
2604
6070
2596
5813
2598
2946
2593
2594
6072
2595
2597
2592
2599
4018
4019
2606
4021
4022
6073
6071
2613
4024
4025
6069
6067
2620
4027
4028
6065
6063
2627
4030
4031
6061
6059
2634
4033
4034
6057
6055
2641
4036
4037
6053
6051
2648
4039
4040
2649
4016
2687
2689
2999
2686
2688
2682
2684
2996
2681
2683
6074
2677
2679
2993
6076
2676
2678
6078
2672
2674
2990
6080
2671
2673
6082
2667
2669
2987
6084
2666
2668
6086
2662
2664
2984
6088
2661
2663
6090
2657
2659
2981
6092
2656
2658
6094
2652
2654
2978
6096
2651
2653
2650
2655
4042
4043
2660
4044
4045
6097
6095
2665
4046
4047
6093
6091
2670
4048
4049
6089
6087
2675
4050
4051
6085
6083
2680
4052
4053
6081
6079
2685
4054
4055
6077
6075
2690
4056
4057
2691
4041
2729
2731
3024
2728
2730
2724
5843
2726
3021
2723
2725
6098
2719
5849
2721
3018
6100
2718
2720
6102
2714
5855
2716
3015
6104
2713
2715
6106
2709
5861
2711
3012
6108
2708
2710
6110
2704
5867
2706
3009
6112
2703
2705
6114
2699
5873
2701
3006
6116
2698
2700
6118
2694
5877
2696
3003
6120
2693
2695
2692
2697
4059
4060
2702
4061
4062
6121
6119
2707
4063
4064
6117
6115
2712
4065
4066
6113
6111
2717
4067
4068
6109
6107
2722
4069
4070
6105
6103
2727
4071
4072
6101
6099
2732
4073
4074
2733
4058
2771
5879
2773
3049
2770
2772
2766
5883
2768
3046
2765
2767
6122
2761
5889
2763
3043
6124
2760
2762
6126
2756
5895
2758
3040
6128
2755
2757
6130
2751
5901
2753
3037
6132
2750
2752
6134
2746
5907
2748
3034
6136
2745
2747
6138
2741
5913
2743
3031
6140
2740
2742
6142
2736
5917
2738
3028
6144
2735
2737
2734
2739
4076
4077
2744
4078
4079
6145
6143
2749
4080
4081
6141
6139
2754
4082
4083
6137
6135
2759
4084
4085
6133
6131
2764
4086
4087
6129
6127
2769
4088
4089
6125
6123
2774
4090
4091
2775
4075
2813
5919
2815
3074
2812
2814
2808
5923
2810
3071
2807
2809
6146
2803
5929
2805
3068
6148
2802
2804
6150
2798
5935
2800
3065
6152
2797
2799
6154
2793
5941
2795
3062
6156
2792
2794
6158
2788
5947
2790
3059
6160
2787
2789
6162
2783
5953
2785
3056
6164
2782
2784
6166
2778
5957
2780
3053
6168
2777
2779
2776
2781
4093
4094
2786
4095
4096
6169
6167
2791
4097
4098
6165
6163
2796
4099
4100
6161
6159
2801
4101
4102
6157
6155
2806
4103
4104
6153
6151
2811
4105
4106
6149
6147
2816
4107
4108
2817
4092
2855
5959
2857
3099
2854
2856
2850
5963
2852
3096
2849
2851
6170
2845
5969
2847
3093
6172
2844
2846
6174
2840
5975
2842
3090
6176
2839
2841
6178
2835
5981
2837
3087
6180
2834
2836
6182
2830
5987
2832
3084
6184
2829
2831
6186
2825
5993
2827
3081
6188
2824
2826
6190
2820
5997
2822
3078
6192
2819
2821
2818
2823
4110
4111
2828
4112
4113
6193
6191
2833
4114
4115
6189
6187
2838
4116
4117
6185
6183
2843
4118
4119
6181
6179
2848
4120
4121
6177
6175
2853
4122
4123
6173
6171
2858
4124
4125
2859
4109
2897
5999
2899
3124
2896
2898
2892
6003
2894
3121
2891
2893
6194
2887
2889
3118
6196
2886
2888
6198
2882
2884
3115
6200
2881
2883
6202
2877
2879
3112
6204
2876
2878
6206
2872
2874
3109
6208
2871
2873
6210
2867
2869
3106
6212
2866
2868
6214
2862
2864
3103
6216
2861
2863
2860
2865
4127
4128
2870
4129
4130
6217
6215
2875
4131
4132
6213
6211
2880
4133
4134
6209
6207
2885
4135
4136
6205
6203
2890
4137
4138
6201
6199
2895
4139
4140
6197
6195
2900
4141
4142
2901
4126
2939
2941
3149
2938
2940
4038
2934
2936
3146
2933
2935
4035
6218
2929
2931
3143
6220
2928
2930
4032
6222
2924
2926
3140
6224
2923
2925
4029
6226
2919
2921
3137
6228
2918
2920
4026
6230
2914
2916
3134
6232
2913
2915
4023
6234
2909
2911
3131
6236
2908
2910
4020
6238
2904
2906
3128
6240
2903
2905
4017
2902
2907
4144
4145
2912
4146
4147
6241
6239
2917
4148
4149
6237
6235
2922
4150
4151
6233
6231
2927
4152
4153
6229
6227
2932
4154
4155
6225
6223
2937
4156
4157
6221
6219
2942
4158
4159
2943
4143
