2
4
6
8
61
63
6952
110
112
401
402
6954
159
161
6956
208
210
6958
257
259
6960
306
308
6962
355
357
4626
6964
404
406
6966
483
485
6968
556
558
1
3
6970
629
631
6972
702
704
6974
775
777
6976
848
850
6978
921
923
4829
5
7
403
405
6980
995
997
6982
1587
1589
6984
2179
2181
58
59
6986
2771
2773
0
9
4627
4628
3363
3365
6988
3955
3957
4625
400
6990
6981
6967
407
4830
4831
60
62
6992
482
484
6994
1074
1076
6996
1666
1668
6998
2258
2260
107
108
7000
2850
2852
7002
57
6953
64
4655
4656
3442
3444
7004
4044
4046
4654
7006
481
7008
6995
6969
486
4870
4871
109
111
7010
555
557
7012
1147
1149
7014
1739
1741
7016
2331
2333
156
157
7018
2923
2925
7020
106
6955
113
4680
4681
3515
3517
7022
4127
4129
4679
7024
554
7026
7013
6971
559
4907
4908
158
160
7028
628
630
7030
1220
1222
7032
1812
1814
7034
2404
2406
205
206
7036
2996
2998
7038
155
6957
162
4705
4706
3588
3590
7040
4210
4212
4704
7042
627
7044
7031
6973
632
4944
4945
207
209
7046
701
703
7048
1293
1295
7050
1885
1887
7052
2477
2479
254
255
7054
3069
3071
7056
204
6959
211
4730
4731
3661
3663
7058
4293
4295
4729
7060
700
7062
7049
6975
705
4981
4982
256
258
7064
774
776
7066
1366
1368
7068
1958
1960
7070
2550
2552
303
304
7072
3142
3144
7074
253
6961
260
4755
4756
3734
3736
7076
4376
4378
4754
7078
773
7080
7067
6977
778
5018
5019
305
307
7082
847
849
7084
1439
1441
7086
2031
2033
7088
2623
2625
352
353
7090
3215
3217
7092
302
6963
309
4780
4781
3807
3809
7094
4459
4461
4779
7096
846
7098
7085
6979
851
5055
5056
354
356
7100
920
922
7102
1512
1514
7104
2104
2106
7106
2696
2698
993
994
7108
3288
3290
7110
351
6965
358
4805
4806
3880
3882
7112
4542
4544
4804
7114
919
7116
7103
924
5092
5093
996
998
1075
1077
7118
1148
1150
11
13
7120
1221
1223
7122
992
6983
999
5130
5131
1294
1296
7124
1367
1369
7126
1073
6997
7128
7119
1078
5170
5171
1440
1442
7130
1513
1515
5129
7132
1146
7015
7134
7121
1151
5207
5208
7136
1219
7033
1224
5244
5245
15
17
68
70
7138
117
119
7140
1292
7051
7142
7125
1297
5281
5282
408
409
166
168
7144
215
217
7146
1365
7069
7148
7129
1370
5318
5319
264
266
7150
313
315
7152
1438
7087
7154
7131
1443
5355
5356
362
364
4630
7156
1511
7105
7158
7135
1516
5392
5393
411
413
7160
488
490
7162
561
563
1585
1586
7164
634
636
7166
707
709
7168
780
782
7170
853
855
7172
926
928
4832
7174
1588
1590
7176
1667
1669
7178
1740
1742
10
12
7180
1813
1815
7182
1584
6985
1591
5430
5431
1886
1888
7184
1959
1961
7186
1665
6999
7188
7179
1670
5470
5471
2032
2034
7190
2105
2107
5429
7192
1738
7017
7194
7181
1743
5507
5508
7196
1811
7035
1816
5544
5545
14
16
7177
18
4631
4632
410
412
7198
7003
7161
414
4833
4834
1002
1004
7200
1594
1596
7202
2186
2188
65
66
7204
2778
2780
19
21
4624
7206
3370
3372
20
22
7208
3962
3964
4629
415
417
4828
23
24
25
4636
1884
7210
7053
7185
1889
5581
5582
1957
7071
7189
1962
5618
5619
67
69
7212
7007
7139
71
4658
4659
487
489
7214
7021
7163
491
4872
4873
416
418
1079
1081
7216
1671
1673
7218
2263
2265
114
115
7220
2855
2857
72
74
4653
7222
3447
3449
7224
4049
4051
4657
419
420
421
4838
492
494
4869
431
432
433
434
4635
437
438
4837
435
436
4845
2030
7226
7089
7191
2035
5655
5656
439
440
4847
2103
7107
7195
2108
5692
5693
116
118
7228
7025
7143
120
4683
4684
73
75
560
562
7230
7039
7165
564
4909
4910
1152
1154
7232
1744
1746
7234
2336
2338
163
164
7236
2928
2930
7238
7240
7242
121
123
4678
7244
3520
3522
7246
4132
4134
4682
76
77
78
4663
7248
565
567
4906
7250
122
124
7252
165
167
7043
7145
169
4708
4709
633
635
7057
7167
637
4946
4947
125
126
127
4688
1225
1227
7254
1817
1819
7256
2409
2411
212
213
7258
3001
3003
7260
170
172
4703
7262
3593
3595
7264
4215
4217
4707
7266
171
173
7268
638
640
4943
174
175
176
4713
7270
214
216
7061
7149
218
4733
4734
706
708
7075
7169
710
4983
4984
1298
1300
7272
1890
1892
7274
493
495
7276
2482
2484
261
262
7278
3074
3076
7280
219
221
4728
7282
3666
3668
7284
4298
4300
4732
7286
711
713
4980
496
497
498
4877
508
509
510
511
4662
514
515
4876
512
513
4884
516
517
4886
7288
263
265
7079
7151
267
4758
4759
779
781
7093
7171
783
5020
5021
1371
1373
7290
1963
1965
7292
7294
7296
220
222
7298
2555
2557
310
311
7300
3147
3149
7302
268
270
4753
7304
3739
3741
7306
4381
4383
4757
7308
784
786
5017
223
224
225
4738
7310
269
271
7312
312
314
7097
7155
316
4783
4784
852
854
7111
7173
856
5057
5058
1444
1446
7314
2036
2038
7316
2628
2630
359
360
272
273
274
4763
7318
3220
3222
7320
317
319
4778
7322
3812
3814
7324
4464
4466
4782
7326
857
859
5054
7328
318
320
321
322
323
4788
7330
361
363
7115
7159
365
4808
4809
925
927
7123
7175
929
5094
5095
1517
1519
7332
2109
2111
7334
2701
2703
1000
1001
7336
3293
3295
7338
366
368
4803
7340
3885
3887
7342
367
369
7344
4547
4549
4807
7346
930
932
5091
370
371
372
4813
1003
1005
7127
1006
5133
5134
7348
566
568
1080
1082
7133
7217
1083
5172
5173
1153
1155
2177
2178
1226
1228
7350
7137
7233
1156
5209
5210
7352
1007
1009
5128
1299
1301
569
570
571
4914
7354
1372
1374
7141
7255
1229
5246
5247
7356
1084
7358
7351
1086
5169
1445
1447
581
582
583
584
4687
7360
1518
1520
5132
587
588
4913
585
586
4921
7147
7273
7362
7355
1302
5283
5284
7364
7366
7368
7370
1157
1159
5206
589
590
4923
7153
7291
1375
5320
5321
7372
7374
1230
7376
7359
1232
5243
2180
2182
7378
639
641
2259
2261
7380
2332
2334
7157
7315
7382
7361
1448
5357
5358
7384
1303
1305
5280
1592
1593
2405
2407
7386
2478
2480
642
643
644
4951
7183
7333
7388
7363
1521
5394
5395
7390
1376
7392
7377
1378
5317
2551
2553
654
655
7394
2624
2626
656
657
4712
660
661
4950
7396
1449
1451
5354
7398
2697
2699
5729
658
659
4958
662
663
4960
7400
7402
7404
1522
7393
1524
5391
7406
712
714
7408
1595
1597
7187
7203
1598
5433
5434
1672
1674
7193
7219
1675
5472
5473
1745
1747
2769
2770
7410
1818
1820
7412
7197
7235
1748
5509
5510
7414
1599
1601
5428
715
716
717
4988
1891
1893
7416
1964
1966
727
728
7199
7257
1821
5546
5547
7418
1676
7420
7413
1678
5469
729
730
4737
2037
2039
733
734
4987
731
732
4995
7422
2110
2112
5432
735
736
4997
7215
7277
7424
7417
1894
5583
5584
7426
7428
7430
1749
1751
5506
7432
785
787
7213
7299
1967
5620
5621
7434
1822
7436
7421
1824
5543
2772
2774
2851
2853
7438
2924
2926
7231
7317
7440
7423
2040
5657
5658
7442
1895
1897
5580
2184
2185
788
789
790
5025
7229
7335
7425
2113
5694
5695
7444
1968
7446
7437
1970
5617
800
801
802
803
4762
806
807
5024
804
805
5032
7448
7450
2041
2043
5654
808
809
5034
7452
7454
2114
7447
2116
5691
7456
858
860
2187
2189
2176
6987
7458
7411
2183
5730
5731
7205
2190
5733
5734
2264
2266
2997
2999
2776
2777
861
862
863
5062
7460
2337
2339
7462
2191
2193
5728
7464
2410
2412
873
874
875
876
4787
7466
2483
2485
879
880
5061
2257
7001
7468
7381
2262
5770
5771
7221
2267
5772
5773
877
878
5069
2556
2558
881
882
5071
3070
3072
7470
2629
2631
7472
7474
7476
2268
2270
5769
7478
3143
3145
7480
931
933
7482
2702
2704
5732
2330
7019
7484
7383
2335
5807
5808
7237
7465
2340
5809
5810
2779
2781
7486
2856
2858
7488
2341
2343
5806
7490
3216
3218
934
935
936
5099
37
39
7492
2929
2931
946
947
2403
7037
7494
7387
2408
5844
5845
7259
7467
2413
5846
5847
948
949
4812
952
953
5098
950
951
5106
954
955
5108
3002
3004
7496
7498
7500
2414
2416
5843
7502
1008
1010
2476
7055
7504
7389
2481
5881
5882
7279
7469
2486
5883
5884
41
43
7506
2487
2489
5880
7508
92
94
1011
1012
1013
5138
7510
3075
3077
46
47
7512
141
143
2549
7073
7514
7395
2554
5918
5919
7301
2559
5920
5921
1023
1024
190
192
1025
1026
4844
1029
1030
5137
1027
1028
5145
239
241
1031
1032
5147
7516
7518
7520
2560
2562
5917
7522
288
290
7524
337
339
2622
7091
7526
7399
2627
5955
5956
7319
7479
2632
5957
5958
386
388
4644
7528
1085
7530
7371
1087
7532
2633
2635
5954
7534
49
51
7536
98
100
1088
1089
1090
5177
2695
7109
7538
7409
2700
5992
5993
7337
7485
2705
5994
5995
3148
3150
449
451
7540
147
149
1100
7369
1101
1102
1103
4883
7542
196
198
1106
1107
5176
7544
2706
2708
5991
1104
1105
5184
7546
245
247
1108
1109
5186
7548
294
296
2768
6993
7550
7459
2775
6030
6031
7207
7487
2782
6033
6034
343
345
7552
7554
7556
1158
7558
7375
1160
7560
392
394
4648
7562
2783
2785
6028
7564
453
455
2849
7011
7566
7439
2854
6070
6071
7223
7491
2859
6072
6073
1161
1162
1163
5214
528
530
7568
3221
3223
458
459
1173
7367
1174
7570
601
603
1175
1176
4920
1179
1180
5213
7572
674
676
7574
2860
2862
6069
1177
1178
5221
1181
1182
5223
7576
747
749
2922
7029
7578
7441
2927
6107
6108
7245
7495
2932
6109
6110
820
822
7580
893
895
7582
7584
7586
1231
7588
7379
1233
7590
2933
2935
6106
7592
966
968
4854
2995
7047
7594
7461
3000
6144
6145
7263
7505
3005
6146
6147
461
463
1234
1235
1236
5251
7596
3289
3291
6029
7598
3006
3008
6143
7600
534
536
1246
1247
1041
1043
1248
1249
4957
7602
607
609
1252
1253
5250
1250
1251
5258
7604
680
682
1254
1255
5260
3068
7065
7606
7471
3073
6181
6182
7283
7513
3078
6183
6184
753
755
7608
826
828
7610
7612
7614
3079
3081
6180
7616
899
901
7618
1304
1306
7620
972
974
4858
3141
7083
7622
7483
3146
6218
6219
7305
3151
6220
6221
1307
1308
1309
5288
1045
1047
7624
3152
3154
6217
3294
3296
6032
1319
1320
7626
1120
1122
1321
1322
4994
3361
3362
1325
1326
5287
3214
7101
7628
7493
3219
6255
6256
7323
7571
3224
6257
6258
1193
1195
1323
1324
5295
1327
1328
5297
7630
1266
1268
7632
1339
1341
7634
7636
7638
3225
3227
6254
7640
1412
1414
7642
1377
7644
7397
1379
7646
1485
1487
3287
7201
7648
7601
3292
6292
6293
7341
3297
6294
6295
1558
1560
5154
7650
3298
3300
6291
1380
1381
1382
5325
3364
3366
7652
3443
3445
1392
1393
1394
1395
5031
7654
3516
3518
1398
1399
5324
3368
3369
1396
1397
5332
1400
1401
5334
7656
3589
3591
3360
6989
3367
6330
6331
3441
7005
7655
3446
6370
6371
3662
3664
7658
7660
7662
1450
7664
7405
1452
7666
3514
7023
7668
7657
3519
6407
6408
1453
1454
1455
5362
7670
3587
7041
3592
6444
6445
3371
3373
7209
3374
6333
6334
1465
1466
3448
3450
7672
7667
7225
3451
6372
6373
1467
1468
5068
1471
1472
5361
3521
3523
1469
1470
5369
1050
1051
1473
1474
5371
7674
7676
7678
3375
3377
6328
7680
1523
7682
7407
1525
1526
1527
1528
5399
1053
1055
1538
1539
1540
1541
5105
7684
1126
1128
1544
1545
5398
1542
1543
5406
7686
1199
1201
7688
7690
3452
3454
6369
1546
1547
5408
7671
7247
3524
6409
6410
7692
7694
3525
3527
6406
1633
1635
1272
1274
7696
1345
1347
7698
1418
1420
7700
1600
1602
7702
1491
1493
7704
1564
1566
5158
1603
1604
1605
5438
1615
1616
7706
1637
1639
1617
1618
5144
1621
1622
5437
7708
1712
1714
1619
1620
5445
1623
1624
5447
7710
1785
1787
1642
1643
7712
1858
1860
7714
1931
1933
7716
7718
7720
1677
7722
7431
1679
7724
2004
2006
7726
2077
2079
7728
2150
2152
5454
1680
1681
1682
5477
1692
1693
1694
1695
5183
7730
1645
1647
1698
1699
5476
1696
1697
5484
7732
1718
1720
1700
1701
5486
7734
3594
3596
7673
7265
3597
6446
6447
2225
2227
1791
1793
7736
1864
1866
7738
7740
7742
1750
7744
7433
1752
7746
1937
1939
7748
2010
2012
7750
2083
2085
1753
1754
1755
5514
7752
2156
2158
5458
1765
1766
1767
1768
5220
1771
1772
5513
7754
2229
2231
1769
1770
5521
1773
1774
5523
7756
7758
7760
3598
3600
6443
7762
2304
2306
3660
7059
7764
7669
3665
6481
6482
3667
3669
7285
3670
6483
6484
2234
2235
2377
2379
7766
1823
7768
7443
1825
7770
2450
2452
7772
2523
2525
7774
2596
2598
7776
2669
2671
1826
1827
1828
5551
7778
2742
2744
5754
1838
1839
1840
1841
5257
1844
1845
5550
1842
1843
5558
7780
2237
2239
1846
1847
5560
7782
7784
7786
3671
3673
6480
7788
2310
2312
7790
3735
3737
2817
2819
7792
2383
2385
7794
1896
1898
7796
2456
2458
7798
2529
2531
7800
2602
2604
7802
2675
2677
1899
1900
1901
5588
7804
2748
2750
5758
1911
1912
1913
1914
5294
1917
1918
5587
1915
1916
5595
1919
1920
5597
7806
2821
2823
3733
7077
3738
6518
6519
3740
3742
7307
3743
6520
6521
2896
2898
2826
2827
7808
7810
7812
1969
7814
7451
1971
7816
2969
2971
7818
3042
3044
7820
3115
3117
7822
3188
3190
1972
1973
1974
5625
7824
3261
3263
7826
3334
3336
6054
1984
1985
1986
1987
5331
1990
1991
5624
1988
1989
5632
1992
1993
5634
7828
7830
7832
3744
3746
6517
7834
2829
2831
7836
3808
3810
7838
2902
2904
3409
3411
7840
2042
7842
7455
2044
7844
2975
2977
7846
3048
3050
7848
3121
3123
7850
3194
3196
2045
2046
2047
5662
7852
3267
3269
3806
7095
3811
6555
6556
2057
2058
3340
3342
6058
2059
2060
5368
2063
2064
5661
7854
3813
3815
7325
3816
6557
6558
2061
2062
5669
2065
2066
5671
3881
3883
6329
7856
3413
3415
7858
3886
3888
6332
7860
7862
7864
3817
3819
6554
7866
2115
7868
7457
2117
7870
3488
3490
3418
3419
7872
3561
3563
7874
3634
3636
7876
3707
3709
2118
2119
2120
5699
7878
3780
3782
7880
3853
3855
3879
7113
3884
6592
6593
7345
7871
3889
6594
6595
7882
3890
3892
6591
2130
2131
2132
2133
5405
2136
2137
5698
2134
2135
5706
2138
2139
5708
3926
3928
6354
7884
3421
3423
7886
3494
3496
7888
7890
7892
2192
2194
7894
3567
3569
3953
3954
7896
3640
3642
7898
3713
3715
7900
3786
3788
2195
2196
2197
5738
7902
3859
3861
2207
2208
7904
3932
3934
6358
2209
2210
5444
2213
2214
5737
2211
2212
5745
2215
2216
5747
7906
3956
3958
7908
4045
4047
7910
7912
7914
2269
7916
7481
2271
7918
4128
4130
3960
3961
3952
6991
3959
6630
6631
2272
2273
2274
5777
4043
7009
7919
4048
6673
6674
4211
4213
2284
2285
2286
2287
5483
2290
2291
5776
2288
2289
5784
7920
4126
7027
4131
6713
6714
2292
2293
5786
4294
4296
7922
4209
7045
4214
6753
6754
3963
3965
7211
3966
6633
6634
7924
7926
7928
2342
2344
4050
4052
7930
7921
7227
4053
6675
6676
4133
4135
4001
4003
7932
7923
7253
4136
6715
6716
7934
3967
3969
6628
2345
2346
2347
5814
7936
4054
7933
4056
6672
2357
2358
2359
2360
5520
2363
2364
5813
2361
2362
5821
2365
2366
5823
4216
4218
7931
7271
4219
6755
6756
7938
7940
7942
4137
4139
6712
7944
4220
4222
6752
4005
4007
7946
2415
7948
7503
2417
7950
4090
4092
7952
4173
4175
4292
7063
4297
6793
6794
4010
4011
2418
2419
2420
5851
2430
2431
2432
2433
5557
2436
2437
5850
2434
2435
5858
2438
2439
5860
4256
4258
7954
7956
7958
2488
7960
7531
2490
7962
4013
4015
7964
4096
4098
7966
4299
4301
7289
4302
6795
6796
4179
4181
2491
2492
2493
5888
7968
4262
4264
7970
4339
4341
2503
2504
7972
4303
4305
6792
2505
2506
5594
2509
2510
5887
7974
4345
4347
2507
2508
5895
7976
4377
4379
2511
2512
5897
7978
4382
4384
7980
4422
4424
7982
7984
7986
2561
7988
7529
2563
7990
4428
4430
4375
7081
4380
6833
6834
7313
7981
4385
6835
6836
4460
4462
7992
4386
4388
6832
2564
2565
2566
5925
4458
7099
4463
6873
6874
4465
4467
7331
4468
6875
6876
2576
2577
2578
2579
5631
2582
2583
5924
2580
2581
5932
2584
2585
5934
4505
4507
7994
4511
4513
7996
4543
4545
6629
7998
8000
8002
4469
4471
6872
4541
7117
4546
6913
6914
4548
4550
6632
4551
6915
6916
8004
2634
8006
7559
2636
2637
2638
2639
5962
2649
2650
2651
2652
5668
2655
2656
5961
2653
2654
5969
2657
2658
5971
8008
8010
8012
4552
4554
6912
8014
2707
8016
7557
2709
2710
2711
2712
5999
2722
2723
2724
2725
5705
2728
2729
5998
2726
2727
6006
2730
2731
6008
8018
8020
8022
2784
8024
7589
2786
2787
2788
2789
6038
2799
2800
2801
2802
5744
2805
2806
6037
2803
2804
6045
2807
2808
6047
8026
8028
8030
2861
8032
7587
2863
2864
2865
2866
6077
2876
2877
2878
2879
5783
2882
2883
6076
2880
2881
6084
2884
2885
6086
8034
8036
8038
2934
2936
2937
2938
2939
6114
2949
2950
2951
2952
5820
2955
2956
6113
2953
2954
6121
2957
2958
6123
8040
8042
8044
3007
8046
7615
3009
3010
3011
3012
6151
3022
3023
3024
3025
5857
3028
3029
6150
3026
3027
6158
3030
3031
6160
8048
8050
8052
3080
8054
7619
3082
3083
3084
3085
6188
3095
3096
3097
3098
5894
3101
3102
6187
3099
3100
6195
3103
3104
6197
8056
8058
8060
3153
8062
7645
3155
3156
3157
3158
6225
3168
3169
3170
3171
5931
3174
3175
6224
3172
3173
6232
3176
3177
6234
8064
8066
8068
3226
8070
7643
3228
3229
3230
3231
6262
3241
3242
3243
3244
5968
3247
3248
6261
3245
3246
6269
3249
3250
6271
8072
8074
8076
3299
8078
7665
3301
3302
3303
3304
6299
3314
3315
3316
3317
6005
3320
3321
6298
3318
3319
6306
3322
3323
6308
8080
8082
8084
26
8086
7309
8088
7329
27
4633
4634
79
7251
8090
7287
80
4660
4661
128
7261
8092
7267
129
4685
4686
177
7269
8094
7275
178
4710
4711
226
7303
8096
7311
227
4735
4736
275
7321
8098
7327
276
4760
4761
324
7339
8100
7343
325
4785
4786
373
7347
8102
7349
374
4810
4811
422
7243
8104
7249
423
4835
4836
499
7281
8106
7297
500
4874
4875
572
7353
8108
7357
573
4911
4912
645
7385
8110
7391
646
4948
4949
718
7415
8112
7419
719
4985
4986
791
7435
8114
7445
792
5022
5023
864
7463
8116
7477
865
5059
5060
937
7489
8118
7501
938
5096
5097
3376
7683
3378
3379
3380
3381
6338
3391
3392
3393
3394
6044
3397
3398
6337
3395
3396
6345
3399
3400
6347
8120
8122
8124
3453
3455
3456
3457
3458
6377
3468
3469
3470
3471
6083
3474
3475
6376
3472
3473
6384
3476
3477
6386
8126
8128
8130
3526
8132
7701
3528
3529
3530
3531
6414
3541
3542
3543
3544
6120
3547
3548
6413
3545
3546
6421
3549
3550
6423
8134
8136
8138
3599
8140
7769
3601
3602
3603
3604
6451
3614
3615
3616
3617
6157
3620
3621
6450
3618
3619
6458
3622
3623
6460
8142
8144
8146
3672
3674
3675
3676
3677
6488
3687
3688
3689
3690
6194
3693
3694
6487
3691
3692
6495
3695
3696
6497
8148
8150
8152
3745
8154
7843
3747
3748
3749
3750
6525
3760
3761
3762
3763
6231
3766
3767
6524
3764
3765
6532
3768
3769
6534
8156
8158
8160
3818
8162
7869
3820
3821
3822
3823
6562
3833
3834
3835
3836
6268
3839
3840
6561
3837
3838
6569
3841
3842
6571
8164
8166
8168
3891
3893
3894
3895
3896
6599
3906
3907
3908
3909
6305
3912
3913
6598
3910
3911
6606
3914
3915
6608
8170
8172
8174
8176
1014
8178
7507
8180
7521
1015
5135
5136
1091
7533
8182
7545
1092
5174
5175
1164
7563
8184
7575
1165
5211
5212
1237
7591
8186
7599
1238
5248
5249
1310
7625
8188
7639
1311
5285
5286
1383
7651
8190
7663
1384
5322
5323
1456
7679
8192
7681
1457
5359
5360
1529
7691
8194
7695
1530
5396
5397
3968
3970
3971
3972
3973
6638
3983
3984
4042
3985
3986
6344
3989
3990
6637
6644
3987
3988
6645
3991
3992
6647
4055
8196
8198
8200
7949
4057
4058
4059
4060
6680
4070
4071
4125
4072
4073
6383
4076
4077
6679
6686
4074
4075
6687
4078
4079
6689
8202
8204
8206
4138
8208
7945
4140
4141
4142
4143
6720
4153
4154
4208
4155
4156
6420
4159
4160
6719
6726
4157
4158
6727
4161
4162
6729
8210
8212
8214
4221
8216
7947
4223
4224
4225
4226
6760
4236
4237
4291
4238
4239
6457
4242
4243
6759
6766
4240
4241
6767
4244
4245
6769
8218
8220
8222
4304
8224
7989
4306
4307
4308
4309
6800
4319
4320
4374
4321
4322
6494
4325
4326
6799
6806
4323
4324
6807
4327
4328
6809
8226
8228
8230
4387
8232
8007
4389
4390
4391
4392
6840
4402
4403
4404
4405
6531
4408
4409
6839
4406
4407
6847
4457
6846
4410
4411
6849
8234
8236
8238
4470
8240
8005
4472
4473
4474
4475
6880
4485
4486
4487
4488
6568
4489
4490
6887
4491
4492
6879
4493
4494
6889
4540
6886
8242
8244
8246
4553
8248
8017
4555
4556
4557
4558
6920
8250
8252
1606
8254
7721
8256
7723
1607
5435
5436
1683
7743
8258
7745
1684
5474
5475
1756
7761
8260
7767
1757
5511
5512
1829
7787
8262
7795
1830
5548
5549
1902
7813
8264
7815
1903
5585
5586
1975
7833
8266
7841
1976
5622
5623
2048
7865
8268
7867
2049
5659
5660
2121
7883
8270
7893
2122
5696
5697
28
8091
29
4637
81
8272
8093
82
4664
36
38
130
8274
8095
131
4689
40
42
48
50
4643
89
90
35
7509
44
4645
4646
53
54
4642
8276
179
8278
8097
180
4714
91
93
45
7541
52
4649
4650
55
56
4647
97
99
4670
8280
228
8282
8099
229
4739
138
139
88
7511
95
4671
4672
102
103
4669
140
142
96
7539
101
4674
4675
8284
104
105
4673
146
148
4695
8286
277
8288
8101
278
4764
187
188
137
7515
144
4696
4697
151
152
4694
189
191
8290
326
8292
8103
327
4789
145
7543
150
4699
4700
153
154
4698
195
197
4720
236
237
186
7537
193
4721
4722
8294
200
201
4719
8296
375
8298
8105
376
4814
238
240
194
7547
199
4724
4725
202
203
4723
244
246
4745
285
286
235
7523
242
4746
4747
8300
249
250
4744
8302
424
8304
8107
425
4839
287
289
243
7549
248
4749
4750
251
252
4748
293
295
4770
8306
501
8308
8109
502
4878
334
335
284
7525
291
4771
4772
298
299
4769
336
338
292
7551
297
4774
4775
300
301
4773
342
344
4795
8310
574
8312
8111
575
4915
383
384
333
7527
340
4796
4797
347
348
4794
385
387
8314
647
8316
8113
648
4952
341
7561
346
4799
4800
349
350
4798
391
393
4820
448
450
382
7535
389
4821
4822
8318
396
397
4819
8320
720
8322
8115
721
4989
452
454
390
7565
395
4824
4825
398
399
4823
460
462
4853
525
526
447
7567
456
4855
4856
8324
465
467
4852
8326
793
8328
8117
794
5026
527
529
457
7597
464
4859
4860
469
471
4857
533
535
4892
8330
866
8332
8119
867
5063
598
599
524
7569
531
4893
4894
538
540
4891
600
602
532
7603
537
4896
4897
8334
542
544
4895
606
608
4929
8336
939
940
5100
671
672
597
7573
604
4930
4931
611
613
4928
673
675
605
7605
610
4933
4934
8338
615
617
4932
8340
2198
8342
7915
8344
7917
2199
5735
5736
679
681
4966
744
745
670
7577
677
4967
4968
684
686
4965
2275
8346
7929
8348
7943
2276
5774
5775
746
748
678
7607
683
4970
4971
688
690
4969
752
754
5003
2348
8350
7935
8352
7937
2349
5811
5812
817
818
743
7579
750
5004
5005
757
759
5002
1016
1017
5139
819
821
751
7609
756
5007
5008
761
763
5006
825
827
5040
890
891
8354
1093
8356
8309
1094
5178
816
7581
823
5041
5042
830
832
5039
892
894
824
7617
829
5044
5045
8358
834
836
5043
898
900
5077
8360
1166
8362
8187
1167
5215
963
964
889
7593
896
5078
5079
903
905
5076
965
967
897
7621
902
5081
5082
8364
907
909
5080
971
973
5114
8366
1239
8368
8189
1240
5252
1040
1042
962
7595
969
5115
5116
976
978
5113
8370
1312
8372
8191
1313
5289
1044
1046
970
7623
975
5118
5119
980
982
5117
1052
1054
5153
1117
1118
1039
7627
1048
5155
5156
8374
1057
1059
5152
8376
1385
8378
8193
1386
5326
1119
1121
1049
7685
1056
5159
5160
1061
1063
5157
1125
1127
5192
1190
1191
8380
1458
8382
8195
1459
5363
1116
7629
1123
5193
5194
1130
1132
5191
1192
1194
1124
7687
1129
5196
5197
8384
1134
1136
5195
1198
1200
5229
8386
30
8388
8283
31
4638
1263
1264
1189
7631
1196
5230
5231
1203
1205
5228
1265
1267
1197
7793
1202
5233
5234
8390
1207
1209
5232
1271
1273
5266
8392
32
33
34
4639
4641
1336
1337
443
7241
444
4640
1262
7633
1269
5267
5268
1276
1278
5265
1338
1340
1270
7697
1275
5270
5271
8394
1280
1282
5269
1344
1346
5303
8396
83
8398
8400
8279
84
4665
1409
1410
1335
7641
1342
5304
5305
1349
1351
5302
85
86
87
4666
4668
1411
1413
1343
7699
1348
5307
5308
1353
1355
5306
520
7295
521
4667
1417
1419
5340
1408
7647
1415
5341
5342
8402
1422
1424
5339
8404
132
8406
8289
133
4690
1416
7703
1421
5344
5345
1426
1428
5343
134
135
136
4691
4693
593
7365
594
4692
181
8408
8293
182
4715
183
184
185
4716
4718
666
7403
667
4717
1482
1483
1484
1486
1481
7649
1488
5378
5379
1490
1492
5377
1489
7705
1494
5381
5382
1495
1497
5376
230
8410
8299
231
4740
232
233
234
4741
4743
739
7429
740
4742
1499
1501
5380
279
8412
8305
280
4765
281
282
283
4766
4768
812
7449
813
4767
1531
8275
1532
5400
328
8414
8416
8418
8420
8422
8424
8333
329
4790
330
331
332
4791
4793
885
7475
886
4792
1555
1556
1557
1559
1554
7653
1561
5415
5416
1563
1565
5414
377
8317
378
4815
1562
7707
1567
5418
5419
1568
1570
5413
379
380
381
4816
4818
958
7499
959
4817
1572
1574
5417
8426
426
8428
8323
427
4840
428
429
430
4841
4843
441
7239
442
4842
445
446
4849
4850
1035
7519
1036
4851
1608
8259
1609
5439
503
8430
8432
8434
8436
8438
8329
504
4879
505
506
507
4880
4882
518
7293
519
4881
522
523
4888
4889
1112
7555
1113
4890
1632
1634
1636
1638
1631
7709
1640
5455
5456
1644
1646
5453
576
8345
577
4916
1641
7733
1648
5459
5460
1649
1651
5452
578
579
580
4917
4919
591
7373
592
4918
595
596
4925
4926
1185
7585
1186
4927
1653
1655
5457
8440
649
8442
8343
650
4953
651
652
653
4954
4956
664
7401
665
4955
668
669
4962
4963
1258
7613
1259
4964
1685
8261
1686
5478
722
723
4990
724
725
726
4991
4993
737
7427
738
4992
741
742
4999
5000
1331
7637
1332
5001
1709
1710
1711
1713
1708
7711
1715
5493
5494
1717
1719
5492
795
796
5027
1716
7735
1721
5496
5497
1722
1724
5491
797
798
799
5028
5030
810
7453
811
5029
814
815
5036
5037
1404
7661
1405
5038
1726
1728
5495
8444
868
8446
8389
869
5064
870
871
872
5065
5067
883
7473
884
5066
887
888
5073
5074
1477
7677
1478
5075
1758
8263
1759
5515
941
8448
8450
8452
8454
8456
8458
8460
8462
8464
8466
8468
8470
8472
8369
942
5101
943
944
945
5102
5104
956
7497
957
5103
960
961
5110
5111
1550
7689
1551
5112
1782
1783
1784
1786
1781
7713
1788
5530
5531
1790
1792
5529
1018
8373
1019
5140
1789
7737
1794
5533
5534
1795
1797
5528
1020
1021
1022
5141
5143
1033
7517
1034
5142
1037
1038
5149
5150
1627
7719
1628
5151
1799
1801
5532
8474
1095
8476
8379
1096
5179
1097
1098
1099
5180
5182
1110
7553
1111
5181
1114
1115
5188
5189
1704
7741
1705
5190
1831
8265
1832
5552
1168
8478
8480
8482
8484
8486
8488
8490
8383
1169
5216
1170
1171
1172
5217
5219
1183
7583
1184
5218
1187
1188
5225
5226
1777
7759
1778
5227
1855
1856
1857
1859
1854
7715
1861
5567
5568
1863
1865
5566
1241
1242
5253
1862
7747
1867
5570
5571
1868
1870
5565
1243
1244
1245
5254
5256
1256
7611
1257
5255
1260
1261
5262
5263
1850
7785
1851
5264
1872
1874
5569
1314
8401
1315
5290
1316
1317
1318
5291
5293
1329
7635
1330
5292
1333
1334
5299
5300
1904
8267
1905
5589
1387
1388
5327
1389
1390
1391
5328
5330
1402
7659
1403
5329
1406
1407
5336
5337
1923
7811
1924
5301
1928
1929
1930
1932
1927
7725
1934
5604
5605
1936
1938
5603
1460
8425
1461
5364
1935
7749
1940
5607
5608
1941
1943
5602
1462
1463
1464
5365
5367
1475
7675
1476
5366
1479
1480
5373
5374
1945
1947
5606
8492
8494
1533
8496
8439
1534
5401
1535
1536
1537
5402
5404
1548
7693
1549
5403
1552
1553
5410
5411
1977
8269
1978
5626
1610
1611
5440
1612
1613
1614
5441
5443
1625
7717
1626
5442
1629
1630
5449
5450
1996
7831
1997
5338
2001
2002
2003
2005
2000
7727
2007
5641
5642
2009
2011
5640
1687
8473
1688
5479
2008
7751
2013
5644
5645
2014
2016
5639
1689
1690
1691
5480
5482
1702
7739
1703
5481
1706
1707
5488
5489
2018
2020
5643
8498
8500
1760
8502
8491
1761
5516
1762
1763
1764
5517
5519
1775
7757
1776
5518
1779
1780
5525
5526
2050
8271
2051
5663
1833
1834
5553
1835
1836
1837
5554
5556
1848
7783
1849
5555
1852
1853
5562
5563
2069
7863
2070
5375
2074
2075
2076
2078
2073
7729
2080
5678
5679
2082
2084
5677
1906
1907
5590
2081
7753
2086
5681
5682
2087
2089
5676
1908
1909
1910
5591
5593
1921
7809
1922
5592
1925
1926
5599
5600
2091
2093
5680
8504
8506
1979
1980
5627
1981
1982
1983
5628
5630
1994
7829
1995
5629
1998
1999
5636
5637
2123
8273
2124
5700
2052
2053
5664
2054
2055
2056
5665
5667
2067
7861
2068
5666
2071
2072
5673
5674
2142
7891
2143
5412
2147
2148
2149
2151
2146
7731
2153
5715
5716
2155
2157
5714
2125
2126
5701
2154
7755
2159
5718
5719
2160
2162
5713
2127
2128
2129
5702
5704
2140
7889
2141
5703
2144
2145
5710
5711
2164
2166
5717
8508
8510
466
8512
8327
8437
468
4861
2200
8514
8516
8349
2201
5739
2202
2203
2204
2205
2206
5741
5743
2217
7913
2218
5742
2219
7911
2220
5451
2221
2222
5749
5750
2224
2226
5740
2228
2230
2223
7763
2232
5755
5756
2236
2238
5753
470
8331
472
4848
4863
2241
2243
5752
2233
7789
2240
5759
5760
8518
8520
2245
2247
5757
8522
473
8524
8526
8528
8530
8532
8534
8277
8399
474
4651
475
8536
8281
476
4652
4846
539
8538
8540
8542
8544
8546
8548
8550
8552
8554
8556
8558
8560
8562
8335
8471
541
4898
2277
8564
8353
2278
5778
2279
2280
2281
2282
2283
5780
5782
2294
7927
2295
5781
2296
7925
2297
5490
2298
2299
5788
5789
2301
2302
5779
2303
2305
2300
7765
2307
5793
5794
2309
2311
5792
543
8337
545
4887
4900
2314
2316
5791
2308
7791
2313
5796
5797
8566
8568
2318
2320
5795
8570
546
8572
8574
8576
8285
8423
547
4676
548
8578
8287
549
4677
4885
612
8580
8339
8469
614
4935
2350
8582
8363
2351
5815
2352
2353
2354
2355
2356
5817
5819
2367
7941
2368
5818
2369
7939
2370
5527
2371
2372
5825
5826
2374
2375
5816
2376
2378
2373
7771
2380
5830
5831
2382
2384
5829
616
8341
618
4924
4937
2387
2389
5828
2381
7797
2386
5833
5834
2391
2393
5832
8584
8586
619
8588
8291
8421
620
4701
621
8590
8592
8594
8295
622
4702
4922
685
8596
8347
8467
687
4972
2421
8598
7959
8600
7961
2422
5848
5849
2423
2424
5852
2425
2426
2427
2428
2429
5854
5856
2440
7957
2441
5855
2442
7955
2443
5564
2444
2445
5862
5863
2447
2448
5853
2449
2451
2446
7773
2453
5867
5868
2455
2457
5866
689
8351
691
4961
4974
2460
2462
5865
2454
7799
2459
5870
5871
2464
2466
5869
8602
8604
692
8606
8297
8419
693
4726
694
8608
8610
8612
8301
695
4727
4959
758
8614
8357
8465
760
5009
2494
8616
7973
8618
7987
2495
5885
5886
2496
2497
5889
2498
2499
2500
2501
2502
5891
5893
2513
7985
2514
5892
2515
7983
2516
5601
2517
2518
5899
5900
2520
2521
5890
2522
2524
2519
7775
2526
5904
5905
2528
2530
5903
762
8355
764
4998
5011
2533
2535
5902
2527
7801
2532
5907
5908
2537
2539
5906
8620
8622
765
8624
8303
8417
766
4751
767
8626
8628
8630
8307
768
4752
4996
831
8632
8359
8463
833
5046
2567
8634
7993
8636
8003
2568
5922
5923
2569
2570
5926
2571
2572
2573
2574
2575
5928
5930
2586
8001
2587
5929
2588
7999
2589
5638
2590
2591
5936
5937
2593
2594
5927
2595
2597
2592
7777
2599
5941
5942
2601
2603
5940
835
8361
837
5035
5048
2606
2608
5939
2600
7803
2605
5944
5945
2610
2612
5943
8638
8640
838
8642
8313
8415
839
4776
840
8644
8646
8648
8311
841
4777
5033
904
8650
8365
8461
906
5083
2640
8652
8013
8654
8015
2641
5959
5960
2642
2643
5963
2644
2645
2646
2647
2648
5965
5967
2659
8011
2660
5966
2661
8009
2662
5675
2663
2664
5973
5974
2666
2667
5964
2668
2670
2665
7779
2672
5978
5979
2674
2676
5977
908
8367
910
5072
5085
2679
2681
5976
2673
7805
2678
5981
5982
2683
2685
5980
8656
8658
911
8660
8315
8435
912
4801
913
8662
8664
8666
8319
914
4802
5070
977
8668
8371
8489
979
5120
2713
8670
8023
8672
8025
2714
5996
5997
2715
2716
6000
2717
2718
2719
2720
2721
6002
6004
2732
8021
2733
6003
2734
8019
2735
5712
2736
2737
6010
6011
2739
2740
6001
2741
2743
2738
7781
2745
6015
6016
2747
2749
6014
981
8375
983
5109
5122
2752
2754
6013
2746
7807
2751
6018
6019
2756
2758
6017
984
8674
8676
8321
8433
985
4826
986
8678
8325
987
4827
5107
477
478
4862
4865
479
8563
480
4864
4866
550
8565
8680
8682
8684
8579
551
4899
4902
552
8577
8686
8581
553
4901
4903
623
8583
8688
8601
624
4936
4939
625
8595
8690
8597
626
4938
4940
696
8599
8692
8619
697
4973
4976
698
8613
8694
8615
699
4975
4977
769
8617
8696
8637
770
5010
5013
771
8631
8698
8633
772
5012
5014
842
8635
8700
8655
843
5047
5050
844
8649
8702
8651
845
5049
5051
915
8653
8704
8673
916
5084
5087
917
8667
8706
8669
918
5086
5088
988
8671
989
5121
5124
990
991
5123
5125
1058
8377
8487
1060
5161
2790
8031
8708
8033
2791
6035
6036
2792
2793
6039
2794
2795
2796
2797
2798
6041
6043
2809
8029
2810
6042
2811
8561
8027
2812
5751
2813
2814
6049
6050
2816
2818
6040
2820
2822
2815
7839
2824
6055
6056
2828
2830
6053
1062
8381
1064
5148
5163
2833
2835
6052
2825
7837
2832
6059
6060
2837
2839
6057
8710
8712
1065
8431
1066
4867
1067
8714
8685
1068
4868
5146
1131
8716
8718
8720
8385
8485
1133
5198
2867
8722
8039
8724
8089
2868
6074
6075
2869
2870
6078
2871
2872
2873
2874
2875
6080
6082
2886
8037
2887
6081
2888
8575
8035
2889
5790
2890
2891
6088
6089
2893
2894
6079
2895
2897
2892
7817
2899
6093
6094
2901
2903
6092
1135
8387
1137
5187
5200
2906
2908
6091
2900
7845
2905
6096
6097
8726
8728
2910
2912
6095
8730
1138
8732
8734
8687
8459
1139
4904
1140
8736
8689
1141
4905
5185
1204
8738
8391
8559
1206
5235
2940
8740
8045
8742
8047
2941
6111
6112
2942
2943
6115
2944
2945
2946
2947
2948
6117
6119
2959
8043
2960
6118
2961
8593
8041
2962
5827
2963
2964
6125
6126
2966
2967
6116
2968
2970
2965
7819
2972
6130
6131
2974
2976
6129
1208
8393
1210
5224
5237
2979
2981
6128
2973
7847
2978
6133
6134
8744
8746
2983
2985
6132
8748
1211
8750
8752
8691
8457
1212
4941
1213
8754
8693
1214
4942
5222
1277
8756
8395
8557
1279
5272
3013
8758
8053
8760
8055
3014
6148
6149
3015
3016
6152
3017
3018
3019
3020
3021
6154
6156
3032
8051
3033
6155
3034
8611
8049
3035
5864
3036
3037
6162
6163
3039
3040
6153
3041
3043
3038
7821
3045
6167
6168
3047
3049
6166
1281
8397
1283
5261
5274
3052
3054
6165
3046
7849
3051
6170
6171
8762
8764
3056
3058
6169
8766
1284
8768
8770
8695
8455
1285
4978
1286
8772
8697
1287
4979
5259
1350
8774
8407
8555
1352
5309
3086
8776
8061
8778
8063
3087
6185
6186
3088
3089
6189
3090
3091
3092
3093
3094
6191
6193
3105
8059
3106
6192
3107
8629
8057
3108
5901
3109
3110
6199
6200
3112
3113
6190
3114
3116
3111
7823
3118
6204
6205
3120
3122
6203
1354
8403
1356
5298
5311
3125
3127
6202
3119
7851
3124
6207
6208
8780
8782
3129
3131
6206
8784
1357
8786
8788
8699
8453
1358
5015
1359
8790
8701
1360
5016
5296
1423
8792
8405
8553
1425
5346
3159
8794
8069
8796
8071
3160
6222
6223
3161
3162
6226
3163
3164
3165
3166
3167
6228
6230
3178
8067
3179
6229
3180
8647
8065
3181
5938
3182
3183
6236
6237
3185
3186
6227
3187
3189
3184
7825
3191
6241
6242
3193
3195
6240
1427
8409
1429
5335
5348
3198
3200
6239
3192
7853
3197
6244
6245
8798
8800
3202
3204
6243
8802
1430
8804
8806
8703
8451
1431
5052
1432
8808
8705
1433
5053
5333
1496
8810
8411
8551
1498
5383
3232
8812
8077
8814
8079
3233
6259
6260
3234
3235
6263
3236
3237
3238
3239
3240
6265
6267
3251
8075
3252
6266
3253
8665
8073
3254
5975
3255
3256
6273
6274
3258
3259
6264
3260
3262
3257
7827
3264
6278
6279
3266
3268
6277
1500
8413
1502
5372
5385
3271
3273
6276
3265
7857
3270
6281
6282
8816
8818
3275
3277
6280
8820
1503
8822
8824
8707
8449
1504
5089
1505
1506
5090
5370
1569
8826
8429
8549
1571
5420
3305
8828
8085
8830
8087
3306
6296
6297
3307
3308
6300
3309
3310
3311
3312
3313
6302
6304
3324
8083
3325
6303
3326
8683
8081
3327
6012
3328
3329
6310
6311
3331
3332
6301
3333
3335
3330
7835
3337
6315
6316
3339
3341
6314
1573
8427
1575
5409
5422
3344
3346
6313
3338
7855
3343
6318
6319
3348
3350
6317
8832
8834
1576
8483
1577
5126
1578
1579
5127
5407
1069
8836
8709
1070
5162
5165
1071
8721
8838
8840
8842
8725
1072
5164
5166
1142
8723
8844
8743
1143
5199
5202
1144
8737
8846
8739
1145
5201
5203
1215
8741
8848
8761
1216
5236
5239
1217
8755
8850
8757
1218
5238
5240
1288
8759
8852
8779
1289
5273
5276
1290
8773
8854
8775
1291
5275
5277
1361
8777
8856
8797
1362
5310
5313
1363
8791
8858
8793
1364
5312
5314
1434
8795
8860
8815
1435
5347
5350
1436
8809
8862
8811
1437
5349
5351
1507
8813
1508
5384
5387
1509
8827
8864
8831
1510
5386
5388
1580
8829
1581
5421
5424
1582
1583
5423
5425
1650
8443
8547
1652
5461
3382
8125
8866
8185
3383
6335
6336
3384
3385
6339
3386
3387
3388
3389
3390
6341
6343
3401
8123
3402
6342
3403
8719
8121
3404
6051
3405
3406
6349
6350
3408
3410
6340
3412
3414
3407
7859
3416
6355
6356
3420
3422
6353
1654
8441
1656
5448
5463
3425
3427
6352
3417
7909
3424
6359
6360
3429
3431
6357
8868
8870
1657
8872
8843
8481
1658
5167
1659
8874
8876
8878
8845
1660
5168
5446
1723
8880
8447
8545
1725
5498
3459
8882
8131
8884
8133
3460
6374
6375
3461
3462
6378
3463
3464
3465
3466
3467
6380
6382
3478
8129
3479
6381
3480
8735
8127
3481
6090
3482
3483
6388
6389
3485
3486
6379
3487
3489
3484
7873
3491
6393
6394
3493
3495
6392
1727
8445
1729
5487
5500
3498
3500
6391
3492
7895
3497
6396
6397
3502
3504
6395
8886
8888
1730
8890
8847
8479
1731
5204
1732
8892
8894
8896
8849
1733
5205
5485
1796
8898
8477
8543
1798
5535
3532
8900
8139
8902
8141
3533
6411
6412
3534
3535
6415
3536
3537
3538
3539
3540
6417
6419
3551
8137
3552
6418
3553
8753
8135
3554
6127
3555
3556
6425
6426
3558
3559
6416
3560
3562
3557
7875
3564
6430
6431
3566
3568
6429
1800
8475
1802
5524
5537
3571
3573
6428
3565
7897
3570
6433
6434
3575
3577
6432
8904
8906
1803
8908
8851
8541
1804
5241
1805
8910
8912
8914
8853
1806
5242
5522
1869
8916
8537
8539
1871
5572
3605
8918
8147
8920
8183
3606
6448
6449
3607
3608
6452
3609
3610
3611
3612
3613
6454
6456
3624
8145
3625
6455
3626
8771
8143
3627
6164
3628
3629
6462
6463
3631
3632
6453
3633
3635
3630
7877
3637
6467
6468
3639
3641
6466
1873
8535
1875
5561
5574
3644
3646
6465
3638
7899
3643
6470
6471
3648
3650
6469
8922
8924
1876
8926
8855
8533
1877
5278
1878
8928
8930
8932
8857
1879
5279
5559
1942
8934
8497
8531
1944
5609
3678
8936
8153
8938
8155
3679
6485
6486
3680
3681
6489
3682
3683
3684
3685
3686
6491
6493
3697
8151
3698
6492
3699
8789
8149
3700
6201
3701
3702
6499
6500
3704
3705
6490
3706
3708
3703
7879
3710
6504
6505
3712
3714
6503
1946
8495
1948
5598
5611
3717
3719
6502
3711
7901
3716
6507
6508
3721
3723
6506
8940
8942
1949
8944
8859
8493
1950
5315
1951
8946
8948
8950
8861
1952
5316
5596
2015
8952
8503
8529
2017
5646
3751
8954
8161
8956
8163
3752
6522
6523
3753
3754
6526
3755
3756
3757
3758
3759
6528
6530
3770
8159
3771
6529
3772
8807
8157
3773
6238
3774
3775
6536
6537
3777
3778
6527
3779
3781
3776
7881
3783
6541
6542
3785
3787
6540
2019
8501
2021
5635
5648
3790
3792
6539
3784
7903
3789
6544
6545
3794
3796
6543
8958
8960
2022
8962
8863
8499
2023
5352
2024
2025
5353
5633
2088
8964
8966
8968
8517
8527
2090
5683
3824
8970
8169
8972
8181
3825
6559
6560
3826
3827
6563
3828
3829
3830
3831
3832
6565
6567
3843
8167
3844
6566
3845
8825
8165
3846
6275
3847
3848
6573
6574
3850
3851
6564
3852
3854
3849
7887
3856
6578
6579
3858
3860
6577
2092
8507
2094
5672
5685
3863
3865
6576
3857
7905
3862
6581
6582
8974
8976
3867
3869
6580
8978
2095
8980
8982
8865
8505
2096
5389
2097
2098
5390
5670
2161
8984
8513
8515
2163
5720
3897
8986
8177
8988
8179
3898
6596
6597
3899
3900
6600
3901
3902
3903
3904
3905
6602
6604
3916
8175
3917
6603
3918
8841
8173
3919
6312
3920
3921
6610
6611
3923
3924
6601
3925
3927
3922
7885
3929
6615
6616
3931
3933
6614
2165
8511
2167
5709
5722
3936
3938
6613
3930
7907
3935
6618
6619
3940
3942
6617
8990
8992
2168
8509
2169
5426
2170
2171
5427
5707
1661
8994
8867
8996
8998
9000
8885
1662
5462
5465
1663
8879
9002
8881
1664
5464
5466
1734
8883
8903
1735
5499
5502
1736
8897
9004
8899
1737
5501
5503
1807
8901
9006
8921
1808
5536
5539
1809
8915
9008
8917
1810
5538
5540
1880
8919
9010
8939
1881
5573
5576
1882
8933
9012
8935
1883
5575
5577
1953
8937
9014
8957
1954
5610
5613
1955
8951
9016
8953
1956
5612
5614
2026
8955
2027
5647
5650
2028
8969
9018
8973
2029
5649
5651
2099
8971
2100
5684
5687
2101
8985
9020
8989
2102
5686
5688
2172
8987
2173
5721
5724
2174
9001
2175
5723
5725
2242
8521
9022
8525
2244
5761
3974
9024
8201
9026
8257
3975
6635
6636
3976
3977
6639
3978
3979
3980
3981
3982
6641
6643
3993
8199
3994
6642
3995
8877
8197
3996
6351
3997
3998
6649
6650
4000
4002
6640
4004
4006
3999
7951
4008
6655
6656
4012
4014
6653
2246
8523
2248
5748
5763
4017
4019
6652
4009
7979
4016
6659
6660
9028
9030
4021
4023
6657
9032
2249
9034
9036
9003
8519
2250
5467
2251
2252
5468
5746
2315
8569
8573
2317
5798
4033
4034
4041
6651
4061
9038
9040
8207
9042
8209
4062
6677
6678
4063
4064
6681
4065
4066
4067
4068
4069
6683
6685
4080
8205
4081
6684
4082
8895
8203
4083
6390
4084
4085
6691
6692
4087
4088
6682
4089
4091
4086
7953
4093
6696
6697
4095
4097
6695
2319
8571
2321
5787
5800
4100
4102
6694
4094
7967
4099
6699
6700
4104
4106
6698
9044
9046
2322
9048
9005
8567
2323
5504
2324
9050
9052
9007
2325
5505
5785
2388
9054
8589
8591
2390
5835
4116
4117
4124
6693
4144
9056
9058
8215
9060
8217
4145
6717
6718
4146
4147
6721
4148
4149
4150
4151
4152
6723
6725
4163
8213
4164
6724
4165
8913
8211
4166
6427
4167
4168
6731
6732
4170
4171
6722
4172
4174
4169
7965
4176
6736
6737
4178
4180
6735
2392
8587
2394
5824
5837
4183
4185
6734
4177
7969
4182
6739
6740
4187
4189
6738
9062
9064
2395
9066
9009
8585
2396
5541
2397
9068
9070
9011
2398
5542
5822
2461
9072
8607
8609
2463
5872
4199
4200
4207
6733
4227
9074
9076
8223
9078
8225
4228
6757
6758
4229
4230
6761
4231
4232
4233
4234
4235
6763
6765
4246
8221
4247
6764
4248
8931
8219
4249
6464
4250
4251
6771
6772
4253
4254
6762
4255
4257
4252
7963
4259
6776
6777
4261
4263
6775
2465
8605
2467
5861
5874
4266
4268
6774
4260
7971
4265
6779
6780
4270
4272
6778
9080
9082
2468
9084
9013
8603
2469
5578
2470
9086
9088
9015
2471
5579
5859
2534
9090
8625
8627
2536
5909
4282
4283
4290
6773
4310
9092
9094
8231
9096
8233
4311
6797
6798
4312
4313
6801
4314
4315
4316
4317
4318
6803
6805
4329
8229
4330
6804
4331
8949
8227
4332
6501
4333
4334
6811
6812
4336
4337
6802
4338
4340
4335
7975
4342
6816
6817
4344
4346
6815
2538
8623
2540
5898
5911
4349
4351
6814
4343
7977
4348
6819
6820
4353
4355
6818
9098
9100
2541
9102
9017
8621
2542
5615
2543
2544
5616
5896
2607
9104
9106
8643
8645
2609
5946
4365
4366
4373
6813
4393
9108
9110
8239
9112
8241
4394
6837
6838
4395
4396
6841
4397
4398
4399
4400
4401
6843
6845
4412
8237
4413
6844
4414
8967
8235
4415
6538
4416
4417
6851
6852
4419
4420
6842
4421
4423
4418
7991
4425
6856
6857
4427
4429
6855
2611
8641
2613
5935
5948
4432
4434
6854
4426
4431
6859
6860
4436
4438
6858
9114
9116
2614
9118
9019
8639
2615
5652
2616
2617
5653
5933
2680
9120
9122
8661
8663
2682
5983
4448
4449
4456
6853
4476
9124
9126
8247
9128
8249
4477
6877
6878
4478
4479
6881
4480
4481
4482
4483
4484
6883
6885
4495
8245
4496
6884
4497
8983
8243
4498
6575
4499
4500
6891
6892
4502
4503
6882
4504
4506
4501
7995
4508
6896
6897
4510
4512
6895
2684
8659
2686
5972
5985
4515
4517
6894
4509
7997
4514
6899
6900
4519
4521
6898
9130
9132
2687
9134
9021
8657
2688
5689
2689
2690
5690
5970
2753
9136
9138
8679
8681
2755
6020
4531
4532
4539
6893
4559
9140
9142
8253
9144
8255
4560
6917
6918
4561
4562
6921
4563
4564
4565
4566
4567
6923
6925
4568
8171
8251
4569
4570
4571
6605
4572
4573
6927
4574
4575
6919
4576
4577
6929
4578
4579
6924
4580
8999
4581
6612
4582
4583
6931
6932
4585
4586
6922
4587
4589
4588
4590
6654
4584
4591
6936
6937
4593
4595
6935
4594
4596
6658
4592
4597
6939
6940
4598
4600
6934
2757
8677
2759
6009
6022
4602
4604
6938
9146
9148
2760
9150
9027
8675
2761
5726
2762
9152
9154
9156
9158
9023
2763
5727
6007
2253
9025
2254
5762
5765
2255
9037
9160
9043
2256
5764
5766
2326
9041
9162
9061
2327
5799
5802
2328
9053
9164
9055
2329
5801
5803
2399
9059
9166
9079
2400
5836
5839
2401
9071
9168
9073
2402
5838
5840
2472
9077
9170
9097
2473
5873
5876
2474
9089
9172
9091
2475
5875
5877
2545
9095
2546
5910
5913
2547
9107
9174
9113
2548
5912
5914
2618
9111
2619
5947
5950
2620
9123
9176
9129
2621
5949
5951
2691
9127
2692
5984
5987
2693
9139
9178
9145
2694
5986
5988
2764
9143
2765
6021
6024
2766
9159
2767
6023
6025
2834
8715
9180
8717
2836
6061
4614
9157
4615
4622
6933
9155
4623
6926
2838
9182
9184
8713
2840
6048
6063
2841
9161
9186
8711
2842
5767
2843
9188
9163
2844
5768
6046
2907
8729
9190
8733
2909
6098
2911
9192
8731
2913
6087
6100
2914
9165
9194
8727
2915
5804
2916
9196
9167
2917
5805
6085
2980
8747
9198
8751
2982
6135
2984
9200
8749
2986
6124
6137
2987
9169
9202
8745
2988
5841
2989
9204
9171
2990
5842
6122
3053
8765
9206
8769
3055
6172
3057
9208
8767
3059
6161
6174
3060
9173
9210
8763
3061
5878
3062
3063
5879
6159
3126
8783
9212
8787
3128
6209
3130
9214
8785
3132
6198
6211
3133
9175
9216
8781
3134
5915
3135
3136
5916
6196
3199
8801
9218
8805
3201
6246
3203
9220
8803
3205
6235
6248
3206
9177
9222
8799
3207
5952
3208
3209
5953
6233
3272
8819
9224
8823
3274
6283
3276
9226
8821
3278
6272
6285
3279
9179
9228
8817
3280
5989
3281
3282
5990
6270
3345
8837
9230
8839
3347
6320
3349
9232
8835
3351
6309
6322
3352
8833
3353
6026
3354
9234
9181
3355
6027
6307
2845
9185
9236
9189
2846
6062
6065
2847
9187
9238
9191
2848
6064
6066
2918
9193
9240
9197
2919
6099
6102
2920
9195
9242
9199
2921
6101
6103
2991
9201
9244
9205
2992
6136
6139
2993
9203
9246
9207
2994
6138
6140
3064
9209
3065
6173
6176
3066
9211
9248
9213
3067
6175
6177
3137
9215
3138
6210
6213
3139
9217
9250
9219
3140
6212
6214
3210
9221
3211
6247
6250
3212
9223
9252
9225
3213
6249
6251
3283
9227
3284
6284
6287
3285
9229
9254
9231
3286
6286
6288
3356
9233
3357
6321
6324
3358
9235
9256
9237
3359
6323
6325
3426
8873
9258
8875
3428
6361
3430
9260
8871
3432
6348
6363
3433
9239
9262
8869
3434
6067
3435
9264
9241
3436
6068
6346
3499
8891
9266
8893
3501
6398
3503
9268
8889
3505
6387
6400
3506
9270
9243
8887
3507
6104
3508
9272
9245
3509
6105
6385
3572
8909
9274
8911
3574
6435
3576
9276
8907
3578
6424
6437
3579
9247
9278
8905
3580
6141
3581
3582
6142
6422
3645
8927
9280
8929
3647
6472
3649
9282
8925
3651
6461
6474
3652
9249
9284
8923
3653
6178
3654
3655
6179
6459
3718
8945
9286
8947
3720
6509
3722
9288
8943
3724
6498
6511
3725
9251
9290
8941
3726
6215
3727
3728
6216
6496
3791
8963
9292
8965
3793
6546
3795
9294
8961
3797
6535
6548
3798
9253
9296
8959
3799
6252
3800
3801
6253
6533
3864
8977
9298
8981
3866
6583
3868
9300
8979
3870
6572
6585
3871
9255
9302
8975
3872
6289
3873
3874
6290
6570
3937
8995
9304
8997
3939
6620
3941
9306
8993
3943
6609
6622
3944
9257
9308
8991
3945
6326
3946
9310
9259
3947
6327
6607
3437
9261
9312
9265
3438
6362
6365
3439
9263
9314
9267
3440
6364
6366
3510
9269
9316
9273
3511
6399
6402
3512
9271
9318
9275
3513
6401
6403
3583
9277
3584
6436
6439
3585
9279
9320
9281
3586
6438
6440
3656
9283
3657
6473
6476
3658
9285
9322
9287
3659
6475
6477
3729
9289
3730
6510
6513
3731
9291
9324
9293
3732
6512
6514
3802
9295
3803
6547
6550
3804
9297
9326
9299
3805
6549
6551
3875
9301
3876
6584
6587
3877
9303
9328
9305
3878
6586
6588
3948
9307
9330
9311
3949
6621
6624
3950
9309
9332
9313
3951
6623
6625
4018
9031
9334
9035
4020
6661
4022
9336
9033
4024
6648
6663
4025
9338
9315
9029
4026
6367
4027
9340
9317
4028
6368
6646
4101
9049
9342
9051
4103
6701
4105
9344
9047
4107
6690
6703
4108
9319
9346
9045
4109
6404
4110
4111
6405
6688
4184
9067
9348
9069
4186
6741
4188
9350
9065
4190
6730
6743
4191
9321
9352
9063
4192
6441
4193
4194
6442
6728
4267
9085
9354
9087
4269
6781
4271
9356
9083
4273
6770
6783
4274
9323
9358
9081
4275
6478
4276
4277
6479
6768
4350
9103
9360
9105
4352
6821
4354
9362
9101
4356
6810
6823
4357
9325
9364
9099
4358
6515
4359
4360
6516
6808
4433
9119
9366
9121
4435
6861
4437
9368
9117
4439
6850
6863
4440
9327
9370
9115
4441
6552
4442
4443
6553
6848
4516
9135
9372
9137
4518
6901
4520
9374
9133
4522
6890
6903
4523
9329
9376
9131
4524
6589
4525
9378
9331
4526
6590
6888
4599
9151
9380
9153
4601
6941
4603
9382
9149
4605
6930
6943
4606
9333
9384
9147
4607
6626
4608
9386
9335
4609
6627
6928
4029
9337
9388
9341
4030
6662
6665
4031
9339
9390
9343
4032
6664
6666
4112
9345
4113
6702
6705
4114
9347
9392
9349
4115
6704
6706
4195
9351
4196
6742
6745
4197
9353
9394
9355
4198
6744
6746
4278
9357
4279
6782
6785
4280
9359
9396
9361
4281
6784
6786
4361
9363
4362
6822
6825
4363
9365
9398
9367
4364
6824
6826
4444
9369
4445
6862
6865
4446
9371
9400
9373
4447
6864
6866
4527
9375
9402
9379
4528
6902
6905
4529
9377
9404
9381
4530
6904
6906
4610
9383
9406
9387
4611
6942
6945
4612
9385
9408
9389
4613
6944
6946
4035
9391
9410
9039
4036
6667
4039
6670
4037
4038
6668
6669
4118
9393
9057
4119
6707
4040
6671
4120
4121
6708
6709
4201
9395
9075
4202
6747
4203
4204
6748
6749
4284
9412
9397
9093
4285
6787
4286
4287
6788
6789
4122
6710
4367
9399
9109
4368
6827
4369
4370
6828
6829
4450
9414
9401
9125
4451
6867
4452
9416
9403
4453
6868
6869
4533
9418
9405
9141
4534
6907
4123
6711
4535
9407
4536
6908
6909
4616
9420
9409
9183
4617
6947
4618
9422
9411
4619
6948
6949
4205
6750
9413
4206
6751
4288
6790
4289
6791
4371
6830
9415
4372
6831
9417
4454
6870
9419
4455
6871
4537
6910
9421
4538
6911
9423
4620
6950
4621
6951
