2
4
6
8
61
63
1716
110
112
205
206
1718
159
161
1146
1720
208
210
1722
287
289
1724
360
362
1
3
1726
433
435
1249
5
7
207
209
1728
507
509
1730
807
809
1145
58
59
0
9
1147
1148
204
1729
1723
211
1250
1251
60
62
1732
286
288
1734
586
588
1736
896
898
1174
107
108
1738
57
1717
64
1175
1176
1740
285
1735
1725
290
1290
1291
109
111
1742
359
361
1744
659
661
1746
979
981
1199
156
157
1748
106
1719
113
1200
1201
1750
358
1745
1727
363
1327
1328
158
160
1752
432
434
1754
732
734
1756
1062
1064
1224
505
506
1758
155
1721
162
1225
1226
1760
431
1755
436
1364
1365
508
510
587
589
1762
660
662
11
13
1764
733
735
1401
1766
504
1731
511
1402
1403
1768
585
1737
1763
590
1442
1443
1770
658
1747
1765
663
1479
1480
1772
731
1757
736
1516
1517
15
17
68
70
1774
117
119
212
213
1776
166
168
1150
1778
215
217
1780
292
294
1782
365
367
805
806
1784
438
440
1252
1786
808
810
1788
897
899
1790
980
982
10
12
1792
1063
1065
1553
1794
804
1733
811
1554
1555
1796
895
1743
1791
900
1597
1598
1798
978
1753
1793
983
1637
1638
1800
1061
1066
1677
1678
14
16
1789
18
1151
1152
214
216
1802
1739
1781
218
1253
1254
514
516
814
816
1149
65
66
19
21
1144
20
22
219
221
1248
23
24
25
1156
1804
67
69
1741
1775
71
1178
1179
291
293
1749
1783
295
1292
1293
220
222
591
593
1806
901
903
1177
114
115
72
74
1173
223
224
225
1258
296
298
1289
235
236
237
238
1155
241
242
1257
239
240
1265
243
244
1267
1808
116
118
1751
1777
120
1203
1204
73
75
364
366
1759
1785
368
1329
1330
664
666
1810
984
986
1202
163
164
1812
1814
1816
121
123
1198
76
77
78
1183
1818
369
371
1326
1820
122
124
1822
165
167
1761
1779
169
1228
1229
437
439
1767
1787
441
1366
1367
125
126
127
1208
737
739
1824
1067
1069
1227
512
513
1826
170
172
1223
1828
171
173
1830
442
444
1363
174
175
176
1233
515
517
1769
518
1405
1406
592
594
1771
1807
595
1444
1445
665
667
1832
297
299
812
813
738
740
1404
1834
1773
1811
668
1481
1482
1836
519
521
1400
1795
1825
741
1518
1519
1838
596
1840
1835
598
1441
300
301
302
1297
312
313
1842
669
671
1478
314
315
1182
318
319
1296
316
317
1304
320
321
1306
1844
1846
1848
742
1841
744
1515
815
817
1797
1805
818
1557
1558
902
904
1799
1809
905
1599
1600
1850
370
372
985
987
37
39
1068
1070
1556
1852
1801
1823
988
1639
1640
1854
819
821
1552
373
374
375
1334
1803
1071
1679
1680
1856
906
1858
1853
908
1596
385
386
387
388
1207
1860
989
991
1636
391
392
1333
389
390
1341
393
394
1343
1862
1864
1866
1072
1859
1074
1676
41
43
92
94
1868
443
445
1870
141
143
46
47
1872
190
192
1164
446
447
448
1371
458
459
460
461
1232
464
465
1370
462
463
1378
466
467
1380
1874
49
51
1876
1878
1880
520
522
1882
98
100
1884
147
149
253
255
1886
196
198
1168
523
524
525
1410
535
536
537
538
1264
541
542
1409
539
540
1417
543
544
1419
1888
257
259
1890
1892
1894
597
599
1896
332
334
1898
405
407
262
263
1900
478
480
1274
600
601
602
1449
612
613
614
615
1303
618
619
1448
616
617
1456
620
621
1458
1902
1904
1906
670
672
1908
265
267
1910
338
340
1912
411
413
553
555
1914
484
486
1278
673
674
675
1486
685
686
687
688
1340
691
692
1485
689
690
1493
693
694
1495
1916
1918
1920
743
745
1922
557
559
1924
632
634
1926
705
707
562
563
1928
778
780
1426
746
747
748
1523
758
759
760
761
1377
764
765
1522
762
763
1530
766
767
1532
1930
1932
1934
820
822
1936
565
567
1938
638
640
1940
711
713
853
855
823
824
825
1562
1942
784
786
1430
835
836
894
837
838
1416
841
842
1561
1568
839
840
1569
843
844
1571
1944
1946
1948
907
1950
1861
909
1952
857
859
1954
942
944
1956
1025
1027
910
911
912
1604
862
863
1958
1108
1110
1578
922
923
977
924
925
1455
928
929
1603
1610
926
927
1611
930
931
1613
1960
1962
1964
990
1966
1867
992
1968
865
867
1970
948
950
993
994
995
1644
1972
1031
1033
1974
1114
1116
1582
1005
1006
1060
1007
1008
1492
1011
1012
1643
1650
1009
1010
1651
1013
1014
1653
1976
1978
1980
1073
1982
1869
1075
1076
1077
1078
1684
1088
1089
1143
1090
1091
1529
1094
1095
1683
1690
1092
1093
1691
1096
1097
1693
1984
1986
1988
26
1990
1849
1992
1851
27
1153
1154
79
1821
1994
1839
80
1180
1181
128
1827
1996
1829
129
1205
1206
177
1831
1998
1833
178
1230
1231
226
1817
2000
1819
227
1255
1256
303
1837
2002
1843
304
1294
1295
376
1855
2004
1857
377
1331
1332
449
1881
450
1368
1369
526
1895
527
1407
1408
603
1907
604
1446
1447
676
1921
677
1483
1484
749
1935
1993
750
1520
1521
826
1949
2006
1951
827
1559
1560
913
1965
2008
1967
914
1601
1602
996
1981
2010
1983
997
1641
1642
1079
1989
2012
1991
1080
1681
1682
28
1995
29
1157
81
2014
1997
82
1184
36
38
130
2016
1999
131
1209
40
42
48
50
1163
89
90
35
44
1165
1166
53
54
1162
2018
179
2020
2001
180
1234
91
93
45
1883
52
1169
1170
55
56
1167
97
99
1190
2022
228
2024
2003
229
1259
138
139
88
1871
95
1191
1192
102
103
1189
140
142
96
1885
101
1194
1195
2026
104
105
1193
146
148
1215
2028
305
2030
2005
306
1298
187
188
137
1873
144
1216
1217
151
152
1214
189
191
2032
378
379
1335
145
1887
150
1219
1220
153
154
1218
195
197
1240
252
254
186
1875
193
1241
1242
2034
200
201
1239
2036
451
452
1372
256
258
194
1889
199
1244
1245
202
203
1243
264
266
1273
329
330
251
1897
260
1275
1276
2038
269
271
1272
2040
528
529
1411
331
333
261
1911
268
1279
1280
273
275
1277
337
339
1312
2042
605
606
1450
402
403
328
1899
335
1313
1314
342
344
1311
404
406
336
1913
341
1316
1317
2044
346
348
1315
410
412
1349
2046
678
2048
2025
679
1487
475
476
401
1901
408
1350
1351
415
417
1348
477
479
2050
751
2052
2007
752
1524
409
1915
414
1353
1354
419
421
1352
483
485
1386
552
554
474
1909
481
1387
1388
2054
488
490
1385
2056
828
2058
2009
829
1563
556
558
482
1923
487
1390
1391
492
494
1389
564
566
1425
629
630
551
1925
560
1427
1428
2060
569
571
1424
2062
915
2064
2011
916
1605
631
633
561
1939
568
1431
1432
573
575
1429
637
639
1464
2066
998
2068
2013
999
1645
702
703
628
1927
635
1465
1466
642
644
1463
704
706
636
1941
641
1468
1469
2070
646
648
1467
710
712
1501
2072
1081
2074
2015
1082
1685
775
776
701
1929
708
1502
1503
715
717
1500
777
779
709
1943
714
1505
1506
2076
719
721
1504
2078
30
2080
2017
31
1158
783
785
1538
852
854
774
1937
781
1539
1540
788
790
1537
2082
32
33
34
1159
1161
856
858
782
1953
787
1542
1543
792
794
1541
864
866
1577
247
1815
248
1160
939
940
851
1955
860
1579
1580
2084
869
871
1576
2086
83
2088
2090
2021
84
1185
941
943
861
1971
868
1583
1584
873
875
1581
947
949
1619
1022
1023
938
1957
945
1620
1621
2092
952
954
1618
85
86
87
1186
1188
1024
1026
324
1847
325
1187
946
1973
951
1623
1624
956
958
1622
1030
1032
1659
1105
1106
1021
1959
1028
1660
1661
2094
1035
1037
1658
2096
132
2098
2031
133
1210
1107
1109
1029
1975
1034
1663
1664
1039
1041
1662
1113
1115
1699
134
135
136
1211
1213
1104
1969
1111
1700
1701
1118
1120
1698
397
1865
398
1212
1112
1117
1703
1704
2100
1122
1124
1702
2102
181
182
1235
183
184
185
1236
1238
470
1879
471
1237
230
231
1260
232
233
234
1261
1263
245
1813
246
1262
249
250
1269
1270
547
1893
548
1271
307
2069
308
1299
309
310
311
1300
1302
322
1845
323
1301
326
327
1308
1309
624
1905
625
1310
380
2049
381
1336
382
383
384
1337
1339
395
1863
396
1338
399
400
1345
1346
697
1919
698
1347
453
2053
454
1373
455
456
457
1374
1376
468
1877
469
1375
472
473
1382
1383
770
1933
771
1384
530
2059
531
1412
532
533
534
1413
1415
545
1891
546
1414
549
550
1421
1422
847
1947
848
1423
607
2065
608
1451
609
610
611
1452
1454
622
1903
623
1453
626
627
1460
1461
934
1963
935
1462
680
2075
681
1488
682
683
684
1489
1491
695
1917
696
1490
699
700
1497
1498
1017
1979
1018
1499
753
2081
754
1525
755
756
757
1526
1528
768
1931
769
1527
772
773
1534
1535
1100
1987
1101
1536
830
831
1564
832
833
834
1565
1567
845
1945
846
1566
849
850
1573
1574
893
885
886
1575
917
2091
918
1606
919
920
921
1607
1609
932
1961
933
1608
936
937
1615
1616
976
968
969
1617
1000
1001
1646
1002
1003
1004
1647
1649
1015
1977
1016
1648
1019
1020
1655
1656
1059
1051
1052
1657
1083
1084
1686
1085
1086
1087
1687
1689
1098
1985
1099
1688
1102
1103
1695
1696
1142
1134
1135
1697
270
2041
272
1281
274
2043
276
1268
1283
277
2019
2089
278
1171
279
2104
2106
2108
2110
2112
2114
2116
2118
2023
280
1172
1266
343
2120
2122
2124
2126
2128
2130
2132
2134
2136
2138
2140
2142
2144
2146
2045
345
1318
347
2148
2047
349
1307
1320
350
2150
2027
351
1196
352
2152
2029
353
1197
1305
416
2154
2051
418
1355
420
2156
2055
422
1344
1357
423
2158
2033
424
1221
425
2160
2035
426
1222
1342
489
2057
491
1392
493
2162
2061
495
1381
1394
496
2164
2037
497
1246
498
2166
2039
499
1247
1379
281
282
1282
1285
283
2147
284
1284
1286
354
2149
2153
355
1319
1322
356
2151
2168
2155
357
1321
1323
427
2157
2170
2161
428
1356
1359
429
2159
430
1358
1360
500
2163
2172
2167
501
1393
1396
502
2165
503
1395
1397
570
2063
2145
572
1433
574
2174
2067
576
1420
1435
577
2143
578
1287
579
580
1288
1418
643
2176
2071
2141
645
1470
647
2178
2073
649
1459
1472
650
2180
2169
2139
651
1324
652
2182
2171
653
1325
1457
716
2184
2077
2137
718
1507
720
2186
2079
722
1496
1509
723
2135
724
1361
725
2188
2173
726
1362
1494
789
2190
2083
2133
791
1544
793
2192
2085
795
1533
1546
796
2131
797
1398
798
799
1399
1531
581
2194
2175
582
1434
1437
583
2177
584
1436
1438
654
2179
2196
2183
655
1471
1474
656
2181
2198
2185
657
1473
1475
727
2187
728
1508
1511
729
2189
2200
2191
730
1510
1512
800
2193
801
1545
1548
802
2195
803
1547
1549
870
2087
2129
872
1585
874
2202
2093
876
1572
1587
877
2127
878
1439
879
2204
2197
880
1440
1570
953
2206
2099
2125
955
1625
957
2208
2095
959
1614
1627
960
2210
2199
2123
961
1476
962
963
1477
1612
1036
2097
2212
2121
1038
1665
1040
2214
2119
1042
1654
1667
1043
2201
2216
2117
1044
1513
1045
1046
1514
1652
1119
2101
2218
2115
1121
1705
1123
2220
2103
1125
1694
1707
1126
2113
1127
1550
1128
1129
1551
1692
881
2203
882
1586
1589
883
2205
2222
2207
884
1588
1590
964
2209
965
1626
1629
966
2211
2224
2213
967
1628
1630
1047
2215
1048
1666
1669
1049
2217
2226
2219
1050
1668
1670
1130
2221
1131
1706
1709
1132
1133
1708
1710
887
2223
2111
888
1591
891
1594
889
890
1592
1593
970
2225
2109
971
1631
892
1595
972
973
1632
1633
1053
2227
2107
1054
1671
1055
1056
1672
1673
1136
2105
1137
1711
1138
1139
1712
1713
974
1634
975
1635
1057
1674
1058
1675
1140
1714
1141
1715
