1
3
2
4
5
7
77
79
4160
135
137
4162
193
195
4164
251
253
4166
309
311
4168
367
369
75
76
6
8
0
9
2947
2948
425
427
2945
133
134
78
80
74
4170
4161
81
2979
2980
191
192
136
138
4172
132
4163
139
3004
3005
249
250
194
196
4174
190
4165
197
3029
3030
307
308
252
254
4176
248
4167
255
3054
3055
365
366
310
312
4178
306
4169
313
3079
3080
423
424
368
370
4180
364
371
3104
3105
10
12
426
428
4182
422
4171
429
3129
3130
11
13
14
16
84
86
4184
142
144
4186
200
202
4188
258
260
4190
316
318
4192
374
376
4194
432
434
2949
484
486
481
482
15
17
18
2951
2952
491
493
82
83
483
485
4196
480
487
3154
3155
140
141
85
87
4198
4173
4185
88
2982
2983
198
199
143
145
4200
4175
4187
146
3007
3008
256
257
201
203
4202
4177
4189
204
3032
3033
314
315
259
261
4204
4179
4191
262
3057
3058
372
373
317
319
4206
4181
4193
320
3082
3083
539
541
540
542
4208
538
543
3178
3179
545
547
581
583
4210
582
584
430
431
4212
375
377
4214
4183
4216
4195
378
3107
3108
587
589
623
625
4218
624
626
4220
580
585
3195
3196
629
631
665
667
4222
666
668
488
489
4224
433
435
4226
4217
436
3132
3133
4228
622
627
3212
3213
19
21
490
492
4230
4199
4213
494
3157
3158
20
22
23
25
91
93
4232
149
151
4234
207
209
4236
265
267
4238
544
546
4240
4215
4211
548
3180
3181
586
588
4219
590
3197
3198
628
630
4242
323
325
4244
381
383
4246
670
672
4248
4231
4223
632
3214
3215
89
90
671
673
707
709
708
710
4250
439
441
2953
4252
712
714
4254
713
715
4256
749
751
4258
750
752
4260
24
26
4262
4197
4264
4243
27
2955
2956
754
756
147
148
92
94
4266
4201
4268
4233
95
2985
2986
755
757
791
793
3153
4270
792
794
4272
498
500
4274
796
798
3156
4276
797
799
4278
550
552
4280
836
838
833
834
4282
150
152
4284
4203
4286
4235
153
3010
3011
843
845
4288
592
594
4290
850
852
4292
664
4227
4294
4225
669
3229
3230
674
3231
3232
840
841
835
837
4296
706
4251
4255
711
3246
3247
4257
4259
716
3248
3249
205
206
842
844
4298
748
4300
4265
4261
753
3263
3264
4269
4271
758
3265
3266
263
264
208
210
4302
4205
4237
211
3035
3036
634
636
4304
790
4275
4273
795
3280
3281
4287
4279
800
3282
3283
891
893
892
894
321
322
4306
266
268
4308
4207
4310
4239
269
3060
3061
676
678
896
898
4312
897
899
4314
902
904
4316
933
935
4318
934
936
379
380
4320
324
326
4322
4209
4324
4245
327
3085
3086
718
720
938
940
4326
939
941
4328
944
946
4330
975
977
4332
976
978
4334
832
4336
4283
839
3298
3299
4301
4289
846
3301
3302
980
982
981
983
4338
986
988
4340
1017
1019
437
438
4342
382
384
4344
4221
4346
4247
385
3110
3111
1018
1020
4348
760
762
1022
1024
4350
1023
1025
4352
1028
1030
4354
1059
1061
4356
1060
1062
495
496
4358
440
442
4360
4229
4362
4253
443
3135
3136
802
804
847
848
497
499
4364
4241
4366
4277
501
3160
3161
549
551
4281
553
3182
3183
591
593
4368
633
635
4370
675
677
4372
717
719
4374
4249
4291
595
3199
3200
759
761
4376
801
803
3159
4378
4263
4380
4371
637
3216
3217
28
30
849
851
4382
4297
4384
4373
4313
679
3233
3234
4386
4299
4327
721
3250
3251
29
31
32
34
4388
4303
4377
4351
763
3267
3268
98
100
4390
156
158
4392
214
216
4394
901
903
4396
4309
4398
4381
4367
805
3284
3285
943
945
4400
272
274
4402
985
987
4404
330
332
4406
4345
4408
4385
4295
853
3304
3305
1027
1029
4410
1064
1066
96
97
33
35
4412
388
390
4414
446
448
2957
4416
4267
36
2959
2960
1065
1067
1069
1071
4418
1101
1103
1102
1104
4420
1070
1072
4422
1106
1108
4424
1107
1109
154
155
4426
99
101
4428
4285
4430
4391
102
2988
2989
505
507
1111
1113
4432
1112
1114
4434
1143
1145
3297
4436
1144
1146
4438
555
557
4440
1148
1150
3300
4442
1149
1151
4444
1153
1155
3303
4446
890
4448
4311
4450
4307
895
3322
3323
4317
4315
900
3324
3325
4399
4319
905
3326
3327
1154
1156
1185
1186
4452
1188
1190
4454
157
159
4456
597
599
4458
4293
4393
160
3013
3014
1195
1197
4460
1202
1204
4462
857
859
4464
907
909
4466
949
951
4468
1209
1211
1192
1193
1187
1189
4470
932
4472
4325
4474
4321
937
3339
3340
4331
4329
942
3341
3342
4401
4333
947
3343
3344
1199
1200
1194
1196
4476
1243
1245
1244
1246
4478
974
4480
4369
4482
4337
979
3356
3357
4341
4339
984
3358
3359
4405
4343
989
3360
3361
1248
1250
1249
1251
212
213
4484
1201
1203
4486
1016
4488
4347
4490
4349
1021
3373
3374
4355
4353
1026
3375
3376
4411
4357
1031
3377
3378
1253
1255
1254
1256
4492
1259
1261
4494
1285
1287
4496
1286
1288
270
271
4498
215
217
4500
639
641
4502
991
993
4504
4305
4506
4395
218
3038
3039
1290
1292
1291
1293
4508
1295
1297
4510
1296
1298
4512
1301
1303
4514
1327
1329
4516
1328
1330
4518
328
329
4520
273
275
4522
4323
4524
4403
276
3063
3064
681
683
4526
1033
1035
1332
1334
4528
1333
1335
4530
1337
1339
4532
1338
1340
4534
1343
1345
4536
1369
1371
4538
1370
1372
4540
1058
4542
4363
4544
4359
1063
3390
3391
4413
4457
1068
3392
3393
4425
1073
3394
3395
1374
1376
4546
386
387
331
333
4548
723
725
4550
1075
1077
4552
4335
4409
334
3088
3089
1375
1377
1379
1381
4554
1380
1382
4556
1411
1413
4558
1412
1414
4560
1385
1387
4562
1416
1418
4564
444
445
4566
389
391
4568
4361
4570
4415
392
3113
3114
765
767
4572
1417
1419
1421
1423
4574
1422
1424
4576
1117
1119
4578
1453
1455
4580
1454
1456
4582
1427
1429
4584
1458
1460
4586
1100
4588
4423
4590
4421
1105
3407
3408
4431
4427
1110
3409
3410
4435
4437
1115
3411
3412
1459
1461
4592
502
503
4594
447
449
4596
807
809
4598
1159
1161
4600
4365
4419
450
3138
3139
4602
854
855
504
506
4433
508
3163
3164
554
556
4604
4375
4443
558
3184
3185
596
598
4606
638
640
4608
680
682
4610
722
724
4612
4379
4501
600
3201
3202
764
766
4614
806
808
3162
4616
4383
4618
4609
4503
642
3218
3219
1206
1207
856
858
4620
906
908
4622
948
950
4624
4387
4626
4611
4549
684
3235
3236
990
992
4628
1032
1034
4630
1074
1076
4632
1116
1118
4634
1158
1160
3306
4636
4389
4551
726
3252
3253
37
39
1208
1210
4638
4397
4640
4615
4597
768
3269
3270
4642
4407
4619
4599
810
3286
3287
4644
4417
4621
4465
860
3307
3308
4646
38
40
41
43
4648
105
107
4650
163
165
4652
4459
4654
4623
4467
910
3328
3329
1258
1260
4656
221
223
4658
1300
1302
4660
279
281
4662
4479
4664
4627
4469
952
3345
3346
1342
1344
4666
1384
1386
4668
337
339
4670
1426
1428
4672
103
104
4674
4487
4676
4629
4527
994
3362
3363
42
44
395
397
4678
453
455
2961
4680
512
514
4682
4505
4684
4631
4686
4529
1036
3379
3380
1463
1465
1464
1466
4688
1468
1470
4690
1495
1497
3441
4692
1496
1498
4694
4553
4696
4633
4698
4573
1078
3396
3397
1500
1502
3444
161
162
106
108
4700
560
562
4702
1469
1471
4704
4601
4706
4635
4708
4581
1120
3413
3414
1501
1503
1505
1507
3447
4710
1506
1508
4712
1510
1512
3450
4714
4429
45
2963
2964
1511
1513
4716
1540
1542
4718
864
866
4720
1547
1549
1537
1538
4722
4447
4651
4724
4701
109
2991
2992
1554
1556
4726
164
166
4728
602
604
4730
1561
1563
4732
4471
4655
167
3016
3017
912
914
4734
954
956
4736
1216
1218
4738
1264
1266
4740
1306
1308
4742
1596
1598
1544
1545
1539
1541
4744
1595
1597
4746
1568
1570
4748
1601
1603
4750
1606
1608
4752
1611
1613
4754
1142
4756
4441
4758
4439
1147
3424
3425
4445
4451
1152
3426
3427
4449
4453
1157
3428
3429
1616
1618
1637
1639
4760
1638
1640
4762
4649
4764
4681
1162
3430
3431
1551
1552
1546
1548
4766
1600
1602
4768
1642
1644
1643
1645
4770
1648
1650
4772
1653
1655
4774
1658
1660
4776
1679
1681
4778
1680
4519
1682
4780
1558
1559
4782
1553
1555
4784
1605
1607
4786
1184
4788
4473
4790
4455
1191
3442
3443
4477
4461
1198
3445
3446
4489
4463
1205
3448
3449
1647
1649
4792
1684
1686
1685
1687
4794
1689
1691
4796
4641
4798
4475
1212
3451
3452
1690
1692
4800
1695
1697
1721
1723
4802
1722
4804
4547
1724
4806
219
220
4808
1560
1562
4810
1610
1612
4812
1652
1654
4814
1694
1696
4816
1242
4818
4481
4820
4483
1247
3466
3467
4485
4491
1252
3468
3469
4495
4493
1257
3470
3471
4822
277
278
222
224
4824
644
646
4657
4826
4497
1262
3472
3473
996
998
4828
1348
1350
1726
1728
4830
1727
1729
4832
4523
4834
4659
225
3041
3042
1731
1733
1732
1734
4836
1736
1738
4838
1737
1739
4840
1763
1765
4842
335
336
4844
280
282
4846
4541
4848
4665
283
3066
3067
686
688
4850
1038
1040
4852
1764
4854
4565
1766
4856
1390
1392
1768
1770
4858
1769
1771
4860
1773
1775
4862
1774
4864
4673
1776
4866
1778
1780
4868
393
394
4870
338
340
4872
4569
4874
4671
341
3091
3092
728
730
4876
1080
1082
4878
1779
4880
4647
1781
4882
1432
1434
1805
1807
4884
1806
4886
4603
1808
4888
1700
1702
4890
1810
1812
4892
1811
4894
4593
1813
4896
1284
4898
4507
4900
4499
1289
3483
3484
4509
4511
1294
3485
3486
4515
4513
1299
3487
3488
1815
1817
4902
451
452
396
398
4904
770
772
4906
1122
1124
4908
4661
4910
4517
1304
3489
3490
1816
1818
1820
1822
4912
1821
1823
4914
1474
1476
4916
4587
4918
4679
399
3116
3117
1847
1849
3585
1848
1850
4920
1852
1854
3588
509
510
4922
454
456
4924
4685
457
3141
3142
812
814
4926
1164
1166
4928
1516
1518
4930
1742
1744
4932
1784
1786
4934
1826
1828
4936
1853
1855
1857
1859
3591
4938
1858
1860
4940
1862
1864
3594
861
862
4942
511
513
4944
4605
4946
4687
515
3166
3167
559
561
4948
4613
4703
563
3186
3187
601
603
4950
643
645
4952
685
687
4954
727
729
4956
4617
4731
605
3203
3204
769
771
4958
811
813
3165
4960
4625
4962
4953
4827
647
3220
3221
1213
1214
863
865
4964
911
913
4966
953
955
4968
995
997
4970
4637
4972
4955
4905
689
3237
3238
1037
1039
4974
1079
1081
4976
1121
1123
4978
1163
1165
3309
4980
4639
4877
731
3254
3255
1565
1566
1215
1217
4982
1263
1265
4984
4643
4986
4959
4907
773
3271
3272
1305
1307
4988
1347
1349
4990
1389
1391
4992
1431
1433
4994
4645
4996
4963
815
3288
3289
1473
1475
4998
1515
1517
3453
5000
4653
5002
4965
4729
867
3310
3311
46
48
1567
1569
5004
1615
1617
5006
4663
5008
4967
4825
915
3330
3331
1657
1659
5010
4675
5012
4969
4737
957
3347
3348
1699
1701
47
49
5014
50
52
5016
4683
5018
4973
4829
999
3364
3365
112
114
5020
170
172
5022
228
230
5024
1741
1743
5026
286
288
5028
4695
5030
4975
4853
1041
3381
3382
1783
1785
5032
1825
1827
5034
344
346
1863
1865
5036
4705
5038
4977
4879
1083
3398
3399
1867
1869
3597
1889
1890
1868
1870
5040
1892
1894
5042
51
53
5044
4715
5046
4979
5048
4911
1125
3415
3416
1899
1901
402
404
5050
1906
1908
5052
460
462
2965
5054
4787
5056
4929
1167
3432
3433
1913
1915
5058
1920
1922
5060
519
521
1896
1897
1891
1893
5062
4817
5064
4983
5066
4739
1219
3454
3455
871
873
5068
1223
1225
1947
1949
5070
1948
1950
5072
4833
5074
4987
5076
4741
1267
3474
3475
1575
1577
5078
1953
1955
5080
1958
1960
5082
1963
1965
5084
4917
4989
5086
4743
1309
3491
3492
1989
1991
1990
1992
1903
1904
5088
1898
1900
5090
1952
1954
5092
4723
5094
5019
54
2967
2968
1994
1996
1995
1997
5096
2000
2002
5098
2005
2007
5100
1968
1970
5102
2031
2033
5104
2032
2034
5106
2010
5108
4781
2012
5110
1910
1911
5112
1905
1907
5114
1957
1959
5116
2036
2038
5118
2037
2039
5120
1999
2001
5122
1326
5124
4525
5126
4521
1331
3500
3501
4531
4533
1336
3502
3503
4537
4535
1341
3504
3505
2041
2043
2042
5128
4823
2044
5130
2047
5132
4805
2049
5134
2052
2054
5136
4667
5138
4539
1346
3506
3507
2073
2075
2074
5140
4807
2076
5142
1917
1918
5144
1912
1914
5146
1962
1964
5148
4991
5150
4831
1351
3508
3509
2004
2006
5152
2078
2080
2079
2081
5154
2083
2085
5156
2084
5158
4855
2086
5160
2046
2048
5162
2088
2090
5164
2089
5166
4843
2091
5168
110
111
5170
1919
1921
5172
1967
1969
5174
2009
2011
5176
2051
2053
5178
1368
5180
4543
5182
4545
1373
3517
3518
4607
4555
1378
3519
3520
4557
4559
1383
3521
3522
2093
2095
2094
2096
5184
2115
2117
5186
2116
5188
4881
2118
5190
1927
1929
5192
4669
5194
4567
1388
3523
3524
2120
2122
2121
5196
4865
2123
5198
168
169
5200
113
115
5202
565
567
5204
4993
5206
4859
1393
3525
3526
917
919
5208
1269
1271
5210
1621
1623
2125
2127
5212
4733
5214
5021
116
2994
2995
2126
5216
4869
2128
2130
2132
5218
2131
5220
4887
2133
5222
2135
2137
5224
226
227
5226
171
173
5228
4755
5230
5023
174
3019
3020
607
609
5232
959
961
5234
1311
1313
5236
2136
2138
2157
2159
5238
2158
5240
4895
2160
5242
1663
1665
5244
2162
2164
5246
2163
5248
4903
2165
5250
2167
2169
5252
284
285
5254
229
231
5256
4847
5258
5025
232
3044
3045
649
651
5260
1001
1003
5262
1353
1355
5264
1705
1707
5266
2168
2170
2172
2174
5268
2173
2175
5270
2177
2179
5272
2178
2180
5274
1410
5276
4563
5278
4561
1415
3534
3535
4571
4575
1420
3536
3537
4579
4577
1425
3538
3539
5280
342
343
287
289
5282
691
693
5284
1043
1045
5286
1395
1397
4677
5288
4591
1430
3540
3541
1747
1749
5290
1973
1975
2199
2201
3729
5292
2200
2202
5294
4997
5296
4885
1435
3542
3543
2204
2206
3732
2205
2207
5298
2209
2211
3735
400
401
5300
345
347
5302
4873
5304
5031
290
3069
3070
733
735
5306
1085
1087
5308
1437
1439
5310
1789
1791
5312
4897
5039
348
3094
3095
2210
2212
2214
2216
3738
5314
2215
2217
5316
2219
2221
3741
5318
2220
2222
2241
2242
5320
2244
2246
5322
403
405
5324
5053
406
3119
3120
2251
2253
5326
775
777
5328
2258
2260
5330
1127
1129
5332
2265
2267
5334
1479
1481
5336
2272
2274
5338
1831
1833
5340
2015
2017
2248
2249
2243
2245
5342
1452
5344
4585
5346
4583
1457
3551
3552
4589
4595
1462
3553
3554
4689
4693
1467
3555
3556
2057
2059
5348
2099
2101
2299
2301
5350
2300
2302
5352
4691
5354
4709
1472
3557
3558
2141
2143
5356
2183
2185
5358
2305
2307
5360
2310
2312
4999
5362
4927
1477
3559
3560
2315
2317
2255
2256
2250
2252
5364
2304
2306
5366
2341
2343
5368
2342
2344
5370
2320
2322
5372
2346
2348
5374
2347
2349
5376
2279
2281
5378
2352
2354
5380
2357
2359
5382
2362
5111
2364
5384
2262
2263
5386
1494
5388
4697
5390
4699
1499
3568
3569
4707
4711
1504
3570
3571
4713
4721
1509
3572
3573
2257
2259
5392
2309
2311
5394
2351
2353
5396
2383
2385
2384
5398
5109
2386
5400
4951
5402
4717
1514
3574
3575
2325
2327
2388
2390
5404
2389
5406
5129
2391
5408
2393
2395
5410
5003
5412
4931
1519
3576
3577
2394
5414
5133
2396
5416
2269
2270
2264
2266
5418
2314
2316
5420
2356
2358
5422
2398
2400
5424
2399
5426
5217
2401
5428
2404
5430
5141
2406
5432
2425
2427
5434
2426
5436
5143
2428
5438
2367
2369
5440
2430
2432
5442
2431
5444
5159
2433
5446
458
459
5448
1536
5450
4745
5452
4719
1543
3586
3587
4767
4725
1550
3589
3590
4785
4727
1557
3592
3593
2271
2273
5454
2319
2321
5456
2361
2363
5458
2403
2405
5460
4811
4735
1564
3595
3596
2409
2411
2435
2437
5462
2436
5464
5167
2438
5466
2440
2442
5468
5005
5470
4749
1571
3598
3599
2441
5472
5169
2443
2445
2447
5474
516
517
5476
461
463
5478
817
819
5480
4945
464
3144
3145
1169
1171
5482
1521
1523
5484
1873
1875
5486
2225
2227
5488
2446
5490
5189
2448
5492
2451
2453
2467
2469
5494
2468
5496
5197
2470
5498
868
869
5500
518
520
5502
4949
5504
5067
522
3169
3170
564
566
5506
4957
5207
568
3188
3189
606
608
5508
648
650
5510
690
692
5512
732
734
5514
4961
5283
610
3205
3206
774
776
5516
816
818
3168
5518
4971
5520
5511
5261
652
3222
3223
1220
1221
870
872
5522
916
918
5524
958
960
5526
4981
5528
5513
5285
694
3239
3240
1000
1002
5530
1042
1044
5532
1084
1086
5534
1126
1128
5536
1168
1170
3312
5538
4985
5307
736
3256
3257
1572
1573
1222
1224
5540
4995
5542
5517
5479
778
3273
3274
1268
1270
5544
1310
1312
5546
1352
1354
5548
1394
1396
5550
5001
5552
5521
820
3290
3291
1436
1438
5554
1478
1480
5556
1520
1522
3456
5558
5007
5560
5523
5069
874
3313
3314
1924
1925
1574
1576
5562
1620
1622
5564
1662
1664
5566
5011
5568
5525
5209
920
3332
3333
1704
1706
5570
1746
1748
5572
1788
1790
5574
1830
1832
5576
5017
5578
5529
5235
962
3349
3350
1872
1874
3600
55
57
5580
1926
1928
5582
5029
5584
5531
5263
1004
3366
3367
1972
1974
5586
2014
2016
5588
2056
2058
5590
2098
2100
5592
5037
5594
5533
5287
1046
3383
3384
2140
2142
5596
2182
2184
5598
2224
2226
3744
5600
5045
5602
5535
5309
1088
3400
3401
2276
2277
59
61
5604
119
121
5606
177
179
5608
5055
5610
5537
5333
1130
3417
3418
235
237
5612
293
295
5614
351
353
5616
409
411
5618
5063
5483
1172
3434
3435
467
469
2969
56
58
5620
2278
2280
5622
5073
5624
5543
5071
1226
3457
3458
2324
2326
5626
2366
2368
5628
2408
2410
5630
2450
2452
5632
5085
5634
5545
5211
1272
3476
3477
2472
2474
2473
5636
5199
2475
5638
2477
2479
2478
5640
5221
2480
5642
5093
5644
5547
5646
5237
1314
3493
3494
2482
2484
2483
5648
5225
2485
5650
117
118
5652
60
62
5654
526
528
5656
5179
5658
5549
5660
5265
1356
3510
3511
878
880
5662
1230
1232
5664
1582
1584
2487
2489
5666
5213
5668
5553
5670
5289
1398
3527
3528
2488
5672
5241
2490
2492
2494
5674
2509
2511
5676
2510
5678
5249
2512
5680
5303
5682
5555
5684
5311
1440
3544
3545
5686
175
176
120
122
5688
570
572
5690
922
924
5692
1274
1276
5557
5694
5337
1482
3561
3562
2493
2495
5696
1626
1628
2514
2516
5698
2515
5700
5253
2517
5702
5449
5704
5561
5706
5485
1524
3578
3579
2519
2521
2520
2522
5708
2524
2526
5710
233
234
5712
178
180
5714
612
614
5716
5481
5718
5563
5720
5079
1578
3601
3602
964
966
5722
1316
1318
5724
1668
1670
5726
2525
2527
5728
5123
5605
63
2971
2972
2529
2531
2530
5730
5281
2532
5732
2534
2536
5734
2551
2553
3873
5736
5229
5738
5607
5740
5689
123
2997
2998
291
292
236
238
5742
654
656
5744
1006
1008
5746
1358
1360
5748
5257
5611
5750
5715
181
3022
3023
2535
2537
5752
2552
2554
5754
1710
1712
2556
2558
3876
5756
5275
5758
5613
239
3047
3048
2557
2559
2561
2563
3879
5760
2562
2564
349
350
5762
294
296
5764
5313
5766
5615
297
3072
3073
696
698
5768
1048
1050
5770
1400
1402
5772
1752
1754
2566
2568
3882
5774
2567
2569
5776
2571
2573
3885
5778
2572
2574
5780
2576
2578
3888
407
408
5782
352
354
5784
5387
5786
5617
355
3097
3098
738
740
5788
1090
1092
5790
1442
1444
5792
1794
1796
5794
1934
1936
5796
2577
2579
5798
1978
1980
5800
2596
2598
2946
5802
2020
2022
5804
1594
4757
5806
4747
1599
3610
3611
4769
4751
1604
3612
3613
4789
4753
1609
3614
3615
2603
2605
2950
2593
2594
5808
410
412
5810
780
782
5812
2610
2612
2954
4813
5814
4759
1614
3616
3617
1132
1134
5816
2617
2619
2958
5818
1484
1486
5820
2624
2626
2962
5009
5822
4761
1619
3618
3619
1836
1838
5824
2631
2633
2966
5826
2062
2064
2600
2601
2595
2597
5828
5565
5830
5233
1624
3620
3621
2104
2106
2651
2653
5832
2652
2654
2978
5834
2146
2148
5836
5343
413
3122
3123
2657
2659
2981
5838
2662
2664
2984
5840
2667
2669
2987
5842
2672
2674
2990
5844
2677
2679
2993
5846
2188
2190
2607
2608
2602
2604
5848
2693
2695
5850
2694
2696
3003
5852
2656
2658
5854
2698
2700
5856
2699
5673
2701
3006
5858
2286
2288
5860
1636
5862
4763
5864
4765
1641
3627
3628
4777
4771
1646
3629
3630
4793
4773
1651
3631
3632
2704
5427
2706
3009
5866
2709
5399
2711
3012
5868
2714
5385
2716
3015
2614
2615
2609
2611
5870
4815
5872
4775
1656
3633
3634
2661
2663
5874
2703
2705
2719
5491
2721
3018
5876
2735
2737
5878
5013
5880
4779
1661
3635
3636
2736
5407
2738
3028
5882
2638
2640
2970
2740
2742
5884
2741
5415
2743
3031
5886
5569
5888
5247
1666
3637
3638
2746
5417
2748
3034
2745
2747
2621
2622
5890
2616
2618
5892
2666
2668
5894
2751
5431
2753
3037
5896
2708
2710
5898
2750
2752
5900
2756
5437
2758
3040
5902
2761
5465
2763
3043
5904
2777
2779
5906
2778
5445
2780
3053
5908
2330
2332
2628
2629
5910
1678
5912
4783
5914
4791
1683
3644
3645
4795
4799
1688
3646
3647
4797
4801
1693
3648
3649
2623
2625
5916
2671
2673
5918
2713
2715
5920
2782
2784
2783
5447
2785
3056
5922
4819
5924
4803
1698
3650
3651
2787
2789
2788
5473
2790
3059
5926
2792
2794
5928
2793
5475
2795
3062
5930
5015
5932
4893
1703
3652
3653
2755
2757
2798
5637
2800
3065
465
466
5934
2630
2632
5936
2676
2678
5938
5571
5940
5267
1708
3654
3655
2718
2720
5942
2760
2762
5944
2797
2799
5946
2802
2804
2803
5497
2805
3068
5948
2682
2684
2996
5950
2819
2821
5952
2820
5499
2822
3078
523
524
5954
468
470
5956
5503
5958
5621
471
3147
3148
822
824
5960
1174
1176
5962
1526
1528
5964
1878
1880
5966
2230
2232
5968
2372
2374
5970
2724
2726
3021
2824
2826
5972
2825
5641
2827
3081
5974
1720
5976
4809
5978
4821
1725
3661
3662
4835
4851
1730
3663
3664
4837
4839
1735
3665
3666
2829
2831
875
876
5980
525
527
5982
569
571
5984
611
613
5986
4841
4845
1740
3667
3668
653
655
5988
695
697
5990
737
739
5992
779
781
5994
5027
4933
1745
3669
3670
821
823
3171
2414
2416
5996
2456
2458
1227
1228
5998
877
879
6000
5573
6002
5291
1750
3671
3672
921
923
6004
963
965
6006
1005
1007
6008
1047
1049
6010
5507
5661
529
3172
3173
1089
1091
6012
1131
1133
6014
1173
1175
3315
2498
2500
6016
5515
6018
5985
6020
5691
573
3190
3191
2540
2542
6022
2582
2584
1579
1580
1229
1231
6024
1273
1275
6026
1315
1317
6028
5519
6030
5987
6032
5721
615
3207
3208
1357
1359
6034
1399
1401
6036
1441
1443
6038
1483
1485
6040
5527
6042
5989
5745
657
3224
3225
1525
1527
3459
1931
1932
6044
1581
1583
6046
5539
6048
5991
5811
699
3241
3242
1625
1627
6050
1667
1669
6052
1709
1711
6054
1751
1753
6056
5541
6058
5993
5789
741
3258
3259
1793
1795
6060
1835
1837
6062
1877
1879
3603
6064
5551
6066
5995
5813
783
3275
3276
2283
2284
1933
1935
6068
1977
1979
6070
2019
2021
6072
5559
6074
5999
825
3292
3293
2061
2063
6076
2103
2105
6078
2145
2147
6080
2187
2189
6082
5567
6084
6001
5663
881
3316
3317
2229
2231
3747
2635
2636
6086
2285
2287
6088
5577
6090
6005
5693
925
3334
3335
2329
2331
6092
2371
2373
6094
2413
2415
6096
2455
2457
6098
5583
6100
6007
5723
967
3351
3352
2497
2499
2766
2768
3046
6102
2539
2541
6104
2581
2583
3891
6106
5593
6108
6009
5747
1009
3368
3369
2808
2810
3071
6110
2830
5649
2832
3084
64
66
2637
2639
6112
2681
2683
6114
5601
6116
5771
1051
3385
3386
2723
2725
6118
2765
2767
6120
2807
2809
6122
5609
6124
6013
5791
1093
3402
3403
2834
2836
2835
5651
2837
3087
6126
2839
2841
6128
2840
5679
2842
3090
6130
2844
2846
6132
5619
6134
6015
6136
5817
1135
3419
3420
65
67
68
70
6138
126
128
6140
184
186
6142
242
244
6144
300
302
6146
5623
6148
6019
5963
1177
3436
3437
2845
5701
2847
3093
2849
2851
6150
2850
2852
3096
6152
2861
2863
6154
5633
6156
6025
6158
5665
1233
3460
3461
2862
5687
2864
3103
2866
2868
124
125
6160
69
71
6162
358
360
6164
5643
6166
6027
6168
5695
1277
3478
3479
416
418
6170
474
476
2973
533
535
6172
885
887
6174
5657
6176
6031
6178
5725
1319
3495
3496
2867
2869
3106
2871
2873
6180
2872
5711
2874
3109
6182
2876
2878
6184
5667
6186
6035
6188
5751
1361
3512
3513
182
183
127
129
6190
575
577
6192
927
929
6194
1237
1239
6196
5681
6037
6198
5773
1403
3529
3530
1279
1281
6200
1589
1591
6202
2877
5731
2879
3112
2881
2883
6204
6039
6206
5793
1445
3546
3547
2882
2884
3115
6208
2887
2889
3118
2886
2888
240
241
6210
185
187
6212
5703
6214
6043
6216
5821
1487
3563
3564
617
619
6218
969
971
6220
1321
1323
6222
1631
1633
6224
1673
1675
6226
5717
6045
6228
5965
1529
3580
3581
2892
2894
3121
2903
2905
4017
6230
2904
2906
3128
6232
2891
2893
6234
5729
6236
6049
6238
5671
1585
3604
3605
298
299
243
245
6240
659
661
6242
1011
1013
6244
1363
1365
6246
5837
6051
6248
5699
1629
3622
3623
1715
1717
6250
1941
1943
2908
2910
4020
6252
2909
2911
3131
6254
5911
6256
6053
6258
5727
1671
3639
3640
2913
2915
4023
2914
2916
3134
6260
2918
2920
4026
356
357
6262
301
303
6264
5957
6266
6055
6268
5769
1713
3656
3657
701
703
6270
1053
1055
6272
1405
1407
6274
1757
1759
6276
6011
6059
6278
5775
1755
3673
3674
2919
2921
3137
2923
2925
4029
6280
2924
2926
3140
6282
2928
2930
4032
6284
5737
72
2975
2976
2929
2931
3143
414
415
6286
359
361
6288
743
745
6290
1095
1097
6292
5749
6141
6294
6191
130
3000
3001
73
2944
1447
1449
6296
1799
1801
6298
1983
1985
6300
2025
2027
2933
2935
4035
5757
6302
6143
6304
6217
188
3025
3026
2934
2936
3146
6306
2067
2069
6308
2109
2111
472
473
6310
417
419
6312
5765
6145
6314
6241
246
3050
3051
131
2977
785
787
6316
1137
1139
6318
1489
1491
6320
1841
1843
5785
6149
6322
6269
304
3075
3076
2151
2153
6324
2193
2195
6326
2293
2295
6328
2645
2647
2974
6330
5805
6167
362
3100
3101
6332
6313
189
3002
2335
2337
530
531
6334
2687
2689
2999
6336
475
477
6338
827
829
5861
6171
6340
6315
420
3125
3126
1179
1181
6342
1531
1533
6344
1883
1885
6346
2235
2237
6348
5975
6177
478
3150
3151
2377
2379
247
3027
6350
2729
2731
3024
6352
2419
2421
6354
2771
2773
3049
882
883
532
534
6017
6356
6173
536
3175
3176
574
576
6358
616
618
6360
658
660
6362
700
702
6364
6029
6193
578
3192
3193
6366
6331
305
3052
742
744
6368
784
786
6370
826
828
3174
2461
2463
6041
6372
6361
6374
6219
620
3209
3210
2813
2815
3074
1234
1235
884
886
6376
926
928
6378
968
970
6380
6047
6382
6363
6384
6243
662
3226
3227
1010
1012
6386
6333
363
3077
6388
1052
1054
6390
1094
1096
6392
1136
1138
6057
6271
704
3243
3244
1178
1180
3318
2503
2505
6394
2855
2857
3099
6396
2545
2547
1586
1587
6398
6065
6400
6369
6402
6291
746
3260
3261
1236
1238
6404
6349
421
3102
2897
2899
3124
6406
1278
1280
6408
1320
1322
6073
6410
6371
6412
6317
788
3277
3278
1362
1364
6414
1404
1406
6416
1446
1448
6418
1488
1490
6420
6083
6422
6373
6341
830
3294
3295
1530
1532
3462
2587
2589
479
3127
1938
1939
6424
1588
1590
6426
1630
1632
6089
6428
6377
6430
6179
888
3319
3320
1672
1674
6432
1714
1716
6434
1756
1758
6436
1798
1800
6438
1840
1842
6440
6099
6442
6379
6195
930
3336
3337
1882
1884
3606
6444
6365
537
3152
6107
6446
6383
6221
972
3353
3354
2290
2291
1940
1942
6448
1982
1984
6450
2024
2026
6452
2066
2068
6454
2108
2110
6456
6115
6458
6389
6245
1014
3370
3371
2150
2152
6460
2192
2194
6462
6367
579
3177
6464
2234
2236
3750
2939
2941
3149
6123
6466
6391
6468
6273
1056
3387
3388
2642
2643
2292
2294
6470
2334
2336
6472
6133
6474
6393
6295
1098
3404
3405
2376
2378
6476
2418
2420
6478
2460
2462
6480
6381
621
3194
6482
2502
2504
6147
6319
1140
3421
3422
2544
2546
6484
2586
2588
3894
6486
6155
6488
6401
6343
1182
3438
3439
2644
2646
6490
2686
2688
6492
2728
2730
6494
6387
663
3211
6496
2770
2772
6165
6498
6407
6199
1240
3463
3464
2812
2814
6500
2854
2856
6502
2896
2898
6504
2938
2940
4038
6506
6175
6508
6409
6201
1282
3480
3481
6510
6399
705
3228
6185
6411
6223
1324
3497
3498
6512
6197
6415
6249
1366
3514
3515
6514
6405
747
3245
6293
6417
6275
1408
3531
3532
6516
6213
6419
6297
1450
3548
3549
6518
6421
789
3262
6227
6423
6321
1492
3565
3566
6520
6235
6425
6345
1534
3582
3583
831
3279
6247
6427
6203
1592
3607
3608
6522
6255
6429
6225
1634
3624
3625
6524
6441
889
3296
6265
6433
6229
1676
3641
3642
6526
6277
6435
6251
1718
3658
3659
6528
6445
931
3321
6285
6437
6279
1760
3675
3676
6530
6457
973
3338
1762
4849
4857
1767
3678
3679
4861
4863
1772
3680
3681
4867
4871
1777
3682
3683
4875
4883
1782
3684
3685
6532
6463
1015
3355
5033
4935
1787
3686
3687
5575
5329
1792
3688
3689
6473
1057
3372
6061
5795
1797
3690
3691
6439
6299
1802
3692
3693
6481
1099
3389
6487
1141
3406
1804
4891
4889
1809
3695
3696
4899
4901
1814
3697
3698
4909
4913
1819
3699
3700
4919
4915
1824
3701
3702
6534
6495
1183
3423
5035
4937
1829
3703
3704
5579
5341
1834
3705
3706
6507
1241
3440
6063
5825
1839
3707
3708
6443
6323
1844
3709
3710
6511
1283
3465
6513
1325
3482
1846
4921
4923
1851
3712
3713
4925
4939
1856
3714
3715
4941
4947
1861
3716
3717
4943
5049
1866
3718
3719
6536
6515
1367
3499
5047
5041
1871
3720
3721
5581
5487
1876
3722
3723
6517
1409
3516
6067
5967
1881
3724
3725
6447
6347
1886
3726
3727
6519
1451
3533
6521
1493
3550
1888
5065
5043
1895
3730
3731
5091
5051
1902
3733
3734
5115
5057
1909
3736
3737
5147
5059
1916
3739
3740
6538
6533
1535
3567
5173
5061
1923
3742
3743
5585
5203
1930
3745
3746
6523
1593
3584
6069
5797
1937
3748
3749
6449
6253
1944
3751
3752
6525
1635
3609
6527
1677
3626
1946
5075
5077
1951
3754
3755
5095
5081
1956
3756
3757
5117
5083
1961
3758
3759
5149
5087
1966
3760
3761
6540
6529
1719
3643
5175
5195
1971
3762
3763
5587
5293
1976
3764
3765
6531
1761
3660
6071
5801
1981
3766
3767
6451
6301
1986
3768
3769
6535
1803
3677
1988
5089
5105
1993
3771
3772
5103
5097
1998
3773
3774
5125
5099
2003
3775
3776
6542
6537
1845
3694
5153
5101
2008
3777
3778
5177
5119
2013
3779
3780
6539
1887
3711
5589
5347
2018
3781
3782
6075
5807
2023
3783
3784
6541
1945
3728
6453
6305
2028
3785
3786
6543
1987
3753
2030
5113
5107
2035
3788
3789
5121
5127
2040
3790
3791
5137
5131
2045
3792
3793
2029
3770
5163
5135
2050
3794
3795
5181
5139
2055
3796
3797
5591
5349
2060
3798
3799
6077
5831
2065
3800
3801
6455
6309
2070
3802
3803
2071
3787
2072
5145
5151
2077
3805
3806
5155
5157
2082
3807
3808
5161
5165
2087
3809
3810
5171
5183
2092
3811
3812
5185
5187
2097
3813
3814
5595
5351
2102
3815
3816
6079
5833
2107
3817
3818
6459
6311
2112
3819
3820
2113
3804
2114
5193
5191
2119
3822
3823
5205
5201
2124
3824
3825
5215
5219
2129
3826
3827
5223
5227
2134
3828
3829
5231
5239
2139
3830
3831
5597
5357
2144
3832
3833
6081
5961
2149
3834
3835
6461
6325
2154
3836
3837
2155
3821
2156
5245
5243
2161
3839
3840
5251
5255
2166
3841
3842
5259
5269
2171
3843
3844
5271
5273
2176
3845
3846
5277
5279
2181
3847
3848
5599
5359
2186
3849
3850
6085
5851
2191
3851
3852
6465
6327
2196
3853
3854
2197
3838
2198
5295
5297
2203
3856
3857
5299
5301
2208
3858
3859
5305
5315
2213
3860
3861
5317
5319
2218
3862
3863
5325
5321
2223
3864
3865
5603
5489
2228
3866
3867
6087
5969
2233
3868
3869
6467
2238
3870
3871
2239
3855
2240
5345
5323
2247
3874
3875
5365
5327
2254
3877
3878
5393
5331
2261
3880
3881
5419
5335
2268
3883
3884
5455
5339
2275
3886
3887
5625
5379
2282
3889
3890
6091
5865
2289
3892
3893
6471
6329
2296
3895
3896
2297
3872
2298
5353
5355
2303
3898
3899
5367
5361
2308
3900
3901
5395
5363
2313
3902
3903
5421
5369
2318
3904
3905
5457
5375
2323
3906
3907
5627
5405
2328
3908
3909
6093
5915
2333
3910
3911
6475
6339
2338
3912
3913
2339
3897
2340
5373
5371
2345
3915
3916
5389
5377
2350
3917
3918
5397
5381
2355
3919
3920
5423
5383
2360
3921
3922
5459
5391
2365
3923
3924
5629
5443
2370
3925
3926
6095
5971
2375
3927
3928
6477
6351
2380
3929
3930
2381
3914
2382
5401
5403
2387
3932
3933
5409
5413
2392
3934
3935
5411
5425
2397
3936
3937
5433
5429
2402
3938
3939
5461
5435
2407
3940
3941
5631
5463
2412
3942
3943
6097
5997
2417
3944
3945
6479
6355
2422
3946
3947
2423
3931
2424
5441
5439
2429
3949
3950
5451
5453
2434
3951
3952
5467
5471
2439
3953
3954
5469
5477
2444
3955
3956
5509
5493
2449
3957
3958
5635
5495
2454
3959
3960
6101
6003
2459
3961
3962
6483
6375
2464
3963
3964
2465
3948
2466
5501
5505
2471
3966
3967
5639
5655
2476
3968
3969
5645
5647
2481
3970
3971
5659
5653
2486
3972
3973
5669
5677
2491
3974
3975
5675
5697
2496
3976
3977
6103
6021
2501
3978
3979
6395
2506
3980
3981
2507
3965
2508
5683
5685
2513
3983
3984
5705
5707
2518
3985
3986
5709
5713
2523
3987
3988
5719
5743
2528
3989
3990
5733
5741
2533
3991
3992
5735
5753
2538
3993
3994
6105
6023
2543
3995
3996
6485
6403
2548
3997
3998
2549
3982
2550
5739
5755
2555
4000
4001
5759
5761
2560
4002
4003
5767
5763
2565
4004
4005
5777
5779
2570
4006
4007
5781
5783
2575
4008
4009
5787
5799
2580
4010
4011
6109
6033
2585
4012
4013
6489
6431
2590
4014
4015
2591
3999
2592
5829
5803
2599
4018
4019
5983
5809
2606
4021
4022
5871
5815
2613
4024
4025
5893
5819
2620
4027
4028
5917
5823
2627
4030
4031
5937
5827
2634
4033
4034
6113
5885
2641
4036
4037
6491
6335
2648
4039
4040
2649
4016
2650
5849
5835
2655
4042
4043
5855
5839
2660
4044
4045
5875
5841
2665
4046
4047
5897
5843
2670
4048
4049
5919
5845
2675
4050
4051
5939
5847
2680
4052
4053
6139
5953
2685
4054
4055
6493
6337
2690
4056
4057
2691
4041
2692
5853
5857
2697
4059
4060
5863
5859
2702
4061
4062
5877
5867
2707
4063
4064
5899
5869
2712
4065
4066
5921
5873
2717
4067
4068
5943
5881
2722
4069
4070
6119
5973
2727
4071
4072
6497
6353
2732
4073
4074
2733
4058
2734
5879
5883
2739
4076
4077
5887
5889
2744
4078
4079
5891
5895
2749
4080
4081
5905
5901
2754
4082
4083
5935
5903
2759
4084
4085
5945
5907
2764
4086
4087
6121
6169
2769
4088
4089
6499
6357
2774
4090
4091
2775
4075
2776
5913
5909
2781
4093
4094
5923
5925
2786
4095
4096
5927
5929
2791
4097
4098
5931
5933
2796
4099
4100
5947
5941
2801
4101
4102
5951
5949
2806
4103
4104
6125
6111
2811
4105
4106
6501
6385
2816
4107
4108
2817
4092
2818
5959
5955
2823
4110
4111
5977
5979
2828
4112
4113
5981
6117
2833
4114
4115
6127
6129
2838
4116
4117
6131
6137
2843
4118
4119
6135
6151
2848
4120
4121
6153
6159
2853
4122
4123
6503
6397
2858
4124
4125
2859
4109
2860
6157
6161
2865
4127
4128
6163
6181
2870
4129
4130
6183
6189
2875
4131
4132
6187
6207
2880
4133
4134
6205
6209
2885
4135
4136
6215
6211
2890
4137
4138
6237
6231
2895
4139
4140
6505
6413
2900
4141
4142
2901
4126
2902
6233
6239
2907
4144
4145
6257
6259
2912
4146
4147
6261
6263
2917
4148
4149
6267
6281
2922
4150
4151
6283
6289
2927
4152
4153
6359
6287
2932
4154
4155
6303
6307
2937
4156
4157
6509
6469
2942
4158
4159
2943
4143
