2
4
205
206
6
8
61
63
1716
110
112
1718
159
161
1146
1
3
1720
208
210
1722
287
289
1724
360
362
1726
433
435
1249
58
59
5
7
207
209
0
9
1147
1148
507
509
1728
807
809
1145
204
1723
211
1250
1251
107
108
60
62
1730
286
288
1732
57
1717
64
1175
1176
586
588
1734
896
898
1174
1736
285
1725
290
1290
1291
156
157
109
111
1738
359
361
1740
106
1719
113
1200
1201
659
661
1742
979
981
1199
1744
358
1727
363
1327
1328
505
506
158
160
1746
432
434
1748
155
1721
162
1225
1226
732
734
1750
1062
1064
1224
1752
431
436
1364
1365
11
13
508
510
587
589
1754
504
1729
511
1402
1403
660
662
1756
733
735
1401
1758
585
1735
590
1442
1443
1760
658
1743
1757
663
1479
1480
1762
731
1751
736
1516
1517
212
213
15
17
68
70
1764
117
119
1766
166
168
1150
805
806
1768
215
217
1770
292
294
1772
365
367
1774
438
440
1252
10
12
1776
808
810
1778
897
899
1780
804
1731
811
1554
1555
980
982
1782
1063
1065
1553
1784
895
1739
900
1597
1598
1786
978
1747
1783
983
1637
1638
1788
1061
1066
1677
1678
65
66
14
16
214
216
1779
18
1151
1152
514
516
1790
814
816
1149
1792
1733
1771
218
1253
1254
19
21
1144
20
22
219
221
1248
220
222
114
115
67
69
1794
291
293
1737
1765
71
1178
1179
591
593
1796
901
903
1177
1741
1773
295
1292
1293
72
74
1173
73
75
296
298
1289
297
299
163
164
116
118
1798
364
366
1745
1767
120
1203
1204
664
666
1800
984
986
1202
1749
1775
368
1329
1330
1802
121
123
1198
1804
122
124
1806
369
371
1326
512
513
165
167
1808
370
372
1810
437
439
1753
1769
169
1228
1229
737
739
1812
1067
1069
1227
1755
1777
441
1366
1367
1814
170
172
1223
1816
442
444
1363
1818
171
173
812
813
515
517
1820
443
445
592
594
1759
1791
518
1405
1406
665
667
1822
738
740
1404
1761
1797
595
1444
1445
1824
519
521
1400
1763
1801
1823
668
1481
1482
1826
596
598
1441
1828
520
522
1781
1813
741
1518
1519
1830
669
671
1478
1832
742
744
1515
815
817
37
39
902
904
1785
1795
818
1557
1558
1834
597
599
985
987
1836
1068
1070
1556
1787
1799
905
1599
1600
1838
819
821
1552
1789
1811
1837
988
1639
1640
1840
906
908
1596
1842
670
672
1793
1071
1679
1680
1844
989
991
1636
1846
1072
1074
1676
46
47
41
43
92
94
1848
141
143
1850
743
745
1852
190
192
1164
1854
820
822
253
255
1856
49
51
1858
98
100
1860
147
149
1862
196
198
1168
1864
907
909
1866
990
992
262
263
1868
257
259
1870
332
334
1872
405
407
1874
478
480
1274
1876
1073
1075
1878
26
27
1153
553
555
1880
265
267
1882
338
340
79
1884
1843
1886
1851
80
1180
1888
411
413
1890
484
486
1278
128
1892
1819
1894
1835
129
1205
177
1896
1821
1898
1829
178
1230
226
1900
1807
1902
1809
227
1255
562
563
1904
557
559
1906
632
634
303
1908
1803
1910
1805
304
1294
1912
705
707
1914
778
780
1426
376
1916
1815
1918
1817
377
1331
449
1920
1825
1922
1827
450
1368
526
1924
1831
1926
1833
527
1407
853
855
1928
565
567
1930
638
640
1932
711
713
603
1934
1839
1936
1841
604
1446
1938
784
786
1430
676
1940
1845
1942
1847
677
1483
749
1944
1855
750
1520
826
1946
1865
827
1559
862
863
1948
857
859
1950
942
944
1952
1025
1027
913
1954
1867
914
1601
1956
1108
1110
1578
996
1958
1877
997
1641
1079
1960
1879
1080
1681
1962
865
867
28
1964
1887
29
1157
1966
948
950
1968
1031
1033
1970
1114
1116
1582
81
1972
1895
82
1184
36
38
130
1974
1899
131
1209
89
90
40
42
48
50
1163
35
44
1165
1166
45
1859
52
1169
1170
53
54
1162
1976
179
1978
1903
180
1234
138
139
91
93
55
56
1167
97
99
1190
88
1849
95
1191
1192
1980
228
1982
1911
229
1259
96
1861
101
1194
1195
102
103
1189
187
188
140
142
1984
104
105
1193
146
148
1215
137
1853
144
1216
1217
1986
305
1988
1919
306
1298
145
1863
150
1219
1220
151
152
1214
252
254
189
191
1990
378
1992
1923
379
1335
153
154
1218
195
197
1240
186
1857
193
1241
1242
194
1869
199
1244
1245
1994
200
201
1239
1996
451
1998
1927
452
1372
329
330
256
258
202
203
1243
264
266
1273
251
1871
260
1275
1276
261
1883
268
1279
1280
2000
269
271
1272
2002
528
2004
1937
529
1411
402
403
331
333
273
275
1277
337
339
1312
328
1873
335
1313
1314
2006
605
2008
1943
606
1450
336
1889
341
1316
1317
342
344
1311
475
476
404
406
2010
346
348
1315
410
412
1349
401
1875
408
1350
1351
2012
678
679
1487
409
1891
414
1353
1354
415
417
1348
552
554
477
479
2014
751
752
1524
419
421
1352
483
485
1386
474
1881
481
1387
1388
482
1905
487
1390
1391
2016
488
490
1385
2018
828
829
1563
629
630
556
558
492
494
1389
564
566
1425
551
1907
560
1427
1428
561
1931
568
1431
1432
2020
569
571
1424
2022
915
916
1605
702
703
631
633
573
575
1429
637
639
1464
628
1913
635
1465
1466
2024
998
2026
1999
999
1645
636
1933
641
1468
1469
642
644
1463
775
776
704
706
2028
646
648
1467
710
712
1501
701
1915
708
1502
1503
2030
1081
2032
1973
1082
1685
709
1939
714
1505
1506
715
717
1500
852
854
777
779
2034
719
721
1504
2036
30
2038
1975
31
1158
783
785
1538
774
1929
781
1539
1540
782
1949
787
1542
1543
788
790
1537
939
940
856
858
2040
792
794
1541
864
866
1577
851
1951
860
1579
1580
2042
83
2044
1979
84
1185
861
1967
868
1583
1584
869
871
1576
1022
1023
941
943
2046
873
875
1581
947
949
1619
938
1953
945
1620
1621
946
1969
951
1623
1624
2048
952
954
1618
2050
132
2052
1983
133
1210
1105
1106
1024
1026
956
958
1622
1030
1032
1659
1021
1957
1028
1660
1661
1029
1971
1034
1663
1664
2054
1035
1037
1658
2056
181
2058
1989
182
1235
1107
1109
1039
1041
1662
1113
1115
1699
1104
1963
1111
1700
1701
1112
1117
1703
1704
2060
1118
1120
1698
2062
1122
1124
1702
2064
230
2066
1993
231
1260
307
2068
2005
308
1299
380
2070
2009
381
1336
453
454
1373
530
531
1412
607
608
1451
680
2072
2027
681
1488
753
2074
2033
754
1525
830
2076
2039
831
1564
917
918
1606
1000
1001
1646
1083
1084
1686
23
24
2078
1885
25
1154
1156
76
77
1893
78
1181
1183
125
126
1897
127
1206
1208
174
175
1901
176
1231
1233
223
224
1909
225
1256
1258
300
301
1917
302
1295
1297
373
374
1921
375
1332
1334
446
447
1925
448
1369
1371
523
524
1935
525
1408
1410
600
601
1941
602
1447
1449
673
674
1945
675
1484
1486
746
747
1947
748
1521
1523
235
236
312
313
385
386
458
459
32
33
2045
34
1159
1161
85
86
2053
87
1186
1188
134
135
2059
136
1211
1213
183
184
2067
185
1236
1238
232
233
2069
234
1261
1263
309
310
2071
311
1300
1302
382
383
384
1337
1339
455
456
457
1374
1376
237
238
1155
241
242
1257
314
315
1182
318
319
1296
387
388
1207
391
392
1333
460
461
1232
464
465
1370
823
824
1955
825
1560
1562
910
911
1959
912
1602
1604
993
994
1961
995
1642
1644
1076
1077
1965
1078
1682
1684
239
240
1265
243
244
1267
316
317
1304
320
321
1306
389
390
1341
393
394
1343
462
463
1378
466
467
1380
532
533
534
1413
1415
609
610
2073
611
1452
1454
682
683
2075
684
1489
1491
755
756
2077
757
1526
1528
535
536
612
613
685
686
758
759
270
2003
272
1281
274
2007
276
1283
277
1977
278
1171
279
2080
2082
2084
2086
2088
2090
2092
2094
2096
2098
2100
2102
2104
2106
2108
2110
2112
2114
2116
2118
2120
2122
2124
2126
2128
2130
2132
2134
2136
2138
2140
2142
2144
2146
2148
2150
1981
280
1172
343
2152
2011
2154
2149
345
1318
347
2156
2013
349
1320
350
2158
1985
2160
2147
351
1196
352
2162
1987
353
1197
416
2164
2015
2166
2145
418
1355
420
2168
2017
422
1357
423
2170
1991
2172
2143
424
1221
425
2174
1995
426
1222
489
2176
2019
2178
2141
491
1392
493
2180
2021
495
1394
496
2182
1997
2184
2139
497
1246
498
2186
2001
499
1247
537
2135
2137
538
1264
541
2133
542
1409
614
2129
2131
615
1303
618
2127
619
1448
687
2123
2125
688
1340
691
2121
692
1485
760
2117
2119
761
1377
764
2115
765
1522
832
833
834
1565
1567
919
920
921
1607
1609
1002
1003
1004
1647
1649
1085
1086
2079
1087
1687
1689
281
282
1282
1285
283
2151
2155
284
1284
1286
354
2157
2163
355
1319
1322
356
2161
2167
357
1321
1323
427
2169
2188
2190
2192
2194
2196
2198
2200
2202
2204
2206
2208
2210
2212
2214
2216
2218
2220
2175
428
1356
1359
429
2173
2222
2179
430
1358
1360
500
2181
2224
2187
501
1393
1396
502
2185
503
1395
1397
245
2111
2113
246
1262
1268
247
2109
2153
248
1160
1266
322
2107
2159
323
1301
1307
324
2105
2165
325
1187
1305
395
2103
2171
396
1338
1344
397
2101
2177
398
1212
1342
468
2099
2183
469
1375
1381
470
2097
2221
471
1237
1379
539
2219
540
1417
543
2217
544
1419
616
2215
617
1456
620
2213
621
1458
689
2211
690
1493
693
2209
694
1495
762
2207
763
1530
766
2205
767
1532
835
2203
2095
836
922
2201
2093
923
894
1005
2199
2091
1006
1088
2197
2089
1089
249
250
1269
1270
326
327
1308
1309
399
400
1345
1346
472
473
1382
1383
977
570
2226
2228
2230
2232
2234
2236
2238
2240
2242
2244
2246
2248
2250
2252
2254
2256
2258
2260
2262
2264
2266
2268
2270
2272
2023
572
1433
574
2274
2025
576
1435
577
2271
578
1287
579
580
1288
2269
1060
643
2276
2278
2280
2282
2029
2267
645
1470
647
2284
2031
649
1472
650
2265
651
1324
652
653
1325
2263
1143
716
2286
2288
2290
2292
2035
2261
718
1507
720
2294
2037
722
1509
723
2296
2298
2223
2259
724
1361
725
2300
2225
726
1362
789
2302
2304
2041
2257
791
1544
793
2306
2043
795
1546
796
2255
797
1398
798
2308
2310
2273
799
1399
837
2251
2253
838
1416
841
2249
842
1561
1568
924
2245
2247
925
1455
928
2243
929
1603
1610
1007
2241
2281
1008
1492
1011
2239
1012
1643
1650
1090
2237
2291
1091
1529
1094
2235
1095
1683
1690
545
2087
2279
546
1414
1420
547
2233
2277
548
1271
1418
622
2085
2289
623
1453
1459
624
2231
2287
625
1310
1457
695
2083
2297
696
1490
1496
697
2229
2303
698
1347
1494
768
2081
2309
769
1527
1533
770
2227
771
1384
1531
839
840
1569
843
844
1571
926
927
1611
930
931
1613
1009
1010
1651
1013
1014
1653
1092
1093
1691
1096
1097
1693
581
2312
2314
2316
2318
2320
2322
2324
2326
2328
2330
2332
2334
2336
2338
2340
2342
2344
2275
582
1434
1437
583
2283
584
1436
1438
654
2285
655
1471
1474
656
2293
657
1473
1475
727
2295
2346
2301
728
1508
1511
729
2299
2348
2305
730
1510
1512
800
2307
801
1545
1548
802
2311
2350
2345
803
1547
1549
549
2341
2343
550
1421
1422
626
2337
2339
627
1460
1461
699
2333
2335
700
1497
1498
772
2329
2331
773
1534
1535
845
2195
2327
846
1566
847
2325
848
1423
932
2193
2323
933
1608
934
2321
935
1462
1015
2191
2319
1016
1648
1017
2317
1018
1499
1098
2189
2315
1099
1688
1100
2313
1101
1536
870
2047
872
1585
874
2352
2354
2356
2358
2360
2362
2364
2366
2368
2370
2372
2374
2376
2378
2380
2382
2049
876
1572
1587
877
2381
878
1439
879
880
1440
1570
953
2384
2051
2379
955
1625
957
2386
2055
959
1614
1627
960
2377
961
1476
962
2388
2347
963
1477
1612
1036
2390
2057
2375
1038
1665
1040
2392
2061
1042
1654
1667
1043
2394
2349
2373
1044
1513
1045
1046
1514
1652
1119
2396
2063
2371
1121
1705
1123
2398
2065
1125
1694
1707
1126
2400
2351
2369
1127
1550
1128
1129
1551
1692
849
2365
2367
850
1573
1574
936
2361
2363
937
1615
1616
893
1019
2357
2359
1020
1655
1656
1102
2353
2355
1103
1695
1696
881
2402
2404
2406
2408
2410
2383
882
1586
1589
883
2385
884
1588
1590
964
2387
965
1626
1629
2409
976
966
2389
2412
2414
2391
967
1628
1630
1047
2393
1048
1666
1669
1049
2395
2397
1050
1668
1670
1130
2399
1131
1706
1709
2407
1059
1132
2416
2401
2418
2411
1133
1708
1710
885
2405
886
1575
968
2413
969
1617
1051
2417
1052
1657
2403
1142
1134
1135
1697
887
888
1591
889
890
1592
1593
970
2420
2422
2424
2415
971
1631
891
1594
972
973
1632
1633
1053
2423
1054
1671
1055
1056
1672
1673
1136
2419
2421
1137
1711
1138
1139
1712
1713
2425
892
1595
974
1634
975
1635
1057
1674
1058
1675
1140
1714
1141
1715
