2
4
401
402
6
8
61
63
6952
110
112
6954
159
161
6956
208
210
6958
257
259
6960
306
308
6962
355
357
4626
1
3
6964
404
406
6966
483
485
6968
556
558
6970
629
631
6972
702
704
6974
775
777
6976
848
850
6978
921
923
4829
58
59
5
7
403
405
0
9
4627
4628
995
997
6980
1587
1589
6982
2179
2181
6984
2771
2773
400
6967
407
4830
4831
3363
3365
6986
3955
3957
4625
107
108
6988
60
62
6990
482
484
6992
57
6953
64
4655
4656
1074
1076
6994
1666
1668
6996
2258
2260
6998
2850
2852
7000
481
6969
486
4870
4871
3442
3444
7002
4044
4046
4654
156
157
7004
109
111
7006
555
557
7008
106
6955
113
4680
4681
1147
1149
7010
1739
1741
7012
2331
2333
7014
2923
2925
7016
554
6971
559
4907
4908
3515
3517
7018
4127
4129
4679
205
206
7020
158
160
7022
628
630
7024
155
6957
162
4705
4706
1220
1222
7026
1812
1814
7028
2404
2406
7030
2996
2998
7032
627
6973
632
4944
4945
3588
3590
7034
4210
4212
4704
254
255
7036
207
209
7038
701
703
7040
204
6959
211
4730
4731
1293
1295
7042
1885
1887
7044
2477
2479
7046
3069
3071
7048
700
6975
705
4981
4982
3661
3663
7050
4293
4295
4729
303
304
7052
256
258
7054
774
776
7056
253
6961
260
4755
4756
1366
1368
7058
1958
1960
7060
2550
2552
7062
3142
3144
7064
773
6977
778
5018
5019
3734
3736
7066
4376
4378
4754
352
353
7068
305
307
7070
847
849
7072
302
6963
309
4780
4781
1439
1441
7074
2031
2033
7076
2623
2625
7078
3215
3217
7080
846
6979
851
5055
5056
3807
3809
7082
4459
4461
4779
993
994
7084
354
356
7086
920
922
7088
351
6965
358
4805
4806
1512
1514
7090
2104
2106
7092
2696
2698
7094
3288
3290
7096
919
924
5092
5093
3880
3882
7098
4542
4544
4804
11
13
996
998
1075
1077
7100
992
7102
6981
999
5130
5131
1148
1150
7104
1221
1223
7106
1073
6995
1078
5170
5171
1294
1296
7108
1367
1369
7110
1146
7011
7112
7105
1151
5207
5208
1440
1442
7114
1513
1515
5129
7116
1219
7027
1224
5244
5245
7118
1292
7043
7109
1297
5281
5282
408
409
15
17
7120
68
70
7122
117
119
7124
1365
7059
7126
7113
1370
5318
5319
166
168
7128
215
217
7130
1438
7075
7132
7115
1443
5355
5356
264
266
7134
313
315
7136
1511
7091
1516
5392
5393
362
364
4630
1585
1586
7138
411
413
7140
488
490
7142
561
563
7144
634
636
7146
707
709
7148
780
782
7150
853
855
7152
926
928
4832
10
12
7154
1588
1590
7156
1667
1669
7158
1584
6983
1591
5430
5431
1740
1742
7160
1813
1815
7162
1665
6997
1670
5470
5471
1886
1888
7164
1959
1961
7166
1738
7013
7168
7161
1743
5507
5508
2032
2034
7170
2105
2107
5429
7172
1811
7029
1816
5544
5545
7174
1884
7045
7165
1889
5581
5582
65
66
14
16
7176
410
412
7178
1002
1004
7180
1594
1596
7121
18
4631
4632
2186
2188
7182
2778
2780
7184
3370
3372
7186
3962
3964
4629
7188
6993
7190
7179
7157
414
4833
4834
19
21
4624
20
22
1957
7061
7169
1962
5618
5619
415
417
4828
2030
7077
7171
2035
5655
5656
114
115
67
69
416
418
7192
487
489
7194
7001
7123
71
4658
4659
1079
1081
7196
1671
1673
7198
2263
2265
7200
2855
2857
7202
7009
7143
491
4872
4873
72
74
4653
3447
3449
7204
4049
4051
4657
2103
7206
7093
2108
5692
5693
492
494
4869
73
75
163
164
116
118
7208
560
562
7017
7127
120
4683
4684
493
495
1152
1154
7210
1744
1746
7212
2336
2338
7214
2928
2930
7216
7025
7145
564
4909
4910
7218
121
123
4678
3520
3522
7220
4132
4134
4682
7222
565
567
4906
7224
122
124
212
213
7226
165
167
7228
633
635
7033
7129
169
4708
4709
1225
1227
7230
566
568
7232
1817
1819
7234
2409
2411
7236
3001
3003
7041
7147
637
4946
4947
7238
170
172
4703
3593
3595
7240
4215
4217
4707
7242
638
640
4943
7244
171
173
261
262
7246
214
216
7248
706
708
7049
7133
218
4733
4734
1298
1300
7250
1890
1892
7252
2482
2484
7254
639
641
7256
3074
3076
7057
7149
710
4983
4984
7258
219
221
4728
3666
3668
7260
4298
4300
4732
7262
711
713
4980
7264
220
222
310
311
7266
263
265
7268
779
781
7065
7135
267
4758
4759
1371
1373
7270
1963
1965
7272
2555
2557
7274
3147
3149
7073
7151
783
5020
5021
7276
268
270
4753
7278
712
714
3739
3741
7280
4381
4383
4757
7282
784
786
5017
7284
269
271
359
360
7286
312
314
7288
852
854
7081
7141
316
4783
4784
1444
1446
7290
2036
2038
7292
2628
2630
7294
3220
3222
7089
7153
856
5057
5058
7296
317
319
4778
3812
3814
7298
318
320
7300
4464
4466
4782
7302
857
859
5054
7304
785
787
1000
1001
7306
361
363
7308
925
927
7097
7139
365
4808
4809
1517
1519
7310
2109
2111
7312
2701
2703
7314
3293
3295
7101
7155
929
5094
5095
7316
366
368
4803
3885
3887
7318
4547
4549
4807
7320
367
369
7322
930
932
5091
7324
858
860
2177
2178
1003
1005
1080
1082
7107
7326
7181
1006
5133
5134
1153
1155
7328
1226
1228
7111
7197
1083
5172
5173
7330
1007
1009
5128
1299
1301
7332
1372
1374
7334
931
933
7117
7211
7336
7329
1156
5209
5210
7338
1084
1086
5169
1445
1447
7340
1518
1520
5132
7119
7233
1229
5246
5247
7342
1157
1159
5206
7125
7251
7333
1302
5283
5284
7344
1230
1232
5243
1592
1593
2180
2182
7346
1008
1010
7348
2259
2261
7350
2332
2334
7131
7271
7352
7337
1375
5320
5321
7354
1303
1305
5280
2405
2407
7137
7291
7356
7341
1448
5357
5358
7358
1376
1378
5317
7360
1085
1087
7159
7311
1521
5394
5395
7362
1449
1451
5354
2176
6985
7349
2183
5730
5731
7364
1522
1524
5391
2184
2185
1595
1597
2257
6999
7351
2262
5770
5771
7366
1158
1160
1672
1674
7368
1745
1747
7370
1818
1820
7372
2330
7015
7374
7353
2335
5807
5808
1891
1893
7376
1964
1966
7378
7163
7193
1598
5433
5434
2037
2039
7380
1231
1233
7382
2110
2112
5432
7384
7167
7199
7386
7369
1675
5472
5473
7388
1599
1601
5428
7173
7213
7371
1748
5509
5510
7390
1676
1678
5469
2187
2189
37
39
7392
1304
1306
7175
7235
7394
7375
1821
5546
5547
7396
1749
1751
5506
7398
1822
1824
5543
7400
1377
1379
46
47
41
43
7402
92
94
7404
141
143
7406
1450
1452
7408
190
192
7410
239
241
7412
288
290
7414
337
339
7416
386
388
4644
7418
1523
1525
449
451
7420
49
51
7422
98
100
7424
147
149
7426
196
198
7428
1600
1602
7430
245
247
7432
294
296
7434
343
345
7436
392
394
4648
7438
1677
1679
458
459
7440
453
455
7442
528
530
7444
601
603
7446
674
676
7448
26
7450
7367
27
4633
7452
747
749
7454
820
822
7456
893
895
79
7458
7347
7460
7361
80
4660
7462
966
968
4854
128
7464
7245
7466
7345
129
4685
1041
1043
7468
461
463
7470
534
536
177
7472
7255
7474
7265
178
4710
7476
607
609
7478
680
682
7480
753
755
226
7482
7277
7484
7279
227
4735
7486
826
828
7488
899
901
7490
972
974
4858
1750
1752
1050
1051
7492
1045
1047
7494
1120
1122
7496
1193
1195
7498
275
7500
7297
7502
7299
276
4760
7504
1266
1268
7506
1339
1341
324
7508
7303
7510
7305
325
4785
7512
1412
1414
7514
1485
1487
7516
1558
1560
5154
373
7518
7323
7520
7325
374
4810
422
7522
7225
7524
7231
423
4835
1633
1635
7526
1053
1055
7528
1126
1128
7530
1199
1201
1823
7532
7401
1825
7534
1272
1274
7536
1345
1347
7538
1418
1420
7189
7253
7540
7377
1894
5583
5584
7542
1895
1897
5580
1491
1493
7544
1564
1566
5158
7203
7273
1967
5620
5621
7546
1968
1970
5617
7548
1896
1898
1642
1643
1637
1639
7550
1712
1714
7552
1785
1787
7554
1858
1860
7556
499
7558
7219
7560
7223
500
4874
7562
1931
1933
1969
1971
7564
1645
1647
7566
572
7568
7239
7570
7243
573
4911
7572
1718
1720
7574
1791
1793
7576
1864
1866
7195
7293
7578
7383
2040
5657
5658
2041
2043
5654
7580
2042
2044
1937
1939
7582
2004
2006
7584
2010
2012
7586
2077
2079
7217
7313
7588
7387
2113
5694
5695
7590
2114
2116
5691
2083
2085
7592
2150
2152
5454
7594
2115
2117
7596
645
7598
7259
7600
7263
646
4948
718
7602
7283
7604
7285
719
4985
791
7606
7317
7608
7321
792
5022
864
7610
7331
7612
7335
865
5059
937
7614
7339
7616
7343
938
5096
1014
7618
7355
7620
7359
1015
5135
1091
7622
7363
7624
7365
1092
5174
1164
7626
7381
7628
7393
1165
5211
1237
7630
7389
7632
7391
1238
5248
1310
7634
7397
7636
7399
1311
5285
1383
7638
7407
1384
5322
1456
7640
7419
1457
5359
1529
7642
7429
1530
5396
1606
7644
7439
1607
5435
1683
7646
7449
7648
7451
1684
5474
1756
7650
7503
7652
7561
1757
5511
1829
7654
7547
7656
7549
1830
5548
1902
7658
7557
7660
7559
1903
5585
1975
7662
7571
1976
5622
2048
7664
7595
7666
7601
2049
5659
2121
7668
7597
7670
7599
2122
5696
28
7672
7461
29
4637
81
7674
7467
82
4664
36
38
130
7676
7475
131
4689
89
90
40
42
7678
48
50
4643
35
7680
7403
44
4645
4646
45
7423
52
4649
4650
53
54
4642
7682
179
7684
7485
180
4714
138
139
91
93
55
56
4647
97
99
4670
88
7405
95
4671
4672
7686
228
7688
7501
229
4739
96
7425
101
4674
4675
102
103
4669
187
188
140
142
7690
104
105
4673
146
148
4695
137
7409
144
4696
4697
7692
277
7694
7511
278
4764
145
7427
150
4699
4700
151
152
4694
236
237
189
191
7696
326
7698
7521
327
4789
153
154
4698
195
197
4720
186
7411
193
4721
4722
194
7431
199
4724
4725
7700
200
201
4719
7702
375
7704
7525
376
4814
285
286
238
240
202
203
4723
244
246
4745
235
7413
242
4746
4747
243
7433
248
4749
4750
7706
249
250
4744
7708
424
7710
7543
425
4839
334
335
287
289
251
252
4748
293
295
4770
284
7415
291
4771
4772
7712
501
7714
7569
502
4878
292
7435
297
4774
4775
298
299
4769
383
384
336
338
7716
300
301
4773
342
344
4795
333
7417
340
4796
4797
7718
574
7720
7591
575
4915
341
7437
346
4799
4800
347
348
4794
448
450
385
387
7722
647
7724
7605
648
4952
349
350
4798
391
393
4820
382
7421
389
4821
4822
390
7441
395
4824
4825
7726
396
397
4819
7728
720
7730
7609
721
4989
525
526
452
454
398
399
4823
460
462
4853
447
7443
456
4855
4856
457
7471
464
4859
4860
7732
465
467
4852
7734
793
7736
7613
794
5026
598
599
527
529
469
471
4857
533
535
4892
524
7445
531
4893
4894
7738
866
7740
7617
867
5063
532
7477
537
4896
4897
538
540
4891
671
672
600
602
7742
542
544
4895
606
608
4929
597
7447
604
4930
4931
7744
939
7746
7621
940
5100
605
7479
610
4933
4934
611
613
4928
744
745
673
675
7748
615
617
4932
7750
1016
7752
7625
1017
5139
679
681
4966
670
7453
677
4967
4968
678
7481
683
4970
4971
684
686
4965
7754
1093
7756
7629
1094
5178
817
818
746
748
688
690
4969
752
754
5003
743
7455
750
5004
5005
751
7487
756
5007
5008
7758
757
759
5002
7760
1166
7762
7633
1167
5215
890
891
819
821
761
763
5006
825
827
5040
816
7457
823
5041
5042
7764
1239
7766
7637
1240
5252
824
7489
829
5044
5045
830
832
5039
963
964
892
894
7768
834
836
5043
898
900
5077
889
7463
896
5078
5079
7770
1312
1313
5289
897
7491
902
5081
5082
903
905
5076
1040
1042
965
967
7772
907
909
5080
7774
1385
1386
5326
971
973
5114
962
7469
969
5115
5116
970
7493
975
5118
5119
976
978
5113
7776
1458
7778
7757
1459
5363
1117
1118
1044
1046
980
982
5117
1052
1054
5153
1039
7495
1048
5155
5156
1049
7529
1056
5159
5160
7780
1057
1059
5152
7782
1531
7784
7731
1532
5400
1190
1191
1119
1121
1061
1063
5157
1125
1127
5192
1116
7497
1123
5193
5194
7786
1608
7788
7649
1609
5439
1124
7531
1129
5196
5197
1130
1132
5191
1263
1264
1192
1194
7790
1134
1136
5195
1198
1200
5229
1189
7505
1196
5230
5231
7792
1685
7794
7653
1686
5478
1197
7535
1202
5233
5234
1203
1205
5228
1336
1337
1265
1267
7796
1207
1209
5232
7798
1758
7800
7657
1759
5515
1271
1273
5266
1262
7507
1269
5267
5268
1270
7537
1275
5270
5271
1276
1278
5265
7802
30
7804
7705
31
4638
1409
1410
1338
1340
1280
1282
5269
1344
1346
5303
1335
7513
1342
5304
5305
1343
7539
1348
5307
5308
7806
1349
1351
5302
1482
1483
1411
1413
7808
1353
1355
5306
1417
1419
5340
1408
7515
1415
5341
5342
7810
1831
7812
7661
1832
5552
1416
7541
1421
5344
5345
1422
1424
5339
7814
83
7816
7685
84
4665
1555
1556
1484
1486
1426
1428
5343
1490
1492
5377
1481
7517
1488
5378
5379
1489
7545
1494
5381
5382
7818
1495
1497
5376
1632
1634
1557
1559
7820
1499
1501
5380
1563
1565
5414
1554
7527
1561
5415
5416
7822
132
7824
7689
133
4690
1562
1567
5418
5419
1568
1570
5413
1709
1710
1636
1638
7826
1572
1574
5417
1644
1646
5453
1631
7551
1640
5455
5456
7828
1904
7830
7677
1905
5589
1641
7573
1648
5459
5460
1649
1651
5452
1782
1783
1711
1713
7832
1653
1655
5457
1717
1719
5492
1708
7553
1715
5493
5494
7834
181
7836
7695
182
4715
1716
7575
1721
5496
5497
1722
1724
5491
1855
1856
1784
1786
7838
1726
1728
5495
1790
1792
5529
1781
7555
1788
5530
5531
7840
230
7842
7699
231
4740
1789
7577
1794
5533
5534
1795
1797
5528
1928
1929
1857
1859
7844
1799
1801
5532
1863
1865
5566
1854
7563
1861
5567
5568
1862
7579
1867
5570
5571
7846
1868
1870
5565
7848
1977
7850
7667
1978
5626
1930
1932
1872
1874
5569
1936
1938
5603
1927
7565
1934
5604
5605
1935
7583
1940
5607
5608
7852
1941
1943
5602
7854
2050
7856
7671
2051
5663
2001
2002
1945
1947
5606
7858
279
7860
7711
280
4765
2003
2005
2009
2011
5640
2000
7585
2007
5641
5642
2008
7587
2013
5644
5645
2014
2016
5639
2074
2075
2076
2078
7862
2018
2020
5643
7864
328
7866
7715
329
4790
2082
2084
5677
2073
7589
2080
5678
5679
2081
7593
2086
5681
5682
2087
2089
5676
7868
2091
2093
5680
7870
2123
7872
7675
2124
5700
377
7874
7721
378
4815
426
7876
7725
427
4840
503
7878
7737
504
4879
576
7880
7741
577
4916
649
7882
7747
650
4953
722
7884
7753
723
4990
795
7886
7763
796
5027
868
7888
7767
869
5064
941
7890
7805
942
5101
1018
7892
7779
1019
5140
1095
7894
7785
1096
5179
1168
7896
7789
1169
5216
1241
7898
7795
1242
5253
1314
7900
7801
1315
5290
1387
1388
5327
1460
7902
7817
1461
5364
1533
1534
5401
1610
1611
5440
1687
1688
5479
1760
7904
7837
1761
5516
1833
1834
5553
1906
7906
7857
1907
5590
1979
7908
7861
1980
5627
2052
2053
5664
2125
7910
7875
2126
7912
23
24
7914
7459
25
4634
4636
2147
2148
5701
2149
2151
2146
7681
2153
5715
5716
2155
2157
5714
2156
2158
5458
2154
2159
5718
5719
2160
2162
5713
2164
2166
5717
7385
7183
7395
2190
5733
5734
7916
2191
2193
5728
7918
2192
2194
7920
76
77
7922
7465
78
4661
4663
2198
2199
5735
2200
2201
5739
125
126
7473
127
4686
4688
2224
2226
2225
2227
174
175
7483
176
4711
4713
2229
2231
2234
2235
223
224
7499
225
4736
4738
2237
2239
7924
2264
2266
7373
7201
2267
5772
5773
2268
2270
5769
2228
2230
2236
2238
5753
2223
2232
5755
5756
7926
7928
7930
7932
2269
2271
2233
7925
2240
5759
5760
7934
2241
2243
5752
7936
2245
2247
5757
2304
2306
2310
2312
7938
2337
2339
7379
7215
2340
5809
5810
7940
2275
2276
5774
2341
2343
5806
7942
2342
2344
7944
2277
2278
5778
2301
2302
272
273
7946
7509
274
4761
4763
321
322
7519
323
4786
4788
370
371
7523
372
4811
4813
2303
2305
2309
2311
5792
2300
2307
5793
5794
2348
2349
5811
2308
7939
2313
5796
5797
2314
2316
5791
2377
2379
2383
2385
7948
7950
7952
2350
2351
5815
2318
2320
5795
2403
7031
7954
7357
2408
5844
5845
2410
2412
7237
2413
5846
5847
2374
2375
7956
419
420
7958
7533
421
4836
4838
496
497
7567
498
4875
4877
569
570
7581
571
4912
4914
2376
2378
2382
2384
5829
2373
2380
5830
5831
642
643
7603
644
4949
4951
7960
2381
7955
2386
5833
5834
2387
2389
5828
715
716
7962
7964
7966
7968
7970
7607
717
4986
4988
2414
7961
2416
5843
7972
2391
2393
5832
2450
2452
2456
2458
7974
2478
2480
2476
7047
2481
5881
5882
2483
2485
7976
2415
2417
7978
2421
2422
5848
2423
2424
5852
788
789
7980
7611
790
5023
5025
861
862
7615
863
5060
5062
934
935
7619
936
5097
5099
2202
2203
5740
2279
2280
5779
2352
2353
5816
2425
2426
1011
1012
7982
7984
7986
7988
7623
1013
5136
5138
2447
2448
5853
2449
2451
2446
2453
5867
5868
2455
2457
5866
7990
2454
7975
2459
5870
5871
2460
2462
5865
2464
2466
5869
7991
7257
2486
5883
5884
7992
2487
2489
5880
7994
2488
2490
7996
1088
1089
7998
7627
1090
5175
5177
2494
2495
5885
2496
2497
5889
2498
2499
1161
1162
8000
8002
7631
1163
5212
5214
2520
2521
5890
2522
2524
2523
2525
2519
2526
5904
5905
2528
2530
5903
2529
2531
1234
1235
7635
1236
5249
5251
2527
2532
5907
5908
2533
2535
5902
2551
2553
1307
1308
7639
1309
5286
5288
2556
2558
8004
2596
2598
8006
2602
2604
2549
7063
2554
5918
5919
2537
2539
5906
2624
2626
1380
1381
8008
8010
8012
8014
7641
1382
5323
5325
8016
2629
2631
2622
7079
2627
5955
5956
2669
2671
1453
1454
7643
1455
5360
5362
8018
2697
2699
5729
7275
8020
8005
2559
5920
5921
2702
2704
5732
1526
1527
7645
1528
5397
5399
8022
2742
2744
5754
2769
2770
8024
2772
2774
8026
2695
7095
2700
5992
5993
2560
2562
5917
431
7917
7969
432
2675
2677
8028
8030
8032
8034
8036
8038
2561
2563
8027
7295
8040
8021
2632
5957
5958
7315
8023
2705
5994
5995
8042
2633
2635
5954
8044
2634
2636
8046
2567
2568
5922
2640
2641
5959
2569
2570
5926
2593
2594
2571
2572
5927
2595
2597
2601
2603
5940
2592
8007
2599
5941
5942
508
7933
7967
509
581
7931
7965
582
654
7929
7963
655
727
7927
7973
728
800
7953
7987
801
873
7951
7985
874
946
7949
7983
947
433
8037
8039
434
4635
437
8035
438
4837
510
511
4662
514
515
4876
583
584
4687
587
588
4913
656
657
4712
660
661
4950
729
730
4737
733
734
4987
802
803
4762
806
807
5024
875
876
4787
879
880
5061
948
949
4812
952
953
5098
1603
1604
8048
8050
8052
8054
8056
8058
8060
8062
8064
8066
8068
8070
8072
8074
8076
8078
8080
8082
8084
8086
8088
8090
8092
8094
8096
7647
1605
5436
5438
1680
1681
7651
1682
5475
5477
1753
1754
7655
1755
5512
5514
1826
1827
7659
1828
5549
5551
1899
1900
7663
1901
5586
5588
1972
1973
7665
1974
5623
5625
2045
2046
7669
2047
5660
5662
2118
2119
7673
2120
5697
5699
435
8095
436
4845
439
8093
440
4847
512
8091
513
4884
516
8089
517
4886
585
8087
586
4921
589
8085
590
4923
658
8083
659
4958
662
8081
663
4960
731
8079
732
4995
735
8077
736
4997
804
8075
805
5032
808
8073
809
5034
877
8071
878
5069
881
8069
882
5071
950
8067
951
5106
954
8065
955
5108
1023
8063
7993
1024
1100
8061
8001
1101
1173
8059
8013
1174
1246
8057
8011
1247
1319
8055
8009
1320
466
8098
8100
8102
8104
8106
8108
8110
8112
8114
8116
8118
8120
8122
8124
8126
8128
8130
8132
8134
8136
8138
8140
8142
8144
8146
8148
8150
8152
8154
8156
8158
8160
8162
8164
8166
8168
8170
8172
8174
7735
468
4861
1392
8053
8033
1393
470
8176
8178
8180
8182
7739
472
4863
473
8184
7683
8186
8173
474
4651
475
8188
7687
476
4652
539
8190
7743
8192
8171
541
4898
543
8194
7745
545
4900
1465
8051
8031
1466
546
8196
8198
8200
8202
8204
7691
8169
547
4676
548
8206
7693
549
4677
612
8208
8210
7749
8167
614
4935
616
8212
7751
618
4937
619
8214
8216
7697
8165
620
4701
621
8218
7701
622
4702
685
8220
8222
7755
8163
687
4972
1538
8049
8029
1539
689
8224
8226
8228
8230
7759
691
4974
692
8232
8234
7703
8161
693
4726
694
8236
7707
695
4727
758
8238
8240
7761
8159
760
5009
762
8242
7765
764
5011
765
8244
8246
7709
8157
766
4751
767
8248
7713
768
4752
831
8250
8252
7769
8155
833
5046
835
8254
7771
837
5048
838
8256
8258
7717
8153
839
4776
840
8260
7719
841
4777
904
8262
8264
7773
8151
906
5083
908
8266
7775
910
5085
911
8268
8270
7723
8149
912
4801
913
8272
7727
914
4802
977
8274
8276
7777
8147
979
5120
981
8278
7781
983
5122
984
8280
8282
7729
8145
985
4826
986
8284
7733
987
4827
1025
8141
8143
1026
4844
1029
8139
1030
5137
1102
8135
8137
1103
4883
1106
8133
1107
5176
1175
8129
8131
1176
4920
1179
8127
1180
5213
1248
8123
8125
1249
4957
1252
8121
1253
5250
1321
8117
8119
1322
4994
1325
8115
1326
5287
1394
8179
8181
1395
5031
1398
8177
1399
5324
1467
8201
8203
1468
5068
1471
8199
1472
5361
1540
8227
8229
1541
5105
1544
8225
1545
5398
32
33
7813
34
4639
4641
85
86
7825
87
4666
4668
134
135
7831
136
4691
4693
183
184
7843
185
4716
4718
232
233
7851
234
4741
4743
281
282
7867
283
4766
4768
330
331
7873
332
4791
4793
379
380
7877
381
4816
4818
428
429
7879
430
4841
4843
505
506
7881
507
4880
4882
578
579
7883
580
4917
4919
651
652
7885
653
4954
4956
724
725
7887
726
4991
4993
797
798
7889
799
5028
5030
870
871
7891
872
5065
5067
943
944
7893
945
5102
5104
477
478
4862
4865
479
480
4864
4866
550
8207
551
4899
4902
552
8205
8211
553
4901
4903
623
8213
8286
8288
8290
8292
8294
8296
8298
8300
8302
8304
8306
8308
8310
8312
8314
8316
8318
8320
8322
8324
8326
8328
8330
8332
8334
8336
8338
8340
8342
8344
8346
8348
8350
8352
8354
8356
8358
8360
8362
8364
8366
8368
8219
624
4936
4939
625
8217
8223
626
4938
4940
696
8231
8370
8237
697
4973
4976
698
8235
8372
8241
699
4975
4977
769
8243
8374
8249
770
5010
5013
2195
2196
8195
2197
5736
5738
771
8376
8247
8378
8253
772
5012
5014
2272
2273
8193
2274
5775
5777
842
8380
8255
8382
8261
843
5047
5050
2345
2346
7979
2347
5812
5814
844
8384
8259
8386
8265
845
5049
5051
2418
2419
7981
2420
5849
5851
915
8388
8267
8390
8273
916
5084
5087
2491
2492
8189
2493
5886
5888
917
8392
8271
8394
8277
918
5086
5088
2564
2565
8187
2566
5923
5925
988
8396
8279
8398
8285
989
5121
5124
8400
2600
8017
2605
5944
5945
2606
2608
5939
2610
2612
5943
8402
2637
2638
8404
8183
2639
5960
5962
2642
8406
8175
2643
5963
2644
2645
8408
990
8410
8283
991
5123
5125
2666
2667
5964
2668
2670
2665
8019
2672
5978
5979
2674
2676
5977
1027
8367
1028
5145
1031
8365
1032
5147
1104
8363
1105
5184
1108
8361
1109
5186
1177
8359
1178
5221
1181
8357
1182
5223
1250
8355
1251
5258
1254
8353
1255
5260
1323
8351
1324
5295
1327
8349
1328
5297
1396
8347
1397
5332
1400
8345
1401
5334
1469
8343
1470
5369
1473
8341
1474
5371
1542
8339
1543
5406
1546
8337
1547
5408
1615
8335
8113
1616
1692
8333
8111
1693
1765
8331
8109
1766
1058
7783
1060
5161
1062
8412
8414
8416
8418
8420
8422
8424
8426
8428
8430
8432
8434
8436
8438
8440
8442
8444
8446
8448
8450
8452
8454
8456
8458
8460
7787
1064
5163
1065
8459
1066
4867
1067
1068
4868
1131
8462
8464
7791
8466
8457
1133
5198
1838
8329
8107
1839
1135
8468
8470
8472
8474
7793
1137
5200
1138
8455
1139
4904
1140
8476
8478
8369
1141
4905
1204
8480
7797
8482
8453
1206
5235
1208
8484
7799
1210
5237
1911
8327
8105
1912
1211
8451
1212
4941
1213
8486
8488
8490
8492
8494
8371
1214
4942
1277
8496
7803
8498
8449
1279
5272
1281
8500
7807
1283
5274
1284
8502
8373
8504
8447
1285
4978
1286
8506
8375
1287
4979
1350
8508
7809
8510
8445
1352
5309
1984
8325
8103
1985
1354
8512
8514
8516
8518
7811
1356
5311
1357
8520
8379
8522
8443
1358
5015
1359
8524
8383
1360
5016
1423
8526
7815
8528
8441
1425
5346
1427
8530
7819
1429
5348
2057
8323
8101
2058
1430
8532
8534
8536
8538
8387
8540
8439
1431
5052
1432
8542
8391
1433
5053
1496
8544
7821
8546
8437
1498
5383
1500
8548
7823
1502
5385
1503
8550
8395
8552
8435
1504
5089
1505
8554
8399
1506
5090
1569
8556
7827
8558
8433
1571
5420
2130
8321
8099
2131
1573
8560
8562
8564
8566
7829
1575
5422
1576
8568
8411
8570
8431
1577
5126
1578
1579
5127
1020
1021
7895
1022
5141
5143
1097
1098
7897
1099
5180
5182
1170
1171
7899
1172
5217
5219
1243
1244
7901
1245
5254
5256
1316
1317
7947
1318
5291
5293
1389
1390
7903
1391
5328
5330
1462
1463
7945
1464
5365
5367
1535
1536
7943
1537
5402
5404
1617
8427
8429
1618
5144
1621
8425
1622
5437
1694
8421
8423
1695
5183
1698
8419
1699
5476
1767
8415
8417
1768
5220
1771
8413
1772
5513
1840
8471
8473
1841
5257
1844
8469
1845
5550
1913
8491
8493
1914
5294
1917
8489
1918
5587
1986
8515
8517
1987
5331
1990
8513
1991
5624
2059
8537
8539
2060
5368
2063
8535
2064
5661
2132
8563
8565
2133
5405
2136
8561
2137
5698
1069
8572
8574
8576
8578
8580
8582
8584
8586
8588
8590
8592
8594
8596
8598
8600
8602
8604
8606
8608
8610
8612
8614
8616
8618
8620
8622
8624
8626
8628
8630
8632
8634
8636
8461
1070
5162
5165
1071
8467
1072
5164
5166
1142
8475
1143
5199
5202
1144
8479
8638
8483
1145
5201
5203
1215
8485
1216
5236
5239
1217
8495
8640
8499
1218
5238
5240
1288
8501
8642
8507
1289
5273
5276
1290
8505
8644
8511
1291
5275
5277
1361
8519
8646
8525
1362
5310
5313
1363
8523
8648
8529
1364
5312
5314
1434
8531
8650
8543
1435
5347
5350
1436
8541
8652
8547
1437
5349
5351
1507
8549
8654
8555
1508
5384
5387
1509
8553
8656
8559
1510
5386
5388
1580
8567
1581
5421
5424
2673
2678
5981
5982
2679
2681
5976
2683
2685
5980
8658
2706
8401
2708
5991
8660
2707
2709
8662
2710
2711
2712
5999
8664
2713
2714
5996
5997
2715
2716
6000
2717
2718
1582
8666
8571
1583
5423
5425
1619
8637
1620
5445
1623
8635
1624
5447
1696
8633
1697
5484
1700
8631
1701
5486
1769
8629
1770
5521
1773
8627
1774
5523
1842
8625
1843
5558
1846
8623
1847
5560
1915
8621
1916
5595
1919
8619
1920
5597
1988
8617
1989
5632
1992
8615
1993
5634
2061
8613
2062
5669
2065
8611
2066
5671
2134
8609
2135
5706
2138
8607
2139
5708
1612
1613
7935
1614
5441
5443
1689
1690
7905
1691
5480
5482
1762
1763
7923
1764
5517
5519
1835
1836
7907
1837
5554
5556
1908
1909
7909
1910
5591
5593
1981
1982
7915
1983
5628
5630
2054
2055
7911
2056
5665
5667
2127
2128
7913
2129
5702
5704
441
8319
8185
442
4842
4848
443
8317
8191
444
4640
4846
518
8315
8197
519
4881
4887
520
8313
8209
521
4667
4885
591
8311
8215
592
4918
4924
593
8309
8221
594
4692
4922
664
8307
8233
665
4955
4961
666
8305
8239
667
4717
4959
737
8303
8245
738
4992
4998
739
8301
8251
740
4742
4996
810
8299
8257
811
5029
5035
812
8297
8263
813
4767
5033
883
8295
8269
884
5066
5072
885
8293
8275
886
4792
5070
956
8291
8281
957
5103
5109
958
8287
8289
959
4817
5107
2207
8605
8377
2208
2284
8603
8381
2285
2357
8601
8385
2358
1650
8668
8670
8672
8674
8676
8678
8680
8682
8684
8686
8688
8690
8692
8694
8696
8698
8700
8702
8704
8706
8708
8710
8712
8714
8716
8718
8720
8722
8724
8726
8728
8730
8732
8734
8736
8738
8740
8742
8744
8746
8748
8750
8752
8754
8756
8758
8760
8762
8764
7833
1652
5461
1654
8766
7835
1656
5463
1657
8763
1658
5167
1659
1660
5168
1723
8768
8770
8772
7839
8761
1725
5498
2430
8599
8389
2431
1727
8774
8776
8778
8780
7841
1729
5500
1730
8782
8639
8784
8759
1731
5204
1732
1733
5205
1796
8786
8788
7845
8757
1798
5535
1800
8790
7847
1802
5537
2503
8597
8393
2504
1803
8792
8794
8796
8798
8641
8800
8755
1804
5241
1805
8802
8643
1806
5242
1869
8804
8806
7849
8753
1871
5572
1873
8808
7853
1875
5574
1876
8810
8645
8812
8751
1877
5278
1878
8814
8647
1879
5279
1942
8816
8818
7855
8749
1944
5609
2576
8595
8397
2577
1946
8820
8822
8824
8826
7859
1948
5611
1949
8828
8649
8830
8747
1950
5315
1951
8832
8651
1952
5316
2015
8834
8836
7863
8745
2017
5646
2019
8838
7865
2021
5648
2649
8593
8407
2650
2022
8840
8842
8844
8846
8653
8848
8743
2023
5352
2024
8850
8655
2025
5353
2088
8852
8854
7869
8741
2090
5683
2092
8856
7871
2094
5685
2095
8858
8657
8860
8739
2096
5389
2097
2098
5390
2161
8862
8864
7921
8737
2163
5720
2722
8591
8665
2723
2165
8866
8868
8870
8872
7919
2167
5722
2168
8874
8876
8663
8735
2169
5426
2170
2171
5427
445
8731
8733
446
4849
4850
522
8727
8729
523
4888
4889
595
8723
8725
596
4925
4926
668
8719
8721
669
4962
4963
741
8715
8717
742
4999
5000
814
8711
8713
815
5036
5037
887
8707
8709
888
5073
5074
960
8703
8705
961
5110
5111
2209
8699
8701
2210
5444
2213
8697
2214
5737
2286
8693
8695
2287
5483
2290
8691
2291
5776
2359
8687
8689
2360
5520
2363
8685
2364
5813
2432
8777
8779
2433
5557
2436
8775
2437
5850
2505
8797
8799
2506
5594
2509
8795
2510
5887
2578
8823
8825
2579
5631
2582
8821
2583
5924
2651
8845
8847
2652
5668
2655
8843
2656
5961
2724
8869
8871
2725
5705
2728
8867
2729
5998
2204
2205
8047
2206
5741
5743
2739
8765
2740
6001
2741
2743
2738
8025
2745
6015
6016
2747
2749
6014
2748
2750
5758
2746
2751
6018
6019
2752
2754
6013
8878
8880
8882
8884
8886
8888
8890
8892
8894
8896
8898
8900
8902
8904
8906
8908
8910
8912
8914
8916
8918
8920
8922
8924
8926
8928
8930
8932
8934
8936
8938
8940
8942
8944
8946
2756
2758
6017
2768
6991
8041
2775
6030
6031
2776
2777
2779
2781
7185
2782
6033
6034
8948
2783
2785
6028
8950
2784
2786
2787
2788
2789
6038
8952
8954
2790
2791
6035
6036
2792
2793
6039
2794
2795
2281
2282
8045
2283
5780
5782
2354
2355
7999
2356
5817
5819
2816
2818
6040
2817
2819
2820
2822
2821
2823
2815
2824
6055
6056
2826
2827
2828
2830
6053
2829
2831
2825
2832
6059
6060
2833
2835
6052
2427
2428
7989
2429
5854
5856
2851
2853
2849
7007
2854
6070
6071
2856
2858
2837
2839
6057
2896
2898
8956
2902
2904
8958
2924
2926
2500
2501
8960
8962
8964
8966
8003
2502
5891
5893
8968
2929
2931
2922
7023
2927
6107
6108
2969
2971
2573
2574
8097
2575
5928
5930
8970
2997
2999
7209
8972
8969
2859
6072
6073
2975
2977
2646
2647
8409
2648
5965
5967
8974
3002
3004
8976
3042
3044
8978
2995
7039
3000
6144
6145
2860
2862
6069
2719
2720
8980
8982
8984
8986
8667
2721
6002
6004
3070
3072
8988
3075
3077
3068
7055
3073
6181
6182
2861
2863
3048
3050
8990
3115
3117
8992
3121
3123
8994
8979
7229
8996
8973
2932
6109
6110
3143
3145
8998
3141
7071
3146
6218
6219
3148
3150
9000
2933
2935
6106
9002
2934
2936
8999
7249
9004
8977
3005
6146
6147
9006
8995
7269
3078
6183
6184
9008
3006
3008
6143
9010
3007
3009
9012
2867
2868
6074
2940
2941
6111
3013
3014
6148
2869
2870
6078
2942
2943
6115
2893
2894
2871
2872
6079
2895
2897
2901
2903
6092
2892
8957
2899
6093
6094
9014
2900
8959
2905
6096
6097
2906
2908
6091
2966
2967
2968
2970
9016
2910
2912
6095
9018
2944
2945
6116
2974
2976
6129
2965
8971
2972
6130
6131
2973
8975
2978
6133
6134
2979
2981
6128
9020
2983
2985
6132
9022
3015
3016
6152
3017
3018
9024
2864
2865
2866
6075
6077
2937
2938
2939
6112
6114
3010
3011
3012
6149
6151
1661
8767
1662
5462
5465
3039
3040
6153
3041
3043
3038
8989
3045
6167
6168
3047
3049
6166
3046
8991
3051
6170
6171
3052
3054
6165
3056
3058
6169
3079
9015
3081
6180
3080
3082
3083
3084
3085
6188
9026
9028
9030
9032
9034
3086
3087
6185
6186
3088
3089
6189
3090
3091
1663
8773
9036
9013
1664
5464
5466
1734
8781
9038
9011
1735
5499
5502
3112
3113
6190
3114
3116
3111
8993
3118
6204
6205
3120
3122
6203
1736
8785
8789
1737
5501
5503
3119
8997
3124
6207
6208
3125
3127
6202
1807
9040
8791
9042
8803
1808
5536
5539
3188
3190
3194
3196
9044
3216
3218
1809
8801
9046
8807
1810
5538
5540
9048
3221
3223
1880
8809
9050
8815
1881
5573
5576
9052
3261
3263
3214
7087
3219
6255
6256
3129
3131
6206
1882
9054
8813
9056
8819
1883
5575
5577
1953
8827
9058
8833
1954
5610
5613
3289
3291
6029
1955
8831
9060
8837
1956
5612
5614
3361
3362
9062
3364
3366
2026
8839
9064
8851
2027
5647
5650
3368
3369
3287
7177
3292
6292
6293
3409
3411
3294
3296
6032
2028
8849
9066
8855
2029
5649
5651
3418
3419
2099
8857
9068
9009
2100
5684
5687
9070
3443
3445
2101
8861
9072
8865
2102
5686
5688
9074
3360
6987
3367
6330
6331
3371
3373
2172
8873
9076
8955
2173
5721
5724
2174
8877
9078
8951
2175
5723
5725
9080
3516
3518
1033
8589
8465
1034
5142
5148
1035
8945
8463
1036
4851
5146
9082
3448
3450
9084
3441
7003
3446
6370
6371
1110
8587
8477
1111
5181
5187
1112
8943
8481
1113
4890
5185
3521
3523
1183
8585
8487
1184
5218
5224
1185
8941
8497
1186
4927
5222
9086
3589
3591
1256
8583
8503
1257
5255
5261
9088
3514
7019
9090
9083
3519
6407
6408
1258
8939
8509
1259
4964
5259
3594
3596
1329
8581
8521
1330
5292
5298
1331
8937
8527
1332
5001
5296
9092
3662
3664
1402
8579
8533
1403
5329
5335
1404
8935
8545
1405
5038
5333
9094
3667
3669
1475
8577
8551
1476
5366
5372
9096
3587
7035
3592
6444
6445
1477
8933
8557
1478
5075
5370
1548
8575
8569
1549
5403
5409
3735
3737
1550
8931
8573
1551
5112
5407
2211
8929
2212
5745
9098
3334
3336
6054
9100
3660
7051
9102
9095
3665
6481
6482
2215
8927
2216
5747
3267
3269
2288
8925
2289
5784
2292
8923
2293
5786
9104
3340
3342
6058
2361
8921
2362
5821
2365
8919
2366
5823
9106
9007
7289
9108
9005
3151
6220
6221
3413
3415
2434
8917
2435
5858
2438
8915
2439
5860
9110
3421
3423
2507
8913
2508
5895
9112
3488
3490
2511
8911
2512
5897
7309
9114
9053
3224
6257
6258
3152
3154
6217
2580
8909
2581
5932
3494
3496
9116
9118
9120
9122
9124
9126
9128
9130
9132
9134
9136
9138
9140
9142
9144
9146
9148
9150
9152
9154
9156
9158
9160
9162
9164
9166
9168
3153
3155
9075
7679
9170
9071
3297
6294
6295
9172
3225
3227
6254
9085
7187
9081
3374
6333
6334
9174
3298
3300
6291
9176
3226
3228
9178
3375
3377
6328
9180
3299
3301
9182
3159
3160
6222
3232
3233
6259
3305
3306
6296
3161
3162
6226
3234
3235
6263
3185
3186
3163
3164
6227
3187
3189
3193
3195
6240
3184
9049
3191
6241
6242
3192
9045
3197
6244
6245
3198
3200
6239
3258
3259
3260
3262
9184
3202
3204
6243
9186
3236
3237
6264
3266
3268
6277
3257
9063
3264
6278
6279
3265
3270
6281
6282
3271
3273
6276
9188
3275
3277
6280
9190
3307
3308
6300
3309
3310
9192
3156
3157
3158
6223
6225
3229
3230
3231
6260
6262
3302
3303
3304
6297
6299
2584
8907
2585
5934
2653
8905
2654
5969
2657
8903
2658
5971
2726
8901
2727
6006
2730
8899
2731
6008
1037
9167
9169
1038
5149
5150
1114
9163
9165
1115
5188
5189
1187
9159
9161
1188
5225
5226
1260
9155
9157
1261
5262
5263
1333
9151
9153
1334
5299
5300
1406
9147
9149
1407
5336
5337
1479
9143
9145
1480
5373
5374
1552
9139
9141
1553
5410
5411
2799
8897
8953
2800
2876
8895
9033
2877
2949
8893
9031
2950
2242
7937
9137
2244
5761
2246
7941
2248
5763
2249
9135
2250
5467
2251
9194
9196
9198
9200
9202
9204
9206
9208
9210
9212
9214
9216
9218
9220
9222
9224
9226
9228
9230
9232
9234
9236
9238
9240
9242
9244
9246
9183
2252
5468
2315
9248
7959
9250
9133
2317
5798
3022
8891
9029
3023
2319
9252
9254
9256
9258
7957
2321
5800
2322
9260
9179
9262
9131
2323
5504
2324
9264
9177
2325
5505
2388
9266
7971
9268
9129
2390
5835
2392
9270
7977
2394
5837
3095
8889
9027
3096
2395
9272
9274
9276
9278
9175
9280
9127
2396
5541
2397
9282
9051
2398
5542
2461
9284
7997
9286
9125
2463
5872
2465
9288
7995
2467
5874
2468
9290
9057
9292
9123
2469
5578
2470
9294
9059
2471
5579
2534
9296
8043
9298
9121
2536
5909
3168
8887
9245
3169
2538
9300
9302
9304
9306
8015
2540
5911
2541
9308
9061
9310
9119
2542
5615
2543
9312
9065
2544
5616
2607
9314
8405
9316
9243
2609
5946
2611
9318
8403
2613
5948
3241
8885
9241
3242
2614
9320
9322
9324
9326
9067
9328
9117
2615
5652
2616
9330
9069
2617
5653
2680
9332
8661
9334
9239
2682
5983
2684
9336
8659
2686
5985
2687
9338
9073
9340
9237
2688
5689
2689
9342
9077
2690
5690
2753
9344
8947
9346
9235
2755
6020
3314
8883
9233
3315
2757
9348
9350
9352
9354
8949
2759
6022
2760
9356
9079
9358
9231
2761
5726
2762
9360
9173
2763
5727
2796
2797
9003
2798
6041
6043
3331
3332
6301
3333
3335
3330
9105
3337
6315
6316
3339
3341
6314
3338
9109
3343
6318
6319
3344
3346
6313
3348
3350
6317
9362
9364
3376
9366
9181
3378
9368
3379
3380
3381
6338
9370
3382
3383
6335
6336
3384
3385
6339
3386
3387
2873
2874
9372
9047
2875
6080
6082
2946
2947
9043
2948
6117
6119
3408
3410
6340
3412
3414
3407
9111
3416
6355
6356
3420
3422
6353
3417
9113
3424
6359
6360
3425
3427
6352
3429
3431
6357
9089
7205
9091
3451
6372
6373
3019
3020
9374
9376
9378
9025
3021
6154
6156
3092
3093
9039
3094
6191
6193
3561
3563
3567
3569
9097
7221
9380
9087
3524
6409
6410
3452
3454
6369
9382
9384
3453
3455
9386
3525
3527
6406
9388
3526
3528
9390
3459
3460
6374
3461
3462
6378
3485
3486
3463
3464
6379
3487
3489
3484
9115
3491
6393
6394
3493
3495
6392
3456
3457
3458
6375
6377
3492
9171
3497
6396
6397
3498
3500
6391
3165
3166
3167
6228
6230
3502
3504
6395
9392
9394
9396
3532
3533
6411
3534
3535
6415
3536
3537
3529
3530
3531
6412
6414
3238
3239
3240
6265
6267
3558
3559
6416
3560
3562
3557
3564
6430
6431
3566
3568
6429
3565
9381
3570
6433
6434
3571
3573
6428
3575
3577
6432
9101
7241
9093
3597
6446
6447
3311
3312
9193
3313
6302
6304
3634
3636
3640
3642
1625
8683
8771
1626
5442
5448
9398
3707
3709
9400
3713
3715
3733
7067
9402
9103
3738
6518
6519
3740
3742
3598
3600
6443
1627
9229
8769
1628
5151
5446
9404
9406
9408
9410
9412
9414
3599
3601
9107
7261
9416
9099
3670
6483
6484
9418
3671
3673
6480
9420
3672
3674
9422
3605
3606
6448
3607
3608
6452
3631
3632
3609
3610
6453
3633
3635
3630
3637
6467
6468
3639
3641
6466
3602
3603
3604
6449
6451
9424
3638
9399
3643
6470
6471
3644
3646
6465
1702
8681
8783
1703
5481
5487
3675
3676
3677
6488
3648
3650
6469
9426
9428
9430
9432
3678
3679
6485
6486
3680
3681
6489
3682
3683
1704
9227
8787
1705
5190
5485
1775
8679
8793
1776
5518
5524
3704
3705
6490
3706
3708
3703
9401
3710
6504
6505
3712
3714
6503
1777
9225
8805
1778
5227
5522
1848
8677
8811
1849
5555
5561
3711
9403
3716
6507
6508
3717
3719
6502
1850
9223
8817
1851
5264
5559
1921
8675
8829
1922
5592
5598
3780
3782
3786
3788
9434
3808
3810
1923
9221
8835
1924
5301
5596
1994
8673
8841
1995
5629
5635
9436
3813
3815
1996
9219
8853
1997
5338
5633
9438
3853
3855
3806
7083
3811
6555
6556
9440
9442
9444
9446
9448
9450
9452
9454
3721
3723
6506
2067
8671
8859
2068
5666
5672
2069
9217
8863
2070
5375
5670
3881
3883
6329
2140
8669
8875
2141
5703
5709
2142
9215
8881
2143
5412
5707
9456
3886
3888
6332
2801
9211
9213
2802
5744
3879
7099
3884
6592
6593
2805
9209
2806
6037
3926
3928
6354
3953
3954
2878
9205
9207
2879
5783
2882
9203
2883
6076
2951
9199
9201
2952
5820
9458
3956
3958
2955
9197
2956
6113
3024
9255
9257
3025
5857
9460
9425
7281
9462
9417
3743
6520
6521
3859
3861
3960
3961
3028
9253
3029
6150
3097
9277
9279
3098
5894
9464
3963
3965
4001
4003
3101
9275
3102
6187
3170
9303
9305
3171
5931
9466
3932
3934
6358
4010
4011
3174
9301
3175
6224
9468
3952
6989
3959
6630
6631
9470
9472
9474
9476
9478
9480
9482
9484
9486
9488
9490
9492
9494
9496
9498
9500
9502
9504
9506
9508
9510
9512
9514
9516
3744
3746
6517
3243
9325
9327
3244
5968
3247
9323
3248
6261
4005
4007
9518
9520
9522
9524
3745
3747
9526
4013
4015
9469
7301
9528
9439
3816
6557
6558
4045
4047
9530
4043
7005
4048
6673
6674
4050
4052
9532
3817
3819
6554
9534
3818
3820
9461
7319
9536
9463
3889
6594
6595
9538
9531
7191
9467
3966
6633
6634
9540
3890
3892
6591
9542
3967
3969
6628
9544
3891
3893
9546
3751
3752
6522
3824
3825
6559
3897
3898
6596
3753
3754
6526
3826
3827
6563
3777
3778
3755
3756
6527
3779
3781
3785
3787
6540
3776
9437
3783
6541
6542
3784
9435
3789
6544
6545
3790
3792
6539
3850
3851
3852
3854
9548
3794
3796
6543
9550
3828
3829
6564
3858
3860
6577
3849
9457
3856
6578
6579
3857
9465
3862
6581
6582
3863
3865
6576
9552
3867
3869
6580
9554
3899
3900
6600
3901
3902
3748
3749
3750
6523
6525
3821
3822
3823
6560
6562
3894
3895
3896
6597
6599
3316
9351
9353
3317
6005
3320
9349
3321
6298
2253
9391
9547
2254
5762
5765
3923
3924
6601
3925
3927
3922
9459
3929
6615
6616
3931
3933
6614
3930
3935
6618
6619
3936
3938
6613
3940
3942
6617
3968
9556
9558
9560
9562
9564
9566
9568
9545
3970
3971
3972
3973
6638
9570
9572
3974
3975
6635
6636
3976
3977
6639
3978
3979
2255
9247
9574
9251
2256
5764
5766
4000
4002
6640
4004
4006
3999
9527
4008
6655
6656
4012
4014
6653
2326
9259
9265
2327
5799
5802
2328
9263
9576
9269
2329
5801
5803
9539
7207
9537
4053
6675
6676
4017
4019
6652
4090
4092
4096
4098
9578
4128
4130
2399
9580
9271
9582
9283
2400
5836
5839
2401
9281
9584
9287
2402
5838
5840
9586
4133
4135
2472
9289
9588
9295
2473
5873
5876
9590
4211
4213
4126
7021
4131
6713
6714
4054
4056
6672
2474
9592
9293
9594
9299
2475
5875
5877
4055
4057
4173
4175
9596
4216
4218
4209
7037
4214
6753
6754
4179
4181
9598
4256
4258
7227
9600
9591
4136
6715
6716
4294
4296
9602
4262
4264
4061
4062
6677
9604
4299
4301
9606
4292
7053
4297
6793
6794
4137
4139
6712
4339
4341
9608
4345
4347
9610
4138
4140
9607
7247
9612
9603
4219
6755
6756
7267
4302
6795
6796
9614
4220
4222
6752
9616
4303
4305
6792
4009
9529
4016
6659
6660
9618
4221
4223
9620
4021
4023
6657
9622
4304
4306
9624
4144
4145
6717
4227
4228
6757
4063
4064
6681
4146
4147
6721
4087
4088
4065
4066
6682
4170
4171
4089
4091
4095
4097
6695
4086
9587
4093
6696
6697
4094
9579
4099
6699
6700
4100
4102
6694
4172
4174
9626
4104
4106
6698
9628
4148
4149
6722
4178
4180
6735
4169
9597
4176
6736
6737
4177
9599
4182
6739
6740
4183
4185
6734
9630
4187
4189
6738
9632
4229
4230
6761
4253
4254
4231
4232
6762
4255
4257
4252
9601
4259
6776
6777
4261
4263
6775
4058
4059
4060
6678
6680
4260
9605
4265
6779
6780
4266
4268
6774
4141
4142
4143
6718
6720
4270
4272
6778
4377
4379
4375
7069
4380
6833
6834
4382
4384
9634
9636
9638
4310
9625
4311
6797
7287
4385
6835
6836
4312
4313
6801
4336
4337
4314
4315
6802
4338
4340
4335
9609
4342
6816
6817
4344
4346
6815
4224
4225
4226
6758
6760
9640
4343
9613
4348
6819
6820
4349
4351
6814
4307
4308
4309
6798
6800
4422
4424
4428
4430
9642
4460
4462
4386
9641
4388
6832
4458
7085
4463
6873
6874
4465
4467
9644
9646
4353
4355
6818
9648
4505
4507
9650
4387
4389
7307
4468
6875
6876
9652
4469
4471
6872
9654
4470
4472
9656
4393
4394
6837
4395
4396
6841
4419
4420
4397
4398
6842
4421
4423
4418
9649
4425
6856
6857
4427
4429
6855
4390
4391
4392
6838
6840
4426
9643
4431
6859
6860
4432
4434
6854
4473
4474
4475
6880
9658
9660
4436
4438
6858
4511
4513
9662
4543
4545
6629
4541
7103
4546
6913
6914
4548
4550
6632
9664
4476
4477
6877
6878
7327
4551
6915
6916
4478
4479
6881
4502
4503
4480
4481
6882
4504
4506
4501
4508
6896
6897
4510
4512
6895
2545
9307
9666
9313
2546
5910
5913
2547
9311
9668
9317
2548
5912
5914
4552
4554
6912
4553
4555
4509
9663
4514
6899
6900
9670
4515
4517
6894
9672
4519
4521
6898
4588
4590
6654
4594
4596
6658
9674
4559
4560
6917
4561
4562
6921
4585
4586
4563
4564
6922
4587
4589
4584
4591
6936
6937
4593
4595
6935
4556
4557
4558
6918
6920
4592
4597
6939
6940
4598
4600
6934
9676
2618
9678
9319
9680
9331
2619
5947
5950
2620
9329
9682
9335
2621
5949
5951
2691
9337
9684
9343
2692
5984
5987
4602
4604
6938
2693
9686
9341
9688
9347
2694
5986
5988
2764
9355
9690
9361
2765
6021
6024
2766
9359
9692
9389
2767
6023
6025
1629
9411
9413
1630
5449
5450
1706
9431
9515
1707
5488
5489
1779
9453
9455
1780
5525
5526
1852
9449
9451
1853
5562
5563
1925
9445
9447
1926
5599
5600
1998
9441
9443
1999
5636
5637
2071
9511
9513
2072
5673
5674
2144
9507
9509
2145
5710
5711
2803
9505
2804
6045
2807
9503
2808
6047
2880
9501
2881
6084
2884
9499
2885
6086
2953
9497
2954
6121
2957
9495
2958
6123
3026
9493
3027
6158
3030
9491
3031
6160
3099
9489
3100
6195
3103
9487
3104
6197
3172
9485
3173
6232
3176
9483
3177
6234
3245
9523
3246
6269
3249
9521
3250
6271
3318
9567
3319
6306
3322
9565
3323
6308
3388
3389
9373
3390
6341
6343
3465
3466
9543
3467
6380
6382
3538
3539
9423
3540
6417
6419
3611
3612
9541
3613
6454
6456
3684
3685
9535
3686
6491
6493
3757
3758
9621
3759
6528
6530
3830
3831
9619
3832
6565
6567
3903
3904
9617
3905
6602
6604
2217
8879
9195
2218
5742
5748
2219
9249
2220
5451
5746
2294
8965
9261
2295
5781
5787
2296
9267
2297
5490
5785
2367
8963
9273
2368
5818
5824
2369
9285
2370
5527
5822
2440
8961
9291
2441
5855
5861
2442
9297
2443
5564
5859
2513
8985
9309
2514
5892
5898
2515
9315
2516
5601
5896
2586
8983
9321
2587
5929
5935
2588
9333
2589
5638
5933
2659
8981
9339
2660
5966
5972
2661
9345
2662
5675
5970
2732
9001
9357
2733
6003
6009
2734
9365
2735
5712
6007
3391
9481
9371
3392
3468
9479
9395
3469
3541
9477
9409
3542
3614
9475
9429
3615
3687
9473
9427
3688
3760
9471
9563
3761
3833
9519
9561
3834
3906
9557
9559
3907
2834
9694
9696
9698
9700
9702
9704
9706
9708
9710
9712
9714
9716
9718
9720
9722
9724
9726
9728
9730
9732
9734
9736
9738
9740
9742
9744
9746
9748
9750
9752
9754
9756
9758
9760
9762
9764
9766
9768
9770
9772
9774
9776
9778
9780
9782
9784
9786
9788
9790
9792
9794
9796
9798
9800
9802
9804
9806
9808
9810
9812
9814
9816
9818
9820
8987
2836
6061
2838
9822
8967
2840
6063
2841
9824
9615
9826
9819
2842
5767
2843
9828
9595
2844
5768
2907
9830
9017
9832
9817
2909
6098
2911
9834
9019
2913
6100
2914
9836
9577
9838
9815
2915
5804
2916
9840
9583
2917
5805
2980
9842
9021
9844
9813
2982
6135
2984
9846
9023
2986
6137
2987
9848
9585
9850
9811
2988
5841
2989
9852
9589
2990
5842
3053
9854
9037
9856
9809
3055
6172
3057
9858
9035
3059
6174
3060
9860
9593
9862
9807
3061
5878
3062
9864
9611
3063
5879
3126
9866
9041
9868
9805
3128
6209
3130
9870
9055
3132
6211
3133
9803
3134
5915
3135
3136
5916
3199
9872
9874
9185
9876
9801
3201
6246
3203
9878
9187
3205
6248
3206
9799
3207
5952
3208
3209
5953
3272
9880
9882
9884
9189
9797
3274
6283
3276
9886
9191
3278
6285
3279
9795
3280
5989
3281
9888
9890
9691
3282
5990
3345
9892
9894
9369
9793
3347
6320
3349
9896
9367
3351
6322
3352
9898
9900
9693
9791
3353
6026
3354
9902
9821
3355
6027
2221
9787
9789
2222
5749
5750
2298
9783
9785
2299
5788
5789
2371
9779
9781
2372
5825
5826
2444
9775
9777
2445
5862
5863
2517
9771
9773
2518
5899
5900
2590
9767
9769
2591
5936
5937
2663
9763
9765
2664
5973
5974
2736
9759
9761
2737
6010
6011
3393
9755
9757
3394
6044
3397
9753
3398
6337
3470
9749
9751
3471
6083
3474
9747
3475
6376
3543
9743
9745
3544
6120
3547
9741
3548
6413
3616
9737
9739
3617
6157
3620
9735
3621
6450
3689
9731
9733
3690
6194
3693
9729
3694
6487
3762
9725
9727
3763
6231
3766
9723
3767
6524
3835
9719
9721
3836
6268
3839
9717
3840
6561
3908
9713
9715
3909
6305
3912
9711
3913
6598
3980
3981
9575
3982
6641
6643
4067
4068
9689
4069
6683
6685
4150
4151
9685
4152
6723
6725
4233
4234
9683
4235
6763
6765
4316
4317
9657
4318
6803
6805
4399
4400
9671
4401
6843
6845
4482
4483
9669
4484
6883
6885
4565
4566
9681
4567
6923
6925
2845
9904
9906
9908
9910
9912
9914
9916
9918
9920
9922
9924
9926
9928
9930
9932
9934
9936
9938
9940
9942
9944
9946
9948
9950
9952
9954
9956
9958
9960
9962
9964
9966
9968
9970
9972
9974
9976
9978
9980
9982
9984
9986
9823
9988
9829
2846
6062
6065
2847
9827
9990
9833
2848
6064
6066
2918
9835
9992
9841
2919
6099
6102
2920
9839
9994
9845
2921
6101
6103
2991
9847
9996
9853
2992
6136
6139
2993
9851
9998
9857
2994
6138
6140
3064
9859
10000
9865
3065
6173
6176
3066
9863
10002
9869
3067
6175
6177
3137
9871
3138
6210
6213
3139
9877
3140
6212
6214
3210
9879
3211
6247
6250
3212
9885
3213
6249
6251
3283
9887
10004
9989
3284
6284
6287
3285
9891
10006
9895
3286
6286
6288
3356
9897
10008
9903
3357
6321
6324
3358
9901
10010
9987
3359
6323
6325
2809
9363
9825
2810
6042
6048
2811
9985
9831
2812
5751
6046
2886
9377
9837
2887
6081
6087
2888
9983
9843
2889
5790
6085
2959
9375
9849
2960
6118
6124
2961
9981
9855
2962
5827
6122
3032
9385
9861
3033
6155
6161
3034
9979
9867
3035
5864
6159
3105
9383
9875
3106
6192
6198
3107
9977
9873
3108
5901
6196
3178
9393
9883
3179
6229
6235
3180
9975
9881
3181
5938
6233
3251
9407
9889
3252
6266
6272
3253
9973
9893
3254
5975
6270
3324
9405
9899
3325
6303
6309
3326
9969
9971
3327
6012
6307
3395
9967
3396
6345
3399
9965
3400
6347
3472
9963
3473
6384
3476
9961
3477
6386
3545
9959
3546
6421
3549
9957
3550
6423
3618
9955
3619
6458
3622
9953
3623
6460
3691
9951
3692
6495
3695
9949
3696
6497
3764
9947
3765
6532
3768
9945
3769
6534
3837
9943
3838
6569
3841
9941
3842
6571
3910
9939
3911
6606
3914
9937
3915
6608
3983
9935
9571
3984
4070
9933
9637
4071
4042
4153
9931
9635
4154
4236
9929
9647
4237
4319
9927
9645
4320
4402
9925
9661
4403
2813
2814
6049
6050
2890
2891
6088
6089
4125
2963
2964
6125
6126
3036
3037
6162
6163
3109
3110
6199
6200
3182
3183
6236
6237
3255
3256
6273
6274
3328
3329
6310
6311
4208
4485
9923
9659
4486
3426
10012
10014
10016
10018
10020
10022
10024
10026
10028
10030
10032
10034
10036
10038
10040
10042
10044
10046
10048
10050
10052
10054
10056
10058
10060
10062
10064
10066
10068
10070
10072
10074
10076
10078
10080
10082
10084
10086
10088
10090
10092
10094
10096
10098
10100
9387
3428
6361
3430
10102
9379
3432
6363
3433
10104
9991
10099
3434
6067
3435
10106
9993
3436
6068
10097
4291
4568
9921
9677
4569
3499
10108
10110
10112
10114
10116
10118
9421
10095
3501
6398
3503
10120
9397
3505
6400
3506
10122
10124
9995
10093
3507
6104
10091
4374
3508
10126
10128
9997
3509
6105
3572
10130
10132
9419
10089
3574
6435
3576
10134
9415
3578
6437
3579
10136
10138
9999
10087
3580
6141
10085
4457
3581
10140
10142
10001
3582
6142
3645
10144
10146
9533
10083
3647
6472
3649
10148
9433
3651
6474
3652
10150
10152
10003
10081
3653
6178
10079
4540
3654
3655
6179
3718
10154
10156
10158
9525
10077
3720
6509
3722
10160
9517
3724
6511
3725
10075
3726
6215
10117
4623
3727
3728
6216
3791
10162
10164
10166
10168
9549
10073
3793
6546
3795
10170
9551
3797
6548
3798
10071
3799
6252
3800
10172
10174
10005
3801
6253
3864
10176
10178
9553
10069
3866
6583
3868
10180
9555
3870
6585
3871
10182
10184
10007
10067
3872
6289
3873
10186
10009
3874
6290
3937
10188
10190
9573
10065
3939
6620
3941
10192
9569
3943
6622
3944
10194
10196
10011
10063
3945
6326
3946
10198
10101
3947
6327
3985
10059
10061
3986
6344
3989
10057
3990
6637
6644
4072
10053
10055
4073
6383
4076
10051
4077
6679
6686
4155
10047
10049
4156
6420
4159
10045
4160
6719
6726
4238
10043
10115
4239
6457
4242
10041
4243
6759
6766
4321
10039
10127
4322
6494
4325
10037
4326
6799
6806
4404
10035
10141
4405
6531
4408
10033
4409
6839
6846
4487
10031
10157
4488
6568
4491
10029
4492
6879
6886
4570
10113
10167
4571
6605
4574
10111
4575
6919
6926
3401
9709
10105
3402
6342
6348
3403
10027
10109
3404
6051
6346
3478
9707
10123
3479
6381
6387
3480
10025
10131
3481
6090
6385
3551
9705
10137
3552
6418
6424
3553
10023
10145
3554
6127
6422
3624
9703
10151
3625
6455
6461
3626
10021
10155
3627
6164
6459
3697
9701
10165
3698
6492
6498
3699
10019
10163
3700
6201
6496
3770
9699
10173
3771
6529
6535
3772
10017
10177
3773
6238
6533
3843
9697
10183
3844
6566
6572
3845
10015
10189
3846
6275
6570
3916
9695
10195
3917
6603
6609
3918
10013
3919
6312
6607
3987
3988
6645
3991
3992
6647
4074
4075
6687
4078
4079
6689
4157
4158
6727
4161
4162
6729
4240
4241
6767
4244
4245
6769
4323
4324
6807
4327
4328
6809
4406
4407
6847
4410
4411
6849
4489
4490
6887
4493
4494
6889
4572
4573
6927
4576
4577
6929
3437
10200
10202
10204
10206
10208
10210
10212
10214
10216
10218
10220
10222
10224
10226
10228
10230
10232
10234
10236
10238
10240
10242
10244
10246
10248
10250
10252
10254
10256
10258
10260
10262
10264
10103
3438
6362
6365
3439
10107
10266
10119
3440
6364
6366
3510
10121
10268
10129
3511
6399
6402
3512
10125
10270
10133
3513
6401
6403
3583
10135
10272
10143
3584
6436
6439
3585
10139
10274
10147
3586
6438
6440
3656
10149
3657
6473
6476
3658
10153
10276
10159
3659
6475
6477
3729
10161
3730
6510
6513
3731
10169
3732
6512
6514
3802
10171
3803
6547
6550
3804
10175
10179
3805
6549
6551
3875
10181
10278
10187
3876
6584
6587
3877
10185
10280
10191
3878
6586
6588
3948
10193
10282
10199
3949
6621
6624
3950
10197
10284
10265
3951
6623
6625
3405
10261
10263
3406
6349
6350
3482
10257
10259
3483
6388
6389
3555
10253
10255
3556
6425
6426
3628
10249
10251
3629
6462
6463
3701
10245
10247
3702
6499
6500
3774
10241
10243
3775
6536
6537
3847
10237
10239
3848
6573
6574
3920
10233
10235
3921
6610
6611
3993
9919
10231
3994
6642
3995
10229
3996
6351
4080
9917
10227
4081
6684
4082
10225
4083
6390
4163
9915
10223
4164
6724
4165
10221
4166
6427
4246
9913
10219
4247
6764
4248
10217
4249
6464
4329
9911
10215
4330
6804
4331
10213
4332
6501
4412
9909
10211
4413
6844
4414
10209
4415
6538
4495
9907
10207
4496
6884
4497
10205
4498
6575
4578
9905
10203
4579
6924
4580
10201
4581
6612
4018
10286
10288
10290
10292
10294
10296
10298
10300
10302
10304
10306
10308
10310
10312
10314
10316
10318
10320
10322
10324
10326
10328
10330
10332
10334
10336
10338
10340
10342
10344
10346
10348
9581
4020
6661
4022
10350
9623
4024
6648
6663
4025
10267
10352
10347
4026
6367
4027
10354
10269
4028
6368
6646
4101
9627
10356
10345
4103
6701
4105
10358
9629
4107
6690
6703
4108
10271
10360
10343
4109
6404
4110
10362
10273
4111
6405
6688
4184
10364
9631
10341
4186
6741
4188
10366
9633
4190
6730
6743
4191
10275
10368
10339
4192
6441
4193
4194
6442
6728
4267
10370
9655
10337
4269
6781
4271
10372
9639
4273
6770
6783
4274
10277
10374
10335
4275
6478
4276
4277
6479
6768
4350
10376
9653
10333
4352
6821
4354
10378
9651
4356
6810
6823
4357
10331
4358
6515
4359
4360
6516
6808
4433
9667
10380
10329
4435
6861
4437
10382
9665
4439
6850
6863
4440
10327
4441
6552
4442
10384
10279
4443
6553
6848
4516
9673
10386
10325
4518
6901
4520
10388
9675
4522
6890
6903
4523
10281
10390
10323
4524
6589
4525
10392
10283
4526
6590
6888
4599
9679
10394
10321
4601
6941
4603
10396
9687
4605
6930
6943
4606
10398
10285
10319
4607
6626
4608
10400
10349
4609
6627
6928
3997
10315
10317
3998
6649
6650
4084
10311
10313
4085
6691
6692
4041
4167
10307
10309
4168
6731
6732
4250
10303
10305
4251
6771
6772
4333
10299
10301
4334
6811
6812
4416
10295
10297
4417
6851
6852
4499
10291
10293
4500
6891
6892
4582
10287
10289
4583
6931
6932
4124
4029
10402
10404
10406
10408
10410
10412
10414
10416
10351
10418
10355
4030
6662
6665
4031
10353
10420
10357
4032
6664
6666
4112
10359
10422
10363
4113
6702
6705
4114
10361
10424
10365
4115
6704
6706
10417
4207
4195
10426
10428
10367
4196
6742
6745
4197
10369
10430
10371
4198
6744
6746
4278
10373
4279
6782
6785
4280
10375
10377
4281
6784
6786
10415
4290
4361
10432
10434
10379
4362
6822
6825
4363
10381
4364
6824
6826
4444
10383
4445
6862
6865
4446
10385
10436
10387
4447
6864
6866
10413
4373
4527
10389
10438
10440
10393
4528
6902
6905
4529
10391
10442
10395
4530
6904
6906
4610
10397
10444
10401
4611
6942
6945
4612
10399
10446
10419
4613
6944
6946
10411
4456
4033
10409
4034
6651
4116
10407
4117
6693
4199
10427
4200
6733
4282
10433
4283
6773
10405
4539
4365
10439
4366
6813
4448
4449
6853
4531
4532
6893
4614
10403
4615
4622
6933
4035
10421
4036
6667
4037
10448
10450
10452
10454
10456
10458
10460
10462
10423
4038
6668
6669
4118
10464
10425
10461
4119
6707
4120
10466
10429
4121
6708
6709
4039
6670
4201
10431
10459
4202
6747
4203
4204
6748
6749
4284
10457
4285
6787
4286
10468
10435
4287
6788
6789
4367
10455
4368
6827
4040
6671
4369
10465
4370
6828
6829
4450
10437
10470
10453
4451
6867
4452
10472
10441
4453
6868
6869
4533
10443
10474
10451
4534
6907
4535
10476
10445
4536
6908
6909
10467
4122
6710
4616
10447
10478
10449
4617
6947
4618
10480
10463
4619
6948
6949
4123
6711
4205
6750
4206
6751
10469
4288
6790
4289
6791
4371
6830
10471
4372
6831
10473
4454
6870
10475
4455
6871
10477
4537
6910
10479
4538
6911
10481
4620
6950
4621
6951
