2
4
6
8
61
63
6952
110
112
401
402
6954
159
161
6956
208
210
6958
257
259
6960
306
308
6962
355
357
4626
6964
404
406
6966
483
485
6968
556
558
1
3
6970
629
631
6972
702
704
6974
775
777
6976
848
850
6978
921
923
4829
5
7
403
405
6980
995
997
6982
1587
1589
6984
2179
2181
58
59
6986
2771
2773
0
9
4627
4628
3363
3365
6988
3955
3957
4625
400
6990
6981
6967
407
4830
4831
60
62
6992
482
484
6994
1074
1076
6996
1666
1668
6998
2258
2260
107
108
7000
2850
2852
7002
57
6953
64
4655
4656
3442
3444
7004
4044
4046
4654
7006
481
7008
6995
6969
486
4870
4871
109
111
7010
555
557
7012
1147
1149
7014
1739
1741
7016
2331
2333
156
157
7018
2923
2925
7020
106
6955
113
4680
4681
3515
3517
7022
4127
4129
4679
7024
554
7026
7013
6971
559
4907
4908
158
160
7028
628
630
7030
1220
1222
7032
1812
1814
7034
2404
2406
205
206
7036
2996
2998
7038
155
6957
162
4705
4706
3588
3590
7040
4210
4212
4704
7042
627
7044
7031
6973
632
4944
4945
207
209
7046
701
703
7048
1293
1295
7050
1885
1887
7052
2477
2479
254
255
7054
3069
3071
7056
204
6959
211
4730
4731
3661
3663
7058
4293
4295
4729
7060
700
7062
7049
6975
705
4981
4982
256
258
7064
774
776
7066
1366
1368
7068
1958
1960
7070
2550
2552
303
304
7072
3142
3144
7074
253
6961
260
4755
4756
3734
3736
7076
4376
4378
4754
7078
773
7080
7067
6977
778
5018
5019
305
307
7082
847
849
7084
1439
1441
7086
2031
2033
7088
2623
2625
352
353
7090
3215
3217
7092
302
6963
309
4780
4781
3807
3809
7094
4459
4461
4779
7096
846
7098
7085
6979
851
5055
5056
354
356
7100
920
922
7102
1512
1514
7104
2104
2106
7106
2696
2698
993
994
7108
3288
3290
7110
351
6965
358
4805
4806
3880
3882
7112
4542
4544
4804
7114
919
7116
7103
924
5092
5093
996
998
1075
1077
7118
1148
1150
11
13
7120
1221
1223
7122
992
6983
999
5130
5131
1294
1296
7124
1367
1369
7126
1073
6997
7128
7119
1078
5170
5171
1440
1442
7130
1513
1515
5129
7132
1146
7015
7134
7121
1151
5207
5208
7136
1219
7033
1224
5244
5245
15
17
68
70
7138
117
119
7140
1292
7051
7142
7125
1297
5281
5282
408
409
166
168
7144
215
217
7146
1365
7069
7148
7129
1370
5318
5319
264
266
7150
313
315
7152
1438
7087
7154
7131
1443
5355
5356
362
364
4630
7156
1511
7105
7158
7135
1516
5392
5393
411
413
7160
488
490
7162
561
563
1585
1586
7164
634
636
7166
707
709
7168
780
782
7170
853
855
7172
926
928
4832
7174
1588
1590
7176
1667
1669
7178
1740
1742
10
12
7180
1813
1815
7182
1584
6985
1591
5430
5431
1886
1888
7184
1959
1961
7186
1665
6999
7188
7179
1670
5470
5471
2032
2034
7190
2105
2107
5429
7192
1738
7017
7194
7181
1743
5507
5508
7196
1811
7035
1816
5544
5545
14
16
7177
18
4631
4632
410
412
7198
7003
7161
414
4833
4834
1002
1004
7200
1594
1596
7202
2186
2188
65
66
7204
2778
2780
19
21
4624
7206
3370
3372
20
22
7208
3962
3964
4629
415
417
4828
23
24
25
4636
1884
7210
7053
7185
1889
5581
5582
1957
7071
7189
1962
5618
5619
67
69
7212
7007
7139
71
4658
4659
487
489
7214
7021
7163
491
4872
4873
416
418
1079
1081
7216
1671
1673
7218
2263
2265
114
115
7220
2855
2857
72
74
4653
7222
3447
3449
7224
4049
4051
4657
419
420
421
4838
492
494
4869
431
432
433
434
4635
437
438
4837
435
436
4845
2030
7226
7089
7191
2035
5655
5656
439
440
4847
2103
7107
7195
2108
5692
5693
116
118
7228
7025
7143
120
4683
4684
73
75
560
562
7230
7039
7165
564
4909
4910
1152
1154
7232
1744
1746
7234
2336
2338
163
164
7236
2928
2930
7238
7240
7242
7244
121
123
4678
7246
3520
3522
7248
4132
4134
4682
76
77
78
4663
7250
7252
565
567
4906
7254
122
124
7256
165
167
7043
7145
169
4708
4709
633
635
7057
7167
637
4946
4947
125
126
127
4688
1225
1227
7258
1817
1819
7260
2409
2411
212
213
7262
3001
3003
7264
7266
170
172
4703
7268
3593
3595
7270
4215
4217
4707
7272
171
173
7274
638
640
4943
174
175
176
4713
7276
214
216
7061
7149
218
4733
4734
706
708
7075
7169
710
4983
4984
1298
1300
7278
1890
1892
7280
7282
493
495
7284
2482
2484
261
262
7286
3074
3076
7288
219
221
4728
7290
3666
3668
7292
4298
4300
4732
7294
711
713
4980
496
497
498
4877
508
7251
509
510
511
4662
514
515
4876
512
513
4884
516
517
4886
7296
263
265
7079
7151
267
4758
4759
779
781
7093
7171
783
5020
5021
1371
1373
7298
1963
1965
7300
7302
7304
220
222
7306
2555
2557
310
311
7308
3147
3149
7310
268
270
4753
7312
3739
3741
7314
4381
4383
4757
7316
784
786
5017
7318
223
224
225
4738
7320
269
271
7322
312
314
7097
7155
316
4783
4784
852
854
7111
7173
856
5057
5058
1444
1446
7324
2036
2038
7326
2628
2630
359
360
7328
272
273
274
4763
7330
3220
3222
7332
317
319
4778
7334
3812
3814
7336
4464
4466
4782
7338
857
859
5054
7340
318
320
7342
321
322
323
4788
7344
361
363
7115
7159
365
4808
4809
925
927
7123
7175
929
5094
5095
1517
1519
7346
2109
2111
7348
2701
2703
1000
1001
7350
3293
3295
7352
366
368
4803
7354
3885
3887
7356
367
369
7358
4547
4549
4807
7360
930
932
5091
7362
370
371
372
4813
1003
1005
7127
1006
5133
5134
7364
566
568
1080
1082
7133
7217
1083
5172
5173
1153
1155
2177
2178
1226
1228
7366
7137
7233
1156
5209
5210
7368
1007
1009
5128
1299
1301
7370
569
570
571
4914
7372
1372
1374
7141
7259
1229
5246
5247
7374
1084
7376
7367
1086
5169
1445
1447
581
7265
582
583
584
4687
7378
1518
1520
5132
587
588
4913
585
586
4921
7147
7279
7380
7373
1302
5283
5284
7382
7384
7386
1157
1159
5206
589
590
4923
7153
7299
1375
5320
5321
7388
1230
7390
7377
1232
5243
2180
2182
7392
639
641
2259
2261
7394
2332
2334
7157
7325
7396
7379
1448
5357
5358
7398
1303
1305
5280
1592
1593
2405
2407
7400
2478
2480
7402
642
643
644
4951
7183
7347
7404
7381
1521
5394
5395
7406
1376
7408
7391
1378
5317
2551
2553
654
7281
655
7410
2624
2626
656
657
4712
660
661
4950
7412
7414
7416
1449
1451
5354
7418
2697
2699
5729
658
659
4958
662
7415
663
4960
7420
7422
1522
7409
1524
5391
7424
712
714
7426
1595
1597
7187
7203
1598
5433
5434
1672
1674
7193
7219
1675
5472
5473
1745
1747
2769
2770
7428
1818
1820
7430
7197
7235
1748
5509
5510
7432
1599
1601
5428
7434
715
716
717
4988
1891
1893
7436
1964
1966
727
7321
728
7199
7261
1821
5546
5547
7438
1676
7440
7431
1678
5469
729
730
4737
2037
2039
733
734
4987
731
732
4995
7442
2110
2112
5432
735
736
4997
7215
7285
7444
7437
1894
5583
5584
7446
7448
7450
1749
1751
5506
7452
785
787
7213
7307
1967
5620
5621
7454
1822
7456
7441
1824
5543
2772
2774
2851
2853
7458
2924
2926
7231
7327
7460
7443
2040
5657
5658
7462
1895
1897
5580
2184
2185
7464
788
789
790
5025
7229
7349
7445
2113
5694
5695
7466
1968
7468
7457
1970
5617
800
7333
801
802
803
4762
806
807
5024
804
805
5032
7470
7472
7474
2041
2043
5654
808
809
5034
7476
2114
7469
2116
5691
7478
858
860
2187
2189
2176
6987
7480
7429
2183
5730
5731
7205
2190
5733
5734
2264
2266
2997
2999
2776
2777
7482
861
862
863
5062
7484
2337
2339
7486
2191
2193
5728
7488
2410
2412
873
7353
874
875
876
4787
7490
2483
2485
879
880
5061
2257
7001
7492
7395
2262
5770
5771
7221
2267
5772
5773
877
878
5069
2556
2558
881
882
5071
3070
3072
7494
2629
2631
7496
7498
7500
2268
2270
5769
7502
3143
3145
7504
931
933
7506
2702
2704
5732
2330
7019
7508
7397
2335
5807
5808
7237
7489
2340
5809
5810
2779
2781
7510
2856
2858
7512
2341
2343
5806
7514
3216
3218
7516
934
935
936
5099
37
39
7518
2929
2931
946
7365
947
2403
7037
7520
7401
2408
5844
5845
7263
7491
2413
5846
5847
948
949
4812
952
953
5098
950
951
5106
954
955
5108
3002
3004
7522
7524
7526
2414
2416
5843
7528
1008
1010
2476
7055
7530
7405
2481
5881
5882
7287
7493
2486
5883
5884
41
43
7532
2487
2489
5880
7534
92
94
7536
1011
1012
1013
5138
7538
3075
3077
46
47
7540
141
143
2549
7073
7542
7411
2554
5918
5919
7309
2559
5920
5921
1023
7243
1024
190
192
1025
1026
4844
1029
1030
5137
1027
1028
5145
239
241
1031
1032
5147
7544
7546
7548
2560
2562
5917
7550
288
290
7552
337
339
2622
7091
7554
7419
2627
5955
5956
7331
7503
2632
5957
5958
386
388
4644
7556
1085
7558
7387
1087
7560
2633
2635
5954
7562
49
51
7564
98
100
7566
1088
1089
1090
5177
2695
7109
7568
7427
2700
5992
5993
7351
7509
2705
5994
5995
3148
3150
449
451
7570
147
149
1100
7305
1101
1102
1103
4883
7572
196
198
1106
1107
5176
7574
7576
2706
2708
5991
1104
1105
5184
7578
245
247
1108
1109
5186
7580
294
296
2768
6993
7582
7481
2775
6030
6031
7207
7511
2782
6033
6034
343
345
7584
7586
1158
1160
7588
392
394
4648
7590
2783
2785
6028
7592
453
455
2849
7011
7594
7459
2854
6070
6071
7223
7515
2859
6072
6073
7596
1161
1162
1163
5214
528
530
7598
3221
3223
458
459
1173
7385
1174
7600
601
603
1175
1176
4920
1179
1180
5213
7602
674
676
7604
7606
2860
2862
6069
1177
1178
5221
1181
1182
5223
7608
747
749
2922
7029
7610
7461
2927
6107
6108
7247
7521
2932
6109
6110
820
822
7612
893
895
7614
7616
1231
7618
7393
1233
7620
2933
2935
6106
7622
966
968
4854
2995
7047
7624
7485
3000
6144
6145
7269
7531
3005
6146
6147
461
463
7626
1234
1235
1236
5251
7628
3289
3291
6029
7630
3006
3008
6143
7632
534
536
1246
7413
1247
1041
1043
1248
1249
4957
7634
607
609
1252
1253
5250
1250
1251
5258
7636
680
682
1254
1255
5260
3068
7065
7638
7495
3073
6181
6182
7291
7541
3078
6183
6184
753
755
7640
826
828
7642
7644
7646
3079
3081
6180
7648
899
901
7650
1304
7652
7403
1306
7654
972
974
4858
3141
7083
7656
7507
3146
6218
6219
7313
3151
6220
6221
7658
1307
1308
1309
5288
1045
1047
7660
3152
3154
6217
3294
3296
6032
1319
7451
1320
7662
1120
1122
1321
1322
4994
3361
3362
1325
1326
5287
3214
7101
7664
7519
3219
6255
6256
7335
7601
3224
6257
6258
1193
1195
1323
1324
5295
1327
1328
5297
7666
1266
1268
7668
1339
1341
7670
7672
7674
3225
3227
6254
7676
1412
1414
7678
1377
7680
7417
1379
7682
1485
1487
3287
7201
7684
7633
3292
6292
6293
7355
3297
6294
6295
1558
1560
5154
7686
3298
3300
6291
7688
1380
1381
1382
5325
3364
3366
7690
3443
3445
1392
7473
1393
1394
1395
5031
7692
3516
3518
1398
1399
5324
3368
3369
1396
1397
5332
1400
1401
5334
7694
3589
3591
3360
6989
3367
6330
6331
3441
7005
7693
3446
6370
6371
3662
3664
7696
7698
7700
1450
1452
7702
3514
7023
7704
7695
3519
6407
6408
7706
1453
1454
1455
5362
7708
3587
7041
3592
6444
6445
3371
3373
7209
3374
6333
6334
1465
7501
1466
3448
3450
7710
7703
7225
3451
6372
6373
1467
1468
5068
1471
1472
5361
3521
3523
1469
1470
5369
1050
1051
1473
1474
5371
7712
7714
7716
3375
3377
6328
7718
1523
7720
7425
1525
7722
1526
1527
1528
5399
1053
1055
1538
7527
1539
1540
1541
5105
7724
1126
1128
1544
1545
5398
1542
1543
5406
7726
1199
1201
7728
7730
7732
3452
3454
6369
1546
1547
5408
7709
7249
3524
6409
6410
7734
3525
3527
6406
1633
1635
1272
1274
7736
1345
1347
7738
1418
1420
7740
1600
7742
7435
1602
7744
1491
1493
7746
1564
1566
5158
7748
1603
1604
1605
5438
1615
7549
1616
7750
1637
1639
1617
1618
5144
1621
1622
5437
7752
1712
1714
1619
1620
5445
1623
1624
5447
7754
1785
1787
1642
1643
7756
1858
1860
7758
1931
1933
7760
7762
7764
1677
1679
7766
2004
2006
7768
2077
2079
7770
2150
2152
5454
7772
1680
1681
1682
5477
1692
7575
1693
1694
1695
5183
7774
1645
1647
1698
1699
5476
1696
1697
5484
7776
1718
1720
1700
1701
5486
7778
3594
3596
7711
7271
3597
6446
6447
2225
2227
1791
1793
7780
1864
1866
7782
7784
7786
1750
7788
7453
1752
7790
1937
1939
7792
2010
2012
7794
2083
2085
7796
1753
1754
1755
5514
7798
2156
2158
5458
1765
7605
1766
1767
1768
5220
1771
1772
5513
7800
2229
2231
1769
1770
5521
1773
1774
5523
7802
7804
7806
3598
3600
6443
7808
2304
2306
3660
7059
7810
7705
3665
6481
6482
3667
3669
7293
3670
6483
6484
2234
2235
2377
2379
7812
1823
7814
7463
1825
7816
2450
2452
7818
2523
2525
7820
2596
2598
7822
2669
2671
7824
1826
1827
1828
5551
7826
2742
2744
5754
1838
7647
1839
1840
1841
5257
1844
1845
5550
1842
1843
5558
7828
2237
2239
1846
1847
5560
7830
7832
7834
3671
3673
6480
7836
2310
2312
7838
3735
3737
2817
2819
7840
2383
2385
7842
1896
7844
7465
1898
7846
2456
2458
7848
2529
2531
7850
2602
2604
7852
2675
2677
7854
1899
1900
1901
5588
7856
2748
2750
5758
1911
7675
1912
1913
1914
5294
1917
1918
5587
1915
1916
5595
1919
1920
5597
7858
2821
2823
3733
7077
3738
6518
6519
3740
3742
7315
3743
6520
6521
2896
2898
2826
2827
7860
7862
7864
1969
7866
7475
1971
7868
2969
2971
7870
3042
3044
7872
3115
3117
7874
3188
3190
7876
1972
1973
1974
5625
7878
3261
3263
7880
3334
3336
6054
1984
7701
1985
1986
1987
5331
1990
1991
5624
1988
1989
5632
1992
1993
5634
7882
7884
7886
3744
3746
6517
7888
2829
2831
7890
3808
3810
7892
2902
2904
3409
3411
7894
2042
2044
7896
2975
2977
7898
3048
3050
7900
3121
3123
7902
3194
3196
7904
2045
2046
2047
5662
7906
3267
3269
3806
7095
3811
6555
6556
2057
7717
2058
3340
3342
6058
2059
2060
5368
2063
2064
5661
7908
3813
3815
7337
3816
6557
6558
2061
2062
5669
2065
2066
5671
3881
3883
6329
7910
3413
3415
7912
3886
3888
6332
7914
7916
7918
3817
3819
6554
7920
2115
7922
7479
2117
7924
3488
3490
3418
3419
7926
3561
3563
7928
3634
3636
7930
3707
3709
7932
2118
2119
2120
5699
7934
3780
3782
7936
3853
3855
3879
7113
3884
6592
6593
7359
7925
3889
6594
6595
7938
3890
3892
6591
2130
7731
2131
2132
2133
5405
2136
2137
5698
2134
2135
5706
2138
2139
5708
3926
3928
6354
7940
3421
3423
7942
3494
3496
7944
7946
7948
2192
2194
7950
3567
3569
3953
3954
7952
3640
3642
7954
3713
3715
7956
3786
3788
7958
2195
2196
2197
5738
7960
3859
3861
2207
7765
2208
7962
3932
3934
6358
2209
2210
5444
2213
2214
5737
2211
2212
5745
2215
2216
5747
7964
3956
3958
7966
4045
4047
7968
7970
7972
2269
7974
7505
2271
7976
4128
4130
3960
3961
3952
6991
3959
6630
6631
7978
2272
2273
2274
5777
4043
7009
7977
4048
6673
6674
4211
4213
2284
7787
2285
2286
2287
5483
2290
2291
5776
2288
2289
5784
7980
4126
7027
4131
6713
6714
2292
2293
5786
4294
4296
7982
4209
7045
4214
6753
6754
3963
3965
7211
3966
6633
6634
7984
7986
7988
2342
7990
7517
2344
4050
4052
7992
7981
7227
4053
6675
6676
4133
4135
4001
4003
7994
7983
7257
4136
6715
6716
7996
3967
3969
6628
7998
2345
2346
2347
5814
8000
4054
7995
4056
6672
2357
7807
2358
2359
2360
5520
2363
2364
5813
2361
2362
5821
2365
2366
5823
4216
4218
7993
7277
4219
6755
6756
8002
8004
8006
4137
4139
6712
8008
4220
4222
6752
4005
4007
8010
2415
2417
8012
4090
4092
8014
4173
4175
4292
7063
4297
6793
6794
4010
4011
8016
2418
2419
2420
5851
2430
7835
2431
2432
2433
5557
2436
2437
5850
2434
2435
5858
2438
2439
5860
4256
4258
8018
8020
8022
2488
8024
7537
2490
8026
4013
4015
8028
4096
4098
8030
4299
4301
7297
4302
6795
6796
4179
4181
8032
2491
2492
2493
5888
8034
4262
4264
8036
4339
4341
2503
7865
2504
8038
4303
4305
6792
2505
2506
5594
2509
2510
5887
8040
4345
4347
2507
2508
5895
8042
4377
4379
2511
2512
5897
8044
4382
4384
8046
4422
4424
8048
8050
8052
2561
8054
7559
2563
8056
4428
4430
4375
7081
4380
6833
6834
7323
8047
4385
6835
6836
4460
4462
8058
4386
4388
6832
8060
2564
2565
2566
5925
4458
7099
4463
6873
6874
4465
4467
7345
4468
6875
6876
2576
7887
2577
2578
2579
5631
2582
2583
5924
2580
2581
5932
2584
2585
5934
4505
4507
8062
4511
4513
8064
4543
4545
6629
8066
8068
8070
4469
4471
6872
4541
7117
4546
6913
6914
4548
4550
6632
4551
6915
6916
8072
2634
8074
7567
2636
8076
2637
2638
2639
5962
2649
7919
2650
2651
2652
5668
2655
2656
5961
2653
2654
5969
2657
2658
5971
8078
8080
8082
4552
4554
6912
8084
2707
2709
8086
2710
2711
2712
5999
2722
7949
2723
2724
2725
5705
2728
2729
5998
2726
2727
6006
2730
2731
6008
8088
8090
8092
2784
8094
7597
2786
8096
2787
2788
2789
6038
2799
7973
2800
2801
2802
5744
2805
2806
6037
2803
2804
6045
2807
2808
6047
8098
8100
8102
2861
8104
7619
2863
8106
2864
2865
2866
6077
2876
7989
2877
2878
2879
5783
2882
2883
6076
2880
2881
6084
2884
2885
6086
8108
8110
8112
2934
8114
7627
2936
8116
2937
2938
2939
6114
2949
8007
2950
2951
2952
5820
2955
2956
6113
2953
2954
6121
2957
2958
6123
8118
8120
8122
3007
8124
7653
3009
8126
3010
3011
3012
6151
3022
8023
3023
3024
3025
5857
3028
3029
6150
3026
3027
6158
3030
3031
6160
8128
8130
8132
3080
8134
7651
3082
8136
3083
3084
3085
6188
3095
8053
3096
3097
3098
5894
3101
3102
6187
3099
3100
6195
3103
3104
6197
8138
8140
8142
3153
8144
7681
3155
8146
3156
3157
3158
6225
3168
8071
3169
3170
3171
5931
3174
3175
6224
3172
3173
6232
3176
3177
6234
8148
8150
8152
3226
8154
7679
3228
8156
3229
3230
3231
6262
3241
8083
3242
3243
3244
5968
3247
3248
6261
3245
3246
6269
3249
3250
6271
8158
8160
8162
3299
8164
7689
3301
8166
3302
3303
3304
6299
3314
8093
3315
3316
3317
6005
3320
3321
6298
3318
3319
6306
3322
3323
6308
8168
8170
8172
26
8174
7319
8176
7363
27
4633
4634
79
7255
8178
7295
80
4660
4661
128
7267
8180
7273
129
4685
4686
177
7275
8182
7283
178
4710
4711
226
7317
8184
7341
227
4735
4736
275
7329
8186
7339
276
4760
4761
324
7343
8188
7357
325
4785
4786
373
7361
8190
7371
374
4810
4811
422
7245
8192
7253
423
4835
4836
499
7289
8194
7311
500
4874
4875
572
7369
8196
7375
573
4911
4912
645
7399
8198
7407
646
4948
4949
718
7433
8200
7439
719
4985
4986
791
7455
8202
7467
792
5022
5023
864
7483
8204
7487
865
5059
5060
937
7513
8206
7529
938
5096
5097
3376
3378
3379
3380
3381
6338
3391
8103
3392
3393
3394
6044
3397
3398
6337
3395
3396
6345
3399
3400
6347
8208
8210
8212
3453
8214
7743
3455
8216
3456
3457
3458
6377
3468
8113
3469
3470
3471
6083
3474
3475
6376
3472
3473
6384
3476
3477
6386
8218
8220
8222
3526
8224
7741
3528
8226
3529
3530
3531
6414
3541
8123
3542
3543
3544
6120
3547
3548
6413
3545
3546
6421
3549
3550
6423
8228
8230
8232
3599
3601
8234
3602
3603
3604
6451
3614
8133
3615
3616
3617
6157
3620
3621
6450
3618
3619
6458
3622
3623
6460
8236
8238
8240
3672
8242
7845
3674
8244
3675
3676
3677
6488
3687
8143
3688
3689
3690
6194
3693
3694
6487
3691
3692
6495
3695
3696
6497
8246
8248
8250
3745
3747
8252
3748
3749
3750
6525
3760
8153
3761
3762
3763
6231
3766
3767
6524
3764
3765
6532
3768
3769
6534
8254
8256
8258
3818
8260
7923
3820
8262
3821
3822
3823
6562
3833
8163
3834
3835
3836
6268
3839
3840
6561
3837
3838
6569
3841
3842
6571
8264
8266
8268
3891
3893
8270
3894
3895
3896
6599
3906
8173
3907
3908
3909
6305
3912
3913
6598
3910
3911
6606
3914
3915
6608
8272
8274
8276
1014
8278
7533
8280
7557
1015
5135
5136
1091
7561
8282
7577
1092
5174
5175
1164
7591
8284
7607
1165
5211
5212
1237
7621
8286
7631
1238
5248
5249
1310
7659
8288
7661
1311
5285
5286
1383
7687
8290
7721
1384
5322
5323
1456
7707
8292
7719
1457
5359
5360
1529
7723
8294
7733
1530
5396
5397
3968
7999
3970
8296
3971
3972
3973
6638
3983
8213
3984
4042
3985
3986
6344
3989
3990
6637
6644
3987
3988
6645
3991
3992
6647
8298
8300
4055
4057
8302
4058
4059
4060
6680
4070
8223
4071
4125
4072
4073
6383
4076
4077
6679
6686
4074
4075
6687
4078
4079
6689
8304
8306
4138
8308
8009
4140
8310
4141
4142
4143
6720
4153
8233
4154
4208
4155
4156
6420
4159
4160
6719
6726
4157
4158
6727
4161
4162
6729
8312
8314
4221
8316
8011
4223
8318
4224
4225
4226
6760
4236
8241
4237
4291
4238
4239
6457
4242
4243
6759
6766
4240
4241
6767
4244
4245
6769
8320
8322
4304
8324
8055
4306
8326
4307
4308
4309
6800
4319
8251
4320
4374
4321
4322
6494
4325
4326
6799
6806
4323
4324
6807
4327
4328
6809
8328
8330
4387
8332
8061
4389
8334
4390
4391
4392
6840
4402
8259
4403
4404
4405
6531
4408
4409
6839
4406
4407
6847
4457
6846
4410
4411
6849
8336
8338
4470
8340
8075
4472
8342
4473
4474
4475
6880
4485
8269
4486
4487
4488
6568
4489
4490
6887
4491
4492
6879
4493
4494
6889
4540
6886
8344
8346
4553
8348
8177
4555
8350
4556
4557
4558
6920
8352
1606
8354
7749
8356
7815
1607
5435
5436
1683
7773
8358
7789
1684
5474
5475
1756
7797
8360
7813
1757
5511
5512
1829
7825
8362
7843
1830
5548
5549
1902
7855
8364
7867
1903
5585
5586
1975
7877
8366
7895
1976
5622
5623
2048
7905
8368
7921
2049
5659
5660
2121
7933
8370
7939
2122
5696
5697
28
8179
29
4637
81
8372
8181
82
4664
36
38
130
8374
8183
131
4689
40
42
48
50
4643
89
90
35
7535
44
4645
4646
53
54
4642
8376
179
8378
8185
180
4714
91
93
45
7571
52
4649
4650
55
56
4647
97
99
4670
8380
228
8382
8187
229
4739
138
139
88
7539
95
4671
4672
102
103
4669
140
142
96
7569
101
4674
4675
8384
104
105
4673
146
148
4695
8386
277
8388
8189
278
4764
187
188
137
7543
144
4696
4697
151
152
4694
189
191
8390
326
8392
8191
327
4789
145
7573
150
4699
4700
153
154
4698
195
197
4720
236
237
186
7565
193
4721
4722
8394
200
201
4719
8396
375
8398
8193
376
4814
238
240
194
7579
199
4724
4725
202
203
4723
244
246
4745
285
286
235
7551
242
4746
4747
8400
249
250
4744
8402
424
8404
8195
425
4839
287
289
243
7581
248
4749
4750
251
252
4748
293
295
4770
8406
501
8408
8197
502
4878
334
335
284
7553
291
4771
4772
298
299
4769
336
338
292
7583
297
4774
4775
8410
300
301
4773
342
344
4795
8412
574
8414
8199
575
4915
383
384
333
7555
340
4796
4797
347
348
4794
385
387
8416
647
8418
8201
648
4952
341
7589
346
4799
4800
349
350
4798
391
393
4820
448
450
382
7563
389
4821
4822
8420
396
397
4819
8422
720
8424
8203
721
4989
452
454
390
7593
395
4824
4825
398
399
4823
460
462
4853
525
526
447
7595
456
4855
4856
8426
465
467
4852
8428
793
8430
8205
794
5026
527
529
457
7629
464
4859
4860
469
471
4857
533
535
4892
8432
866
8434
8207
867
5063
598
599
524
7599
531
4893
4894
538
540
4891
600
602
532
7635
537
4896
4897
8436
542
544
4895
606
608
4929
8438
939
940
5100
671
672
597
7603
604
4930
4931
611
613
4928
673
675
605
7637
610
4933
4934
8440
615
617
4932
8442
2198
8444
7959
8446
7975
2199
5735
5736
679
681
4966
744
745
670
7609
677
4967
4968
684
686
4965
2275
8448
7979
8450
7991
2276
5774
5775
746
748
678
7639
683
4970
4971
688
690
4969
752
754
5003
2348
8452
7997
8454
8001
2349
5811
5812
817
818
743
7611
750
5004
5005
757
759
5002
1016
1017
5139
819
821
751
7641
756
5007
5008
761
763
5006
825
827
5040
890
891
8456
1093
8458
8435
1094
5178
816
7613
823
5041
5042
830
832
5039
892
894
824
7649
829
5044
5045
8460
834
836
5043
898
900
5077
8462
1166
8464
8409
1167
5215
963
964
889
7623
896
5078
5079
903
905
5076
965
967
897
7655
902
5081
5082
8466
907
909
5080
971
973
5114
8468
1239
8470
8289
1240
5252
1040
1042
962
7625
969
5115
5116
976
978
5113
8472
1312
8474
8291
1313
5289
1044
1046
970
7657
975
5118
5119
980
982
5117
1052
1054
5153
1117
1118
1039
7663
1048
5155
5156
8476
1057
1059
5152
8478
1385
8480
8293
1386
5326
1119
1121
1049
7725
1056
5159
5160
1061
1063
5157
1125
1127
5192
1190
1191
8482
1458
8484
8295
1459
5363
1116
7665
1123
5193
5194
1130
1132
5191
1192
1194
1124
7727
1129
5196
5197
8486
1134
1136
5195
1198
1200
5229
8488
30
8490
8383
31
4638
1263
1264
1189
7667
1196
5230
5231
1203
1205
5228
1265
1267
1197
7841
1202
5233
5234
8492
1207
1209
5232
1271
1273
5266
8494
32
33
34
4639
4641
1336
1337
443
7241
444
4640
1262
7669
1269
5267
5268
1276
1278
5265
1338
1340
1270
7737
1275
5270
5271
8496
8498
1280
1282
5269
1344
1346
5303
8500
83
8502
8379
84
4665
1409
1410
1335
7677
1342
5304
5305
1349
1351
5302
8504
85
86
87
4666
4668
1411
1413
1343
7739
1348
5307
5308
1353
1355
5306
520
7303
521
4667
1417
1419
5340
1408
7683
1415
5341
5342
8506
8508
1422
1424
5339
8510
132
8512
8389
133
4690
1416
7745
1421
5344
5345
1426
1428
5343
8514
134
135
136
4691
4693
593
7383
594
4692
181
8516
8518
8393
182
4715
183
184
185
4716
4718
666
7423
667
4717
1482
1483
1484
1486
1481
7685
1488
5378
5379
1490
1492
5377
1489
7747
1494
5381
5382
1495
1497
5376
8520
8522
230
8524
8399
231
4740
232
233
234
4741
4743
739
7449
740
4742
1499
1501
5380
8526
8528
279
8530
8405
280
4765
281
282
283
4766
4768
812
7471
813
4767
1531
8532
8534
8375
1532
5400
328
8536
8415
329
4790
330
331
332
4791
4793
885
7499
886
4792
1555
1556
1557
1559
1554
7691
1561
5415
5416
1563
1565
5414
377
8538
8540
8419
378
4815
1562
7751
1567
5418
5419
1568
1570
5413
8542
379
380
381
4816
4818
958
7525
959
4817
1572
1574
5417
8544
8546
426
8548
8425
427
4840
428
429
430
4841
4843
441
7239
442
4842
445
8499
446
4849
4850
1035
7547
1036
4851
1608
8550
8552
8554
8359
1609
5439
503
8556
8431
504
4879
505
506
507
4880
4882
518
7301
519
4881
522
8509
523
4888
4889
1112
7587
1113
4890
1632
1634
1636
1638
1631
7753
1640
5455
5456
1644
1646
5453
576
8558
8560
8562
8447
577
4916
1641
7777
1648
5459
5460
1649
1651
5452
8564
578
579
580
4917
4919
591
7389
592
4918
595
8519
596
4925
4926
1185
7617
1186
4927
1653
1655
5457
8566
8568
8570
649
8572
8445
650
4953
651
652
653
4954
4956
664
7421
665
4955
668
8523
669
4962
4963
1258
7645
1259
4964
1685
8574
8576
8578
8361
1686
5478
722
723
4990
724
725
726
4991
4993
737
7447
738
4992
741
8529
742
4999
5000
1331
7673
1332
5001
1709
1710
1711
1713
1708
7755
1715
5493
5494
1717
1719
5492
795
796
5027
1716
7779
1721
5496
5497
1722
1724
5491
797
798
799
5028
5030
810
7477
811
5029
814
8535
815
5036
5037
1404
7699
1405
5038
1726
1728
5495
8580
8582
8584
8586
8588
8590
8592
868
8594
8491
869
5064
870
871
872
5065
5067
883
7497
884
5066
887
8541
888
5073
5074
1477
7715
1478
5075
1758
8363
1759
5515
941
8596
8598
8600
8602
8471
942
5101
943
944
945
5102
5104
956
7523
957
5103
960
8547
961
5110
5111
1550
7729
1551
5112
1782
1783
1784
1786
1781
7757
1788
5530
5531
1790
1792
5529
1018
8475
1019
5140
1789
7781
1794
5533
5534
1795
1797
5528
1020
1021
1022
5141
5143
1033
7545
1034
5142
1037
8555
1038
5149
5150
1627
7763
1628
5151
1799
1801
5532
8604
8606
8608
8610
8612
8614
8616
1095
8618
8481
1096
5179
1097
1098
1099
5180
5182
1110
7585
1111
5181
1114
8563
1115
5188
5189
1704
7785
1705
5190
1831
8365
1832
5552
1168
8620
8622
8624
8626
8485
1169
5216
1170
1171
1172
5217
5219
1183
7615
1184
5218
1187
8571
1188
5225
5226
1777
7805
1778
5227
1855
1856
1857
1859
1854
7759
1861
5567
5568
1863
1865
5566
1241
1242
5253
1862
7791
1867
5570
5571
1868
1870
5565
1243
1244
1245
5254
5256
1256
7643
1257
5255
1260
8579
1261
5262
5263
1850
7833
1851
5264
1872
1874
5569
1314
1315
5290
1316
1317
1318
5291
5293
1329
7671
1330
5292
1333
8591
1334
5299
5300
1904
8367
1905
5589
1387
1388
5327
1389
1390
1391
5328
5330
1402
7697
1403
5329
1406
8589
1407
5336
5337
1923
7863
1924
5301
1928
1929
1930
1932
1927
7767
1934
5604
5605
1936
1938
5603
1460
8537
1461
5364
1935
7793
1940
5607
5608
1941
1943
5602
1462
1463
1464
5365
5367
1475
7713
1476
5366
1479
8601
1480
5373
5374
1945
1947
5606
8628
8630
8632
8634
8636
8638
8640
8642
8644
8646
8648
8650
8652
1533
8654
8557
1534
5401
1535
1536
1537
5402
5404
1548
7735
1549
5403
1552
8615
1553
5410
5411
1977
8656
8658
8369
1978
5626
1610
1611
5440
1612
1613
1614
5441
5443
1625
7761
1626
5442
1629
8613
1630
5449
5450
1996
8653
7885
1997
5338
2001
2002
2003
2005
2000
7769
2007
5641
5642
2009
2011
5640
1687
8660
8662
8664
8666
8603
1688
5479
2008
7795
2013
5644
5645
2014
2016
5639
8668
1689
1690
1691
5480
5482
1702
7783
1703
5481
1706
8625
1707
5488
5489
2018
2020
5643
8670
8672
1760
8674
8627
1761
5516
1762
1763
1764
5517
5519
1775
7803
1776
5518
1779
8651
1780
5525
5526
2050
8676
8678
8371
2051
5663
1833
1834
5553
1835
1836
1837
5554
5556
1848
7831
1849
5555
1852
8649
1853
5562
5563
2069
8647
7917
2070
5375
2074
2075
2076
2078
2073
7771
2080
5678
5679
2082
2084
5677
1906
1907
5590
2081
7799
2086
5681
5682
2087
2089
5676
1908
1909
1910
5591
5593
1921
7861
1922
5592
1925
8645
1926
5599
5600
2091
2093
5680
8680
8682
8684
8686
8688
8690
1979
1980
5627
1981
1982
1983
5628
5630
1994
7883
1995
5629
1998
8667
1999
5636
5637
2123
8692
8694
8373
2124
5700
2052
2053
5664
2054
2055
2056
5665
5667
2067
7915
2068
5666
2071
8691
2072
5673
5674
2142
8659
7947
2143
5412
2147
2148
2149
2151
2146
7775
2153
5715
5716
2155
2157
5714
2125
2126
5701
2154
7801
2159
5718
5719
2160
2162
5713
2127
2128
2129
5702
5704
2140
7945
2141
5703
2144
2145
5710
5711
2164
2166
5717
8696
8698
8700
8702
8704
466
8706
8429
8708
8553
468
4861
2200
8710
8451
2201
5739
2202
2203
8712
2204
2205
2206
5741
5743
2217
7971
2218
5742
2219
8665
7969
2220
5451
2221
2222
5749
5750
2224
2226
5740
2228
2230
2223
7809
2232
5755
5756
2236
2238
5753
470
8433
8711
472
4848
4863
2241
2243
5752
2233
7837
2240
5759
5760
8714
8716
8718
2245
2247
5757
8720
473
8722
8377
8724
8497
474
4651
475
8726
8381
476
4652
4846
539
8437
8728
8561
541
4898
2277
8730
8732
8455
2278
5778
2279
2280
2281
2282
2283
5780
5782
2294
7987
2295
5781
2296
8673
7985
2297
5490
2298
2299
5788
5789
2301
2302
5779
2303
2305
2300
7811
2307
5793
5794
2309
2311
5792
543
8439
8731
545
4887
4900
2314
2316
5791
2308
7839
2313
5796
5797
8734
8736
8738
2318
2320
5795
8740
546
8742
8385
8744
8507
547
4676
548
8746
8387
549
4677
4885
612
8748
8441
8569
614
4935
2350
8750
8465
2351
5815
2352
2353
8752
2354
2355
2356
5817
5819
2367
8005
2368
5818
2369
8679
8003
2370
5527
2371
2372
5825
5826
2374
2375
5816
2376
2378
2373
7817
2380
5830
5831
2382
2384
5829
616
8443
8751
618
4924
4937
2387
2389
5828
2381
7847
2386
5833
5834
8754
8756
8758
2391
2393
5832
8760
619
8762
8391
8764
8517
620
4701
621
8766
8395
622
4702
4922
685
8768
8449
8577
687
4972
2421
8770
8017
8772
8025
2422
5848
5849
2423
2424
5852
2425
2426
2427
2428
2429
5854
5856
2440
8021
2441
5855
2442
8689
8019
2443
5564
2444
2445
5862
5863
2447
2448
5853
2449
2451
2446
7819
2453
5867
5868
2455
2457
5866
689
8453
8771
691
4961
4974
2460
2462
5865
2454
7849
2459
5870
5871
8774
8776
8778
2464
2466
5869
8780
692
8782
8397
8784
8521
693
4726
694
8786
8401
695
4727
4959
758
8459
8788
8587
760
5009
2494
8790
8792
8033
8794
8039
2495
5885
5886
2496
2497
5889
2498
2499
2500
2501
2502
5891
5893
2513
8051
2514
5892
2515
8687
8049
2516
5601
2517
2518
5899
5900
2520
2521
5890
2522
2524
2519
7821
2526
5904
5905
2528
2530
5903
762
8457
8791
764
4998
5011
2533
2535
5902
2527
7851
2532
5907
5908
2537
2539
5906
8796
8798
8800
8802
765
8804
8403
8527
766
4751
767
8806
8407
768
4752
4996
831
8808
8461
8585
833
5046
2567
8810
8812
8059
8814
8073
2568
5922
5923
2569
2570
5926
2571
2572
2573
2574
2575
5928
5930
2586
8069
2587
5929
2588
8695
8067
2589
5638
2590
2591
5936
5937
2593
2594
5927
2595
2597
2592
7823
2599
5941
5942
2601
2603
5940
835
8463
8811
837
5035
5048
2606
2608
5939
2600
7853
2605
5944
5945
2610
2612
5943
8816
8818
8820
8822
838
8824
8411
8533
839
4776
840
8826
8413
841
4777
5033
904
8828
8467
8599
906
5083
2640
8830
8832
8077
8834
8085
2641
5959
5960
2642
2643
5963
2644
2645
2646
2647
2648
5965
5967
2659
8081
2660
5966
2661
8705
8079
2662
5675
2663
2664
5973
5974
2666
2667
5964
2668
2670
2665
7827
2672
5978
5979
2674
2676
5977
908
8469
8831
910
5072
5085
2679
2681
5976
2673
7857
2678
5981
5982
2683
2685
5980
8836
8838
8840
8842
911
8844
8417
8539
912
4801
913
8846
8421
914
4802
5070
977
8848
8473
8611
979
5120
2713
8850
8852
8087
8854
8095
2714
5996
5997
2715
2716
6000
2717
2718
2719
2720
2721
6002
6004
2732
8091
2733
6003
2734
8703
8089
2735
5712
2736
2737
6010
6011
2739
2740
6001
2741
2743
2738
7829
2745
6015
6016
2747
2749
6014
981
8477
8851
983
5109
5122
2752
2754
6013
2746
7859
2751
6018
6019
2756
2758
6017
8856
8858
8860
8862
984
8864
8423
8545
985
4826
986
8866
8427
987
4827
5107
477
478
4862
4865
479
480
4864
4866
550
8747
8795
551
4899
4902
552
8745
8868
8749
553
4901
4903
623
8753
8870
8767
624
4936
4939
625
8765
8872
8769
626
4938
4940
696
8773
8874
8787
697
4973
4976
698
8785
8876
8789
699
4975
4977
769
8793
8878
8815
770
5010
5013
771
8807
8880
8809
772
5012
5014
842
8813
8882
8835
843
5047
5050
844
8827
8884
8829
845
5049
5051
915
8833
8886
8855
916
5084
5087
917
8847
8888
8849
918
5086
5088
988
8853
989
5121
5124
990
8867
991
5123
5125
1058
8479
8609
1060
5161
2790
8890
8097
8892
8105
2791
6035
6036
2792
2793
6039
2794
2795
2796
2797
2798
6041
6043
2809
8101
2810
6042
2811
8719
8099
2812
5751
2813
2814
6049
6050
2816
2818
6040
2820
2822
2815
7893
2824
6055
6056
2828
2830
6053
1062
8483
8891
1064
5148
5163
2833
2835
6052
2825
7891
2832
6059
6060
8894
8896
8898
2837
2839
6057
8900
1065
8902
8551
1066
4867
1067
1068
4868
5146
1131
8487
8904
8623
1133
5198
2867
8906
8107
8908
8115
2868
6074
6075
2869
2870
6078
2871
2872
2873
2874
2875
6080
6082
2886
8111
2887
6081
2888
8739
8109
2889
5790
2890
2891
6088
6089
2893
2894
6079
2895
2897
2892
7869
2899
6093
6094
2901
2903
6092
1135
8489
8907
1137
5187
5200
2906
2908
6091
2900
7897
2905
6096
6097
8910
8912
8914
2910
2912
6095
8916
1138
8918
8869
8920
8559
1139
4904
1140
8922
8871
1141
4905
5185
1204
8493
8924
8643
1206
5235
2940
8926
8117
8928
8125
2941
6111
6112
2942
2943
6115
2944
2945
2946
2947
2948
6117
6119
2959
8121
2960
6118
2961
8759
8119
2962
5827
2963
2964
6125
6126
2966
2967
6116
2968
2970
2965
7871
2972
6130
6131
2974
2976
6129
1208
8495
8927
1210
5224
5237
2979
2981
6128
2973
7899
2978
6133
6134
8930
8932
8934
2983
2985
6132
8936
1211
8938
8873
8940
8567
1212
4941
1213
8942
8875
1214
4942
5222
1277
8503
8944
8641
1279
5272
3013
8946
8127
8948
8135
3014
6148
6149
3015
3016
6152
3017
3018
3019
3020
3021
6154
6156
3032
8131
3033
6155
3034
8779
8129
3035
5864
3036
3037
6162
6163
3039
3040
6153
3041
3043
3038
7873
3045
6167
6168
3047
3049
6166
1281
8501
8947
1283
5261
5274
3052
3054
6165
3046
7901
3051
6170
6171
8950
8952
8954
3056
3058
6169
8956
1284
8958
8877
8960
8575
1285
4978
1286
8962
8879
1287
4979
5259
1350
8505
8964
8639
1352
5309
3086
8966
8137
8968
8145
3087
6185
6186
3088
3089
6189
3090
3091
3092
3093
3094
6191
6193
3105
8141
3106
6192
3107
8801
8139
3108
5901
3109
3110
6199
6200
3112
3113
6190
3114
3116
3111
7875
3118
6204
6205
3120
3122
6203
1354
8513
8967
1356
5298
5311
3125
3127
6202
3119
7903
3124
6207
6208
8970
8972
8974
3129
3131
6206
8976
1357
8978
8881
8980
8583
1358
5015
1359
8982
8883
1360
5016
5296
1423
8511
8984
8637
1425
5346
3159
8986
8147
8988
8155
3160
6222
6223
3161
3162
6226
3163
3164
3165
3166
3167
6228
6230
3178
8151
3179
6229
3180
8821
8149
3181
5938
3182
3183
6236
6237
3185
3186
6227
3187
3189
3184
7879
3191
6241
6242
3193
3195
6240
1427
8515
8987
1429
5335
5348
3198
3200
6239
3192
7907
3197
6244
6245
8990
8992
8994
3202
3204
6243
8996
1430
8998
8885
9000
8581
1431
5052
1432
9002
8887
1433
5053
5333
1496
8525
9004
8635
1498
5383
3232
9006
8157
9008
8165
3233
6259
6260
3234
3235
6263
3236
3237
3238
3239
3240
6265
6267
3251
8161
3252
6266
3253
8841
8159
3254
5975
3255
3256
6273
6274
3258
3259
6264
3260
3262
3257
7881
3264
6278
6279
3266
3268
6277
1500
8531
9007
1502
5372
5385
3271
3273
6276
3265
7911
3270
6281
6282
9010
9012
9014
3275
3277
6280
9016
1503
9018
8889
9020
8597
1504
5089
1505
1506
5090
5370
1569
8543
9022
8657
1571
5420
3305
9024
8167
9026
8175
3306
6296
6297
3307
3308
6300
3309
3310
3311
3312
3313
6302
6304
3324
8171
3325
6303
3326
8861
8169
3327
6012
3328
3329
6310
6311
3331
3332
6301
3333
3335
3330
7889
3337
6315
6316
3339
3341
6314
1573
8549
9025
1575
5409
5422
3344
3346
6313
3338
7909
3343
6318
6319
9028
9030
9032
3348
3350
6317
9034
1576
9036
8607
1577
5126
1578
1579
5127
5407
1069
8893
1070
5162
5165
1071
8905
1072
5164
5166
1142
8909
9038
8923
1143
5199
5202
1144
8921
9040
8925
1145
5201
5203
1215
8929
9042
8943
1216
5236
5239
1217
8941
9044
8945
1218
5238
5240
1288
8949
9046
8963
1289
5273
5276
1290
8961
9048
8965
1291
5275
5277
1361
8969
9050
8983
1362
5310
5313
1363
8981
9052
8985
1364
5312
5314
1434
8989
9054
9003
1435
5347
5350
1436
9001
9056
9005
1437
5349
5351
1507
9009
1508
5384
5387
1509
9021
9058
9023
1510
5386
5388
1580
9027
1581
5421
5424
1582
1583
5423
5425
1650
8565
8663
1652
5461
3382
9060
8215
9062
8287
3383
6335
6336
3384
3385
6339
3386
3387
3388
3389
3390
6341
6343
3401
8211
3402
6342
3403
8899
8209
3404
6051
3405
3406
6349
6350
3408
3410
6340
3412
3414
3407
7913
3416
6355
6356
3420
3422
6353
1654
8573
9061
1656
5448
5463
3425
3427
6352
3417
7967
3424
6359
6360
9064
9066
9068
3429
3431
6357
9070
1657
9072
8605
1658
5167
1659
9074
9039
1660
5168
5446
1723
8595
9076
8671
1725
5498
3459
9078
8217
9080
8225
3460
6374
6375
3461
3462
6378
3463
3464
3465
3466
3467
6380
6382
3478
8221
3479
6381
3480
8915
8219
3481
6090
3482
3483
6388
6389
3485
3486
6379
3487
3489
3484
7927
3491
6393
6394
3493
3495
6392
1727
8593
9079
1729
5487
5500
3498
3500
6391
3492
7951
3497
6396
6397
9082
9084
9086
3502
3504
6395
9088
1730
9090
9041
9092
8621
1731
5204
1732
9094
9043
1733
5205
5485
1796
9096
8619
8677
1798
5535
3532
9098
8227
9100
8285
3533
6411
6412
3534
3535
6415
3536
3537
3538
3539
3540
6417
6419
3551
8231
3552
6418
3553
8935
8229
3554
6127
3555
3556
6425
6426
3558
3559
6416
3560
3562
3557
7929
3564
6430
6431
3566
3568
6429
1800
8617
9099
1802
5524
5537
3571
3573
6428
3565
7953
3570
6433
6434
9102
9104
9106
3575
3577
6432
9108
1803
9110
9045
9112
8633
1804
5241
1805
9114
9047
1806
5242
5522
1869
9116
8733
8685
1871
5572
3605
9118
8235
9120
8243
3606
6448
6449
3607
3608
6452
3609
3610
3611
3612
3613
6454
6456
3624
8239
3625
6455
3626
8955
8237
3627
6164
3628
3629
6462
6463
3631
3632
6453
3633
3635
3630
7931
3637
6467
6468
3639
3641
6466
1873
8729
9119
1875
5561
5574
3644
3646
6465
3638
7955
3643
6470
6471
9122
9124
9126
3648
3650
6469
9128
1876
9130
9049
9132
8631
1877
5278
1878
9134
9051
1879
5279
5559
1942
9136
8727
8683
1944
5609
3678
9138
8245
9140
8283
3679
6485
6486
3680
3681
6489
3682
3683
3684
3685
3686
6491
6493
3697
8249
3698
6492
3699
8975
8247
3700
6201
3701
3702
6499
6500
3704
3705
6490
3706
3708
3703
7935
3710
6504
6505
3712
3714
6503
1946
8655
9139
1948
5598
5611
3717
3719
6502
3711
7957
3716
6507
6508
9142
9144
9146
3721
3723
6506
9148
1949
9150
9053
9152
8629
1950
5315
1951
9154
9055
1952
5316
5596
2015
9156
8669
8693
2017
5646
3751
9158
8253
9160
8261
3752
6522
6523
3753
3754
6526
3755
3756
3757
3758
3759
6528
6530
3770
8257
3771
6529
3772
8995
8255
3773
6238
3774
3775
6536
6537
3777
3778
6527
3779
3781
3776
7937
3783
6541
6542
3785
3787
6540
2019
8675
9159
2021
5635
5648
3790
3792
6539
3784
7961
3789
6544
6545
9162
9164
9166
3794
3796
6543
9168
2022
9170
9057
9172
8661
2023
5352
2024
2025
5353
5633
2088
9174
8725
8701
2090
5683
3824
9176
8263
9178
8281
3825
6559
6560
3826
3827
6563
3828
3829
3830
3831
3832
6565
6567
3843
8267
3844
6566
3845
9015
8265
3846
6275
3847
3848
6573
6574
3850
3851
6564
3852
3854
3849
7943
3856
6578
6579
3858
3860
6577
2092
8713
9177
2094
5672
5685
3863
3865
6576
3857
7963
3862
6581
6582
9180
9182
9184
3867
3869
6580
9186
2095
9188
9059
9190
8681
2096
5389
2097
2098
5390
5670
2161
9192
8709
8699
2163
5720
3897
9194
8271
9196
8279
3898
6596
6597
3899
3900
6600
3901
3902
3903
3904
3905
6602
6604
3916
8277
3917
6603
3918
9033
8275
3919
6312
3920
3921
6610
6611
3923
3924
6601
3925
3927
3922
7941
3929
6615
6616
3931
3933
6614
2165
8707
9195
2167
5709
5722
3936
3938
6613
3930
7965
3935
6618
6619
9198
9200
9202
3940
3942
6617
9204
2168
9206
8697
2169
5426
2170
2171
5427
5707
1661
9208
9063
1662
5462
5465
1663
9075
9210
9077
1664
5464
5466
1734
9081
9212
9095
1735
5499
5502
1736
9093
9214
9097
1737
5501
5503
1807
9101
9216
9115
1808
5536
5539
1809
9113
9218
9117
1810
5538
5540
1880
9121
9220
9135
1881
5573
5576
1882
9133
9222
9137
1883
5575
5577
1953
9141
9224
9155
1954
5610
5613
1955
9153
9226
9157
1956
5612
5614
2026
9161
2027
5647
5650
2028
9173
9228
9175
2029
5649
5651
2099
9179
2100
5684
5687
2101
9191
9230
9193
2102
5686
5688
2172
9197
2173
5721
5724
2174
9209
2175
5723
5725
2242
8723
8717
2244
5761
3974
9232
9234
8297
9236
8357
3975
6635
6636
3976
3977
6639
3978
3979
3980
3981
3982
6641
6643
3993
8301
3994
6642
3995
9069
8299
3996
6351
3997
3998
6649
6650
4000
4002
6640
4004
4006
3999
8013
4008
6655
6656
4012
4014
6653
2246
8721
9233
2248
5748
5763
4017
4019
6652
4009
8045
4016
6659
6660
9238
9240
9242
4021
4023
6657
9244
2249
9246
9211
8715
2250
5467
2251
9248
9213
2252
5468
5746
2315
9250
8743
8737
2317
5798
4033
9247
4034
4041
6651
4061
9252
9254
9256
8303
9258
8309
4062
6677
6678
4063
4064
6681
4065
4066
4067
4068
4069
6683
6685
4080
8307
4081
6684
4082
9087
8305
4083
6390
4084
4085
6691
6692
4087
4088
6682
4089
4091
4086
8015
4093
6696
6697
4095
4097
6695
2319
8741
9255
2321
5787
5800
4100
4102
6694
4094
8031
4099
6699
6700
9260
9262
9264
4104
4106
6698
9266
2322
9268
9215
8735
2323
5504
2324
9270
9217
2325
5505
5785
2388
9272
8763
8757
2390
5835
4116
9265
4117
4124
6693
4144
9274
9276
9278
8311
9280
8317
4145
6717
6718
4146
4147
6721
4148
4149
4150
4151
4152
6723
6725
4163
8315
4164
6724
4165
9107
8313
4166
6427
4167
4168
6731
6732
4170
4171
6722
4172
4174
4169
8029
4176
6736
6737
4178
4180
6735
2392
8761
9277
2394
5824
5837
4183
4185
6734
4177
8035
4182
6739
6740
4187
4189
6738
9282
9284
9286
2395
9288
9219
8755
2396
5541
2397
9290
9292
9221
2398
5542
5822
2461
9294
8783
8777
2463
5872
4199
9291
4200
4207
6733
4227
9296
9298
9300
8319
9302
8325
4228
6757
6758
4229
4230
6761
4231
4232
4233
4234
4235
6763
6765
4246
8323
4247
6764
4248
9127
8321
4249
6464
4250
4251
6771
6772
4253
4254
6762
4255
4257
4252
8027
4259
6776
6777
4261
4263
6775
2465
8781
9299
2467
5861
5874
4266
4268
6774
4260
8037
4265
6779
6780
4270
4272
6778
9304
9306
9308
2468
9310
9223
8775
2469
5578
2470
9312
9314
9225
2471
5579
5859
2534
9316
8805
8799
2536
5909
4282
9313
4283
4290
6773
4310
9318
9320
9322
8327
9324
8333
4311
6797
6798
4312
4313
6801
4314
4315
4316
4317
4318
6803
6805
4329
8331
4330
6804
4331
9147
8329
4332
6501
4333
4334
6811
6812
4336
4337
6802
4338
4340
4335
8041
4342
6816
6817
4344
4346
6815
2538
8803
9321
2540
5898
5911
4349
4351
6814
4343
8043
4348
6819
6820
4353
4355
6818
9326
9328
9330
9332
2541
9334
9227
8797
2542
5615
2543
2544
5616
5896
2607
9336
8825
8819
2609
5946
4365
9331
4366
4373
6813
4393
9338
9340
9342
8335
9344
8341
4394
6837
6838
4395
4396
6841
4397
4398
4399
4400
4401
6843
6845
4412
8339
4413
6844
4414
9167
8337
4415
6538
4416
4417
6851
6852
4419
4420
6842
4421
4423
4418
8057
4425
6856
6857
4427
4429
6855
2611
8823
9341
2613
5935
5948
4432
4434
6854
4426
4431
6859
6860
4436
4438
6858
9346
9348
9350
9352
2614
9354
9229
8817
2615
5652
2616
2617
5653
5933
2680
9356
8845
8839
2682
5983
4448
9351
4449
4456
6853
4476
9358
9360
9362
8343
9364
8349
4477
6877
6878
4478
4479
6881
4480
4481
4482
4483
4484
6883
6885
4495
8347
4496
6884
4497
9185
8345
4498
6575
4499
4500
6891
6892
4502
4503
6882
4504
4506
4501
8063
4508
6896
6897
4510
4512
6895
2684
8843
9361
2686
5972
5985
4515
4517
6894
4509
8065
4514
6899
6900
4519
4521
6898
9366
9368
9370
9372
2687
9374
9231
8837
2688
5689
2689
2690
5690
5970
2753
9376
8865
8859
2755
6020
4531
9371
4532
4539
6893
4559
9378
9380
9382
8351
9384
8355
4560
6917
6918
4561
4562
6921
4563
4564
4565
4566
4567
6923
6925
4568
8273
8353
4569
4570
4571
6605
4572
4573
6927
4574
4575
6919
4576
4577
6929
4578
4579
6924
4580
9203
4581
6612
4582
4583
6931
6932
4585
4586
6922
4587
4589
4588
4590
6654
4584
4591
6936
6937
4593
4595
6935
4594
4596
6658
4592
4597
6939
6940
4598
4600
6934
2757
8863
9381
2759
6009
6022
4602
4604
6938
9386
9388
9390
9392
9394
2760
8857
2761
5726
2762
9396
9237
2763
5727
6007
2253
9398
9235
9400
9259
2254
5762
5765
2255
9249
9402
9251
2256
5764
5766
2326
9257
9404
9281
2327
5799
5802
2328
9271
9406
9273
2329
5801
5803
2399
9279
9408
9303
2400
5836
5839
2401
9293
9410
9295
2402
5838
5840
2472
9301
9412
9325
2473
5873
5876
2474
9315
9414
9317
2475
5875
5877
2545
9323
2546
5910
5913
2547
9337
9416
9345
2548
5912
5914
2618
9343
2619
5947
5950
2620
9357
9418
9365
2621
5949
5951
2691
9363
2692
5984
5987
2693
9377
9420
9385
2694
5986
5988
2764
9383
2765
6021
6024
2766
9399
9422
9401
2767
6023
6025
2834
8903
8897
2836
6061
4614
9393
4615
4622
6933
9391
4623
6926
2838
9424
9426
8901
2840
6048
6063
2841
9428
9403
8895
2842
5767
2843
9430
9405
2844
5768
6046
2907
9432
8919
8913
2909
6098
2911
9434
8917
2913
6087
6100
2914
9436
9407
8911
2915
5804
2916
9438
9409
2917
5805
6085
2980
9440
8939
8933
2982
6135
2984
9442
8937
2986
6124
6137
2987
9444
9411
8931
2988
5841
2989
9446
9413
2990
5842
6122
3053
9448
8959
8953
3055
6172
3057
9450
8957
3059
6161
6174
3060
9452
9415
8951
3061
5878
3062
3063
5879
6159
3126
9454
8979
8973
3128
6209
3130
9456
8977
3132
6198
6211
3133
9458
9417
8971
3134
5915
3135
3136
5916
6196
3199
9460
8999
8993
3201
6246
3203
9462
8997
3205
6235
6248
3206
9464
9419
8991
3207
5952
3208
3209
5953
6233
3272
9466
9019
9013
3274
6283
3276
9468
9017
3278
6272
6285
3279
9421
9470
9011
3280
5989
3281
3282
5990
6270
3345
9472
9037
9031
3347
6320
3349
9474
9035
3351
6309
6322
3352
9423
9476
9029
3353
6026
3354
3355
6027
6307
2845
9478
9427
9431
2846
6062
6065
2847
9429
9480
9433
2848
6064
6066
2918
9435
9482
9439
2919
6099
6102
2920
9437
9484
9441
2921
6101
6103
2991
9443
9486
9447
2992
6136
6139
2993
9445
9488
9449
2994
6138
6140
3064
9451
3065
6173
6176
3066
9453
9490
9455
3067
6175
6177
3137
9457
3138
6210
6213
3139
9459
9492
9461
3140
6212
6214
3210
9463
3211
6247
6250
3212
9465
9494
9467
3213
6249
6251
3283
9469
3284
6284
6287
3285
9471
9496
9473
3286
6286
6288
3356
9475
3357
6321
6324
3358
9477
9498
9479
3359
6323
6325
3426
9073
9500
9067
3428
6361
3430
9502
9071
3432
6348
6363
3433
9481
9504
9065
3434
6067
3435
9506
9483
3436
6068
6346
3499
9091
9508
9085
3501
6398
3503
9510
9089
3505
6387
6400
3506
9485
9512
9083
3507
6104
3508
9514
9487
3509
6105
6385
3572
9111
9516
9105
3574
6435
3576
9518
9109
3578
6424
6437
3579
9489
9520
9103
3580
6141
3581
3582
6142
6422
3645
9131
9522
9125
3647
6472
3649
9524
9129
3651
6461
6474
3652
9491
9526
9123
3653
6178
3654
3655
6179
6459
3718
9151
9528
9145
3720
6509
3722
9530
9149
3724
6498
6511
3725
9532
9493
9143
3726
6215
3727
3728
6216
6496
3791
9171
9534
9165
3793
6546
3795
9536
9169
3797
6535
6548
3798
9538
9495
9163
3799
6252
3800
3801
6253
6533
3864
9189
9540
9183
3866
6583
3868
9542
9187
3870
6572
6585
3871
9544
9497
9181
3872
6289
3873
3874
6290
6570
3937
9207
9546
9201
3939
6620
3941
9548
9205
3943
6609
6622
3944
9550
9499
9199
3945
6326
3946
9552
9501
3947
6327
6607
3437
9503
9554
9507
3438
6362
6365
3439
9505
9556
9509
3440
6364
6366
3510
9511
9558
9515
3511
6399
6402
3512
9513
9560
9517
3513
6401
6403
3583
9519
3584
6436
6439
3585
9521
9562
9523
3586
6438
6440
3656
9525
3657
6473
6476
3658
9527
9564
9529
3659
6475
6477
3729
9531
3730
6510
6513
3731
9533
9566
9535
3732
6512
6514
3802
9537
3803
6547
6550
3804
9539
9568
9541
3805
6549
6551
3875
9543
3876
6584
6587
3877
9545
9570
9547
3878
6586
6588
3948
9549
9572
9553
3949
6621
6624
3950
9551
9574
9555
3951
6623
6625
4018
9243
9576
9241
4020
6661
4022
9578
9245
4024
6648
6663
4025
9557
9580
9239
4026
6367
4027
9582
9559
4028
6368
6646
4101
9269
9584
9263
4103
6701
4105
9586
9267
4107
6690
6703
4108
9561
9588
9261
4109
6404
4110
4111
6405
6688
4184
9289
9590
9285
4186
6741
4188
9592
9287
4190
6730
6743
4191
9563
9594
9283
4192
6441
4193
4194
6442
6728
4267
9311
9596
9307
4269
6781
4271
9598
9309
4273
6770
6783
4274
9600
9565
9305
4275
6478
4276
4277
6479
6768
4350
9335
9602
9329
4352
6821
4354
9604
9333
4356
6810
6823
4357
9606
9567
9327
4358
6515
4359
4360
6516
6808
4433
9355
9608
9349
4435
6861
4437
9610
9353
4439
6850
6863
4440
9612
9569
9347
4441
6552
4442
4443
6553
6848
4516
9375
9614
9369
4518
6901
4520
9616
9373
4522
6890
6903
4523
9618
9571
9367
4524
6589
4525
9620
9573
4526
6590
6888
4599
9397
9622
9389
4601
6941
4603
9624
9395
4605
6930
6943
4606
9626
9575
9387
4607
6626
4608
9628
9577
4609
6627
6928
4029
9579
9630
9583
4030
6662
6665
4031
9581
9632
9585
4032
6664
6666
4112
9587
4113
6702
6705
4114
9589
9634
9591
4115
6704
6706
4195
9593
4196
6742
6745
4197
9595
9636
9597
4198
6744
6746
4278
9599
4279
6782
6785
4280
9601
9638
9603
4281
6784
6786
4361
9605
4362
6822
6825
4363
9607
9640
9609
4364
6824
6826
4444
9611
4445
6862
6865
4446
9613
9642
9615
4447
6864
6866
4527
9617
9644
9621
4528
6902
6905
4529
9619
9646
9623
4530
6904
6906
4610
9625
9648
9629
4611
6942
6945
4612
9627
9650
9631
4613
6944
6946
4035
9633
9652
9253
4036
6667
4039
6670
4037
4038
6668
6669
4118
9635
9275
4119
6707
4040
6671
4120
4121
6708
6709
4201
9637
9297
4202
6747
4203
4204
6748
6749
4284
9639
9654
9319
4285
6787
4286
4287
6788
6789
4122
6710
4367
9641
9339
4368
6827
4369
4370
6828
6829
4450
9656
9643
9359
4451
6867
4452
9658
9645
4453
6868
6869
4533
9660
9647
9379
4534
6907
4123
6711
4535
9649
4536
6908
6909
4616
9662
9651
9425
4617
6947
4618
9664
9653
4619
6948
6949
4205
6750
9655
4206
6751
4288
6790
4289
6791
4371
6830
9657
4372
6831
9659
4454
6870
9661
4455
6871
4537
6910
9663
4538
6911
9665
4620
6950
4621
6951
