2
4
6
8
61
63
1716
110
112
205
206
1718
159
161
1146
1720
208
210
1722
287
289
1724
360
362
1
3
1726
433
435
1249
5
7
207
209
1728
507
509
1730
807
809
1145
58
59
0
9
1147
1148
204
1729
1723
211
1250
1251
60
62
1732
286
288
1734
586
588
1736
896
898
1174
107
108
1738
57
1717
64
1175
1176
1740
285
1735
1725
290
1290
1291
109
111
1742
359
361
1744
659
661
1746
979
981
1199
156
157
1748
106
1719
113
1200
1201
1750
358
1745
1727
363
1327
1328
158
160
1752
432
434
1754
732
734
1756
1062
1064
1224
505
506
1758
155
1721
162
1225
1226
1760
431
1755
436
1364
1365
508
510
587
589
1762
660
662
11
13
1764
733
735
1401
1766
504
1731
511
1402
1403
1768
585
1737
1763
590
1442
1443
1770
658
1747
1765
663
1479
1480
1772
731
1757
736
1516
1517
15
17
68
70
1774
117
119
212
213
1776
166
168
1150
1778
215
217
1780
292
294
1782
365
367
805
806
1784
438
440
1252
1786
808
810
1788
897
899
1790
980
982
10
12
1792
1063
1065
1553
1794
804
1733
811
1554
1555
1796
895
1743
1791
900
1597
1598
1798
978
1753
1793
983
1637
1638
1800
1061
1066
1677
1678
14
16
1789
18
1151
1152
214
216
1802
1739
1781
218
1253
1254
514
516
814
816
1149
65
66
19
21
1144
20
22
219
221
1248
23
24
25
1156
1804
67
69
1741
1775
71
1178
1179
291
293
1749
1783
295
1292
1293
220
222
591
593
1806
901
903
1177
114
115
72
74
1173
223
224
225
1258
296
298
1289
235
236
237
238
1155
241
242
1257
239
240
1265
243
244
1267
1808
116
118
1751
1777
120
1203
1204
73
75
364
366
1759
1785
368
1329
1330
664
666
1810
984
986
1202
163
164
1812
1814
1816
1818
121
123
1198
76
77
78
1183
1820
1822
369
371
1326
1824
122
124
1826
165
167
1761
1779
169
1228
1229
437
439
1767
1787
441
1366
1367
125
126
127
1208
737
739
1828
1067
1069
1227
512
513
1830
1832
170
172
1223
1834
171
173
1836
442
444
1363
174
175
176
1233
515
517
1769
518
1405
1406
592
594
1771
1807
595
1444
1445
665
667
1838
1840
297
299
812
813
738
740
1404
1842
1773
1811
668
1481
1482
1844
519
521
1400
1795
1829
741
1518
1519
1846
596
1848
1843
598
1441
300
301
302
1297
312
1821
313
1850
1852
669
671
1478
314
315
1182
318
1851
319
1296
316
317
1304
320
321
1306
1854
1856
1858
742
1849
744
1515
815
817
1797
1805
818
1557
1558
902
904
1799
1809
905
1599
1600
1860
370
372
985
987
37
39
1068
1070
1556
1862
1801
1827
988
1639
1640
1864
819
821
1552
1866
373
374
375
1334
1803
1071
1679
1680
1868
906
1870
1863
908
1596
385
1831
386
387
388
1207
1872
1874
1876
989
991
1636
1878
391
1875
1877
392
1333
389
1873
390
1341
393
394
1343
1880
1882
1884
1072
1871
1074
1676
41
43
92
94
1886
443
445
1888
141
143
46
47
1890
190
192
1164
1892
446
447
448
1371
458
1839
459
460
461
1232
464
465
1370
462
463
1378
466
467
1380
1894
49
51
1896
1898
1900
520
522
1902
98
100
1904
147
149
253
255
1906
196
198
1168
1908
523
524
525
1410
535
1817
536
537
538
1264
541
542
1409
539
540
1417
543
544
1419
1910
257
259
1912
1914
1916
597
599
1918
332
334
1920
405
407
262
263
1922
478
480
1274
1924
600
601
602
1449
612
1859
613
614
615
1303
618
619
1448
616
617
1456
620
621
1458
1926
1928
1930
670
672
1932
265
267
1934
338
340
1936
411
413
553
555
1938
484
486
1278
1940
673
674
675
1486
685
1885
686
687
688
1340
691
692
1485
689
690
1493
693
694
1495
1942
1944
1946
743
745
1948
557
559
1950
632
634
1952
705
707
562
563
1954
778
780
1426
1956
746
747
748
1523
758
1901
759
760
761
1377
764
765
1522
762
763
1530
766
767
1532
1958
1960
1962
820
822
1964
565
567
1966
638
640
1968
711
713
853
855
1970
823
824
825
1562
1972
784
786
1430
835
1917
836
894
837
838
1416
841
842
1561
1568
839
840
1569
843
844
1571
1974
1976
907
909
1978
857
859
1980
942
944
1982
1025
1027
1984
910
911
912
1604
862
863
1986
1108
1110
1578
922
1931
923
977
924
925
1455
928
929
1603
1610
926
927
1611
930
931
1613
1988
1990
990
1992
1879
992
1994
865
867
1996
948
950
1998
993
994
995
1644
2000
1031
1033
2002
1114
1116
1582
1005
1947
1006
1060
1007
1008
1492
1011
1012
1643
1650
1009
1010
1651
1013
1014
1653
2004
2006
1073
2008
1887
1075
2010
1076
1077
1078
1684
1088
1963
1089
1143
1090
1091
1529
1094
1095
1683
1690
1092
1093
1691
1096
1097
1693
2012
2014
26
2016
1861
2018
1867
27
1153
1154
79
1825
2020
1847
80
1180
1181
128
1833
2022
1835
129
1205
1206
177
1837
2024
1841
178
1230
1231
226
1819
2026
1823
227
1255
1256
303
1845
2028
1853
304
1294
1295
376
1865
2030
1869
377
1331
1332
449
1893
450
1368
1369
526
1909
527
1407
1408
603
1925
604
1446
1447
676
1941
677
1483
1484
749
1957
750
1520
1521
826
1971
2032
2019
827
1559
1560
913
1985
2034
1993
914
1601
1602
996
1999
2036
2009
997
1641
1642
1079
2011
2038
2017
1080
1681
1682
28
2021
29
1157
81
2040
2023
82
1184
36
38
130
2042
2025
131
1209
40
42
48
50
1163
89
90
35
44
1165
1166
53
54
1162
2044
179
2046
2027
180
1234
91
93
45
1903
52
1169
1170
55
56
1167
97
99
1190
2048
228
2050
2029
229
1259
138
139
88
1889
95
1191
1192
102
103
1189
140
142
96
1905
101
1194
1195
2052
104
105
1193
146
148
1215
2054
305
2056
2031
306
1298
187
188
137
1891
144
1216
1217
151
152
1214
189
191
2058
378
379
1335
145
1907
150
1219
1220
153
154
1218
195
197
1240
252
254
186
1895
193
1241
1242
2060
200
201
1239
2062
451
452
1372
256
258
194
1911
199
1244
1245
202
203
1243
264
266
1273
329
330
251
1919
260
1275
1276
2064
269
271
1272
2066
528
529
1411
331
333
261
1935
268
1279
1280
273
275
1277
337
339
1312
2068
605
606
1450
402
403
328
1921
335
1313
1314
342
344
1311
404
406
336
1937
341
1316
1317
2070
346
348
1315
410
412
1349
2072
678
2074
2051
679
1487
475
476
401
1923
408
1350
1351
415
417
1348
477
479
2076
751
2078
2033
752
1524
409
1939
414
1353
1354
419
421
1352
483
485
1386
552
554
474
1933
481
1387
1388
2080
488
490
1385
2082
828
2084
2035
829
1563
556
558
482
1949
487
1390
1391
492
494
1389
564
566
1425
629
630
551
1951
560
1427
1428
2086
569
571
1424
2088
915
2090
2037
916
1605
631
633
561
1967
568
1431
1432
573
575
1429
637
639
1464
2092
998
2094
2039
999
1645
702
703
628
1953
635
1465
1466
642
644
1463
704
706
636
1969
641
1468
1469
2096
646
648
1467
710
712
1501
2098
1081
2100
2041
1082
1685
775
776
701
1955
708
1502
1503
715
717
1500
777
779
709
1973
714
1505
1506
2102
719
721
1504
2104
30
2106
2043
31
1158
783
785
1538
852
854
774
1965
781
1539
1540
788
790
1537
2108
32
33
34
1159
1161
856
858
782
1979
787
1542
1543
792
794
1541
864
866
1577
247
1815
248
1160
939
940
851
1981
860
1579
1580
2110
2112
869
871
1576
2114
83
2116
2047
84
1185
941
943
861
1997
868
1583
1584
873
875
1581
947
949
1619
1022
1023
938
1983
945
1620
1621
2118
952
954
1618
2120
85
86
87
1186
1188
1024
1026
324
1857
325
1187
946
2001
951
1623
1624
956
958
1622
1030
1032
1659
1105
1106
1021
1987
1028
1660
1661
2122
2124
1035
1037
1658
2126
132
2128
2057
133
1210
1107
1109
1029
2003
1034
1663
1664
1039
1041
1662
1113
1115
1699
2130
134
135
136
1211
1213
1104
1995
1111
1700
1701
1118
1120
1698
397
1883
398
1212
1112
1117
1703
1704
2132
2134
1122
1124
1702
2136
181
182
1235
183
184
185
1236
1238
470
1899
471
1237
230
231
1260
232
233
234
1261
1263
245
1813
246
1262
249
2113
250
1269
1270
547
1915
548
1271
307
2095
308
1299
309
310
311
1300
1302
322
1855
323
1301
326
2125
327
1308
1309
624
1929
625
1310
380
2075
381
1336
382
383
384
1337
1339
395
1881
396
1338
399
2135
400
1345
1346
697
1945
698
1347
453
2079
454
1373
455
456
457
1374
1376
468
1897
469
1375
472
473
1382
1383
770
1961
771
1384
530
2085
531
1412
532
533
534
1413
1415
545
1913
546
1414
549
550
1421
1422
847
1977
848
1423
607
2091
608
1451
609
610
611
1452
1454
622
1927
623
1453
626
627
1460
1461
934
1991
935
1462
680
2101
681
1488
682
683
684
1489
1491
695
1943
696
1490
699
700
1497
1498
1017
2007
1018
1499
753
2107
754
1525
755
756
757
1526
1528
768
1959
769
1527
772
773
1534
1535
1100
2015
1101
1536
830
831
1564
832
833
834
1565
1567
845
1975
846
1566
849
850
1573
1574
893
885
886
1575
917
918
1606
919
920
921
1607
1609
932
1989
933
1608
936
937
1615
1616
976
968
969
1617
1000
1001
1646
1002
1003
1004
1647
1649
1015
2005
1016
1648
1019
1020
1655
1656
1059
1051
1052
1657
1083
1084
1686
1085
1086
1087
1687
1689
1098
2013
1099
1688
1102
1103
1695
1696
1142
1134
1135
1697
270
2067
272
1281
274
2069
276
1268
1283
277
2045
2111
278
1171
279
2049
280
1172
1266
343
2071
345
1318
347
2138
2140
2142
2144
2146
2148
2150
2152
2154
2156
2158
2160
2162
2164
2166
2168
2170
2172
2174
2176
2178
2180
2182
2184
2073
349
1307
1320
350
2186
2053
2123
351
1196
352
2188
2055
353
1197
1305
416
2190
2077
2183
418
1355
420
2192
2081
422
1344
1357
423
2194
2059
2133
424
1221
425
2196
2061
426
1222
1342
489
2198
2083
2181
491
1392
493
2200
2087
495
1381
1394
496
2202
2063
2179
497
1246
498
2204
2065
499
1247
1379
281
282
1282
1285
283
284
1284
1286
354
2189
355
1319
1322
356
2187
2191
357
1321
1323
427
2193
2206
2197
428
1356
1359
429
2195
2208
2199
430
1358
1360
500
2201
2210
2205
501
1393
1396
502
2203
503
1395
1397
570
2089
2177
572
1433
574
2212
2093
576
1420
1435
577
2175
578
1287
579
580
1288
1418
643
2214
2097
2173
645
1470
647
2216
2099
649
1459
1472
650
2171
651
1324
652
2218
2207
653
1325
1457
716
2220
2103
2169
718
1507
720
2222
2105
722
1496
1509
723
2224
2209
2167
724
1361
725
2226
2211
726
1362
1494
789
2228
2109
2165
791
1544
793
2230
2117
795
1533
1546
796
2163
797
1398
798
799
1399
1531
581
2232
2213
582
1434
1437
583
2215
584
1436
1438
654
2217
655
1471
1474
656
2219
2234
2221
657
1473
1475
727
2223
2236
2227
728
1508
1511
729
2225
2238
2229
730
1510
1512
800
2231
801
1545
1548
802
2233
803
1547
1549
870
2115
2161
872
1585
874
2240
2119
876
1572
1587
877
2159
878
1439
879
880
1440
1570
953
2121
2242
2157
955
1625
957
2244
2129
959
1614
1627
960
2246
2235
2155
961
1476
962
2248
2237
963
1477
1612
1036
2127
2250
2153
1038
1665
1040
2252
2131
1042
1654
1667
1043
2254
2239
2151
1044
1513
1045
1046
1514
1652
1119
2185
2256
2149
1121
1705
1123
2258
2137
1125
1694
1707
1126
2147
1127
1550
1128
1129
1551
1692
881
2260
2241
882
1586
1589
883
2243
884
1588
1590
964
2245
2249
965
1626
1629
966
2247
2262
2251
967
1628
1630
1047
2253
1048
1666
1669
1049
2255
2264
2257
1050
1668
1670
1130
2259
1131
1706
1709
1132
2261
1133
1708
1710
887
2145
888
1591
891
1594
889
890
1592
1593
970
2263
2143
971
1631
892
1595
972
973
1632
1633
1053
2265
2141
1054
1671
1055
1056
1672
1673
1136
2139
1137
1711
1138
1139
1712
1713
974
1634
975
1635
1057
1674
1058
1675
1140
1714
1141
1715
