6
11
2
66
70
82
68
98
80
118
7
12
1753
4
1
3
5
13
1755
8
9
1752
22
0
23
10
1754
32
1751
16
33
1762
24
17
25
34
1766
35
36
1763
67
37
1759
18
1767
26
19
27
1760
20
15
21
28
1764
29
1749
14
30
1761
71
31
1757
46
1765
56
1750
40
47
57
1774
48
41
49
58
1778
59
2580
60
1775
83
61
1771
64
1779
75
76
1785
63
2582
65
2584
77
1787
87
69
99
81
119
88
1791
79
89
1793
72
73
1784
62
74
1786
108
109
1800
100
2586
2588
93
110
1804
111
101
112
1801
92
113
1797
1805
84
1789
78
2587
85
1790
94
2589
86
1792
102
1782
1783
91
95
103
1798
122
104
1780
96
1802
105
97
106
1799
90
123
107
1803
132
1795
117
1781
114
1788
140
886
133
1812
124
134
1816
135
125
136
1813
116
137
1817
126
1809
115
127
1810
120
128
1814
129
121
130
1811
146
131
1815
156
1807
141
147
157
1824
148
158
1828
159
149
160
1825
142
161
1829
150
1821
139
1796
143
151
1822
144
152
1826
153
1806
138
145
154
1823
999
155
1819
170
1827
180
172
1794
1808
1167
171
181
1836
165
173
182
1840
183
1000
184
1837
164
168
185
1833
166
1841
174
167
175
1834
163
169
176
1838
177
178
1835
162
179
1831
194
1839
204
195
205
1848
196
189
197
206
1852
207
208
1849
188
2585
209
1845
42
1853
50
1770
190
212
43
51
1772
39
2581
191
52
1756
44
1776
53
45
54
1773
38
2583
55
1777
198
1758
186
1769
199
1846
192
187
193
200
1850
201
1830
202
1847
203
1843
218
1851
228
1768
1832
487
219
229
1860
220
213
221
230
1864
231
232
1861
488
233
1857
214
1865
222
215
223
1858
216
211
217
224
1862
225
1842
210
226
1859
227
1844
1855
242
1863
252
243
253
1872
244
237
245
254
1876
255
256
1873
238
236
239
257
1877
246
1869
235
247
1870
240
241
248
1874
249
1854
234
261
260
250
1871
266
267
251
1875
276
1856
288
1867
277
1884
268
269
278
1888
279
280
1885
262
263
281
1889
270
1881
259
271
1882
264
265
272
1886
273
1866
258
283
289
274
1883
275
1887
300
1879
282
1868
301
1896
290
291
302
1902
303
304
1897
292
293
305
1903
306
1891
285
318
1890
284
307
1898
294
295
308
1904
309
310
1899
296
297
311
1905
312
1893
287
319
1892
286
313
1900
298
299
314
1906
315
316
1901
437
438
317
1907
459
1895
424
423
375
320
1894
327
460
1970
439
440
461
1978
462
463
1971
389
390
464
1979
411
1963
376
2590
412
1946
391
392
413
1954
414
415
1947
485
486
416
1955
507
1939
328
508
1994
472
509
2002
510
511
1995
471
483
512
1987
481
2003
501
482
502
1992
470
484
503
2000
504
505
1993
469
479
506
1985
477
2001
495
478
496
1990
468
480
497
1998
498
499
1991
467
475
500
1983
473
1999
489
474
490
1988
466
476
491
1996
492
493
1989
465
547
494
1981
545
1997
589
546
590
2024
520
548
591
2040
592
593
2025
549
594
2041
595
550
596
2026
551
597
2042
598
552
599
2027
519
539
600
2011
341
2043
363
342
364
1922
343
344
365
1930
366
367
1923
537
538
368
1931
577
1915
326
578
2020
518
540
579
2036
580
581
2021
541
582
2037
583
542
584
2022
543
585
2038
586
544
587
2023
517
531
588
2009
529
2039
565
530
566
2016
516
532
567
2032
568
569
2017
533
570
2033
571
534
572
2018
535
573
2034
574
536
575
2019
515
523
576
2007
521
2035
553
522
554
2012
514
524
555
2028
556
1980
603
601
557
2013
635
558
1982
525
2029
559
526
560
2014
636
561
1984
527
2030
562
528
563
2015
513
633
564
2031
677
2005
883
1986
891
634
678
2064
608
607
605
679
2080
680
681
2065
637
638
682
2081
683
684
2066
639
640
685
2082
686
687
2067
625
626
688
2083
665
2051
606
666
2060
627
628
667
2076
668
669
2061
629
630
670
2077
671
672
2062
631
632
673
2078
674
675
2063
617
618
676
2079
653
2049
604
654
2056
619
620
655
2072
656
657
2057
621
622
658
2073
659
660
2058
623
624
661
2074
662
663
2059
609
610
664
2075
641
2047
602
642
2052
611
612
643
2068
644
645
2053
613
614
646
2069
647
648
2054
615
616
649
2070
650
651
2055
721
722
652
2071
765
2045
696
766
2104
723
724
767
2120
768
769
2105
725
726
770
2121
771
772
2106
727
728
773
2122
774
775
2107
695
820
776
2091
796
2123
798
1914
325
797
821
799
2134
795
819
800
2135
822
823
2146
844
845
824
2147
846
847
2158
868
843
869
848
2159
870
871
2170
867
882
872
2090
2171
961
884
2157
2169
917
2179
892
2133
337
2145
918
962
2200
919
963
2216
964
920
338
965
2201
921
966
2217
967
922
968
2202
923
969
2218
970
924
971
2203
972
2187
713
2219
357
2178
880
714
358
1920
339
359
1928
360
340
361
1921
694
362
1929
753
1913
324
754
2100
715
716
755
2116
756
757
2101
717
718
758
2117
759
760
2102
719
720
761
2118
762
763
2103
693
814
764
2089
790
2119
792
1912
323
791
815
793
2131
789
813
794
2132
816
817
2143
838
839
818
2144
840
841
2155
862
837
863
842
2156
864
865
2167
861
879
866
2088
2168
949
881
2154
2166
909
2177
890
2130
2142
889
910
950
2196
911
951
2212
952
912
953
2197
913
954
2213
955
914
956
2198
915
957
2214
958
916
959
2199
333
960
2215
351
2176
2185
876
877
334
352
1918
335
336
353
1926
354
355
1919
705
706
356
1927
741
1911
322
742
2096
707
692
708
743
2112
744
745
2097
709
710
746
2113
747
748
2098
711
712
749
2114
750
751
2099
691
808
752
2087
784
2115
786
1910
321
785
809
787
2128
783
807
788
2129
810
811
2140
832
833
812
2141
834
835
2152
856
831
857
836
2153
858
859
2164
855
860
2165
937
2086
878
2175
901
2127
2139
2151
2163
888
902
938
2192
903
939
2208
940
904
941
2193
905
942
2209
943
906
944
2194
907
945
2210
946
908
947
2195
887
329
948
2211
345
2174
699
2183
873
874
330
346
1916
331
332
347
1924
348
2592
349
1917
697
698
350
1925
729
1909
2594
700
730
2092
690
731
2108
732
2044
733
2093
701
702
734
2109
735
2046
736
2094
703
704
737
2110
738
2048
689
739
2095
850
740
2085
778
2111
780
2050
1908
779
781
2125
802
777
803
782
2126
804
805
2137
826
801
827
806
2138
828
851
829
2149
825
830
2150
852
853
2161
849
854
2162
925
2084
875
2124
2136
2148
893
2173
2160
1151
894
926
2188
895
927
2204
928
2004
885
896
929
2189
897
930
2205
931
2006
898
932
2190
899
933
2206
934
2008
1127
900
935
2191
1005
936
2207
1049
2172
980
2010
979
2181
1166
1006
1050
2240
1007
1051
2256
1052
1008
1053
2241
1009
2596
1054
2257
1055
1010
2597
1056
2242
1011
2598
1057
2258
1058
1012
2600
1059
2243
1080
1060
2259
1082
2227
1079
1103
1938
1081
1083
2270
1104
2602
1084
2271
1106
1105
1107
2282
1128
1108
2283
1130
1129
1131
2294
1152
1132
2295
1154
1153
1155
2306
1189
1156
2307
1211
2226
1190
1168
2269
2281
2293
2305
2315
1191
385
1212
2330
1176
1192
1213
2338
1214
386
1215
2331
1175
1216
2339
405
2314
1001
1074
1098
2323
1163
1164
406
1944
387
374
2604
2593
388
407
1952
408
409
1945
997
373
998
2595
410
1953
1037
1937
1002
1038
2236
978
1039
2252
1040
2606
2608
2603
1041
2237
381
2599
1042
2253
1043
1075
1099
382
1044
2238
1003
2601
1045
2254
1046
1004
1047
2239
977
2610
1048
2255
1076
2225
1122
1146
1936
1077
2267
1073
1123
2612
1078
2268
1100
1147
1101
2279
1097
1102
2280
1124
1125
2291
1121
1126
2292
1148
1149
2303
1145
1150
2224
1185
2304
1205
1165
2266
2278
2290
2302
2313
1187
989
1186
1206
2328
1174
1188
1207
2336
1208
990
1209
2329
1173
1210
2337
399
2312
991
1068
1092
2321
1160
1161
400
1942
383
372
2614
2609
384
401
1950
402
403
1943
371
2607
404
1951
1025
1935
992
1026
2232
976
1027
2248
1028
2613
2616
1029
2233
993
2618
1030
2249
1031
994
1069
1032
2234
995
2620
2611
1033
2250
1034
996
1093
1035
2235
975
2622
1036
2251
1070
2223
1116
1140
1934
1183
1071
2264
1067
1117
2624
1072
2265
1094
1141
1184
1095
2276
1091
1096
2277
1118
1119
2288
1115
1120
2289
1142
1143
2300
1139
1144
2222
1181
2301
1199
1162
2263
2275
2287
2299
2311
1171
974
1182
1200
2326
1172
1201
2334
1202
1203
2327
377
1204
2335
393
2310
973
1109
1133
2319
1157
1158
378
394
1940
379
370
2626
2619
380
395
1948
396
397
1941
981
369
982
2617
398
1949
1013
1933
1014
2228
983
1015
2180
2244
1016
984
2628
2630
2621
1017
2229
985
1018
2182
2245
1019
986
2623
1020
2230
987
1021
2184
2246
1022
988
2625
1023
2231
1062
1024
2247
1064
2221
1061
1085
2186
1110
1932
1063
1065
2261
1086
1066
2262
1088
1087
1111
1089
2273
1177
1090
2274
1112
1178
1113
2285
1134
1114
2286
1136
1135
1137
2297
1138
2298
1193
2220
1159
2260
2272
2284
2296
1170
2309
1169
1194
2324
1179
1195
2332
1196
1818
1180
1197
2325
1233
1198
2308
1249
2333
1293
1820
2317
1224
1253
1255
1241
1250
1294
2360
1251
1295
2376
1296
1252
1254
2605
1256
1297
2361
2627
1298
2377
1299
1242
1234
1300
2362
2615
1301
2378
1302
1303
2363
1223
1304
2379
1281
2347
1222
1282
2356
1243
2632
1219
1283
2372
1284
1244
1285
2357
1245
1286
2373
1287
1246
1288
2358
1247
1289
2374
1290
1248
1291
2359
1221
1292
2375
1269
2345
1220
1270
2352
1235
1271
2368
1272
1236
1273
2353
1237
1274
2369
1275
1238
1276
2354
1239
1277
2370
1278
1240
1279
2355
1225
1280
2371
1257
2343
1218
1226
1258
2348
1227
1259
2364
1260
2316
1228
1261
2349
1229
1262
2365
1263
2318
1217
1230
1264
2350
1231
1265
2366
1266
2320
1232
1267
2351
1337
1268
2367
1381
2341
1312
2322
1311
1309
1338
1382
2400
1339
1383
2416
1384
1340
2633
1385
2401
1341
1386
2417
1387
1342
1388
2402
1343
1389
2418
1390
1344
1391
2403
2591
1392
1962
433
2419
453
2387
1310
434
2634
1307
454
1968
435
422
2631
436
455
1976
456
457
1969
1329
421
1330
2629
458
1977
1369
1961
420
1370
2396
1331
1371
2412
1372
1332
1373
2397
1333
1374
2413
1375
1334
1376
2398
1335
1377
2414
1378
1336
1379
2399
429
1380
2415
447
1960
419
2385
1308
430
448
1966
431
432
449
1974
450
2636
451
1967
1321
1322
452
1975
1357
1959
2638
2640
1358
2392
1323
1359
2408
1360
1324
2639
1361
2393
1325
1362
2409
1363
1326
1364
2394
1327
1365
2410
1366
1328
1367
2395
1368
1958
425
2411
441
2383
1306
426
442
1964
418
2637
443
1878
427
1972
444
428
445
1965
417
2641
446
1880
1313
1973
1345
1957
1314
1346
2388
1315
1347
2404
1348
2340
1305
1316
1349
2389
1317
1350
2405
1351
2342
1425
1318
1352
2390
1319
1353
2406
1354
2344
1417
1320
1426
1355
2391
1418
1356
2407
1469
2381
1400
2346
1427
1956
1423
1470
2440
1428
1471
2456
1472
2635
1424
1473
2441
1429
1474
2457
1475
1430
1476
2442
1431
1477
2458
1478
1432
2642
1479
2443
1399
1480
2459
1457
2427
1398
1458
2436
1419
2644
1397
1459
2452
1460
1420
1461
2437
1421
1462
2453
1463
1422
1464
2438
2643
1465
2454
1466
1467
2439
1409
1468
2455
1445
2425
1396
1410
1446
2432
1411
2646
1395
1447
2448
1448
1412
1449
2433
1413
1450
2449
1451
1414
1452
2434
1415
1453
2450
1454
1416
1455
2435
1401
1456
2451
1433
2423
1394
1402
1434
2428
1403
1435
2444
1436
2380
1407
1404
1437
2429
1405
1438
2445
1439
2382
1406
1408
1440
2430
1513
1441
2446
1442
2384
1393
1514
1443
2431
1444
2447
1557
2421
1488
2386
1558
2480
1515
1559
2496
1560
1516
1561
2481
1517
1562
2497
1563
1518
2648
1487
1564
2482
1519
2647
1565
2498
1566
1520
2650
1567
2483
1505
2645
1568
2499
1545
2467
1486
1506
1546
2476
1507
2652
1547
2492
1548
2649
1508
1549
2477
1509
1550
2493
1551
1510
2654
1552
2478
1511
2651
1553
2494
1554
1512
2656
1485
1555
2479
1497
1498
1556
2495
1533
2465
1484
1534
2472
1499
2658
1535
2488
1536
2655
1500
1537
2473
1501
1538
2489
1539
1502
2660
1540
2474
1503
2657
1541
2490
1542
1504
2662
1483
1543
2475
1489
1490
1544
2491
1521
2463
1482
1522
2468
1601
1523
2420
1491
2484
1524
1492
1525
2469
2661
1526
2422
1493
2485
1527
1494
1528
2470
2663
1529
2424
1495
2486
1530
1496
1531
2471
1481
1602
1532
2487
1645
2461
1576
2426
1646
2520
1603
1647
2536
1648
1604
2659
1649
2521
1605
1650
2537
1651
1606
1652
2522
1607
2664
1653
2538
1654
2653
1608
2666
1575
1655
2523
1593
1594
1656
2539
1633
2507
1574
1634
2516
1595
2668
1635
2532
1636
2665
1596
1637
2517
1597
1638
2533
1639
1598
2670
1640
2518
1599
2667
1641
2534
1642
1600
2672
1573
1643
2519
1585
1586
1644
2535
1621
2505
1572
1622
2512
1587
2674
1623
2528
1624
2671
1588
1625
2513
1589
1626
2529
1627
1590
2676
1628
2514
1591
2673
1629
2530
1630
1592
2678
1571
1631
2515
1577
1578
1632
2531
1609
2503
1570
1610
2508
1665
1611
2460
1579
2524
1612
1580
1613
2509
2677
1614
2462
1581
2525
1615
1582
1616
2510
2679
1617
2464
1583
2526
1618
1584
1619
2511
1569
1666
1620
2527
1697
2501
1658
2466
1698
2548
1667
1699
2564
1700
1668
2675
1701
2549
1669
1702
2565
1703
1670
1704
2550
1671
2680
1705
2566
1706
2669
1672
2682
1657
1707
2551
1673
1674
1708
2567
1709
2541
1660
1710
2552
1675
1745
2540
1711
2568
1712
2681
1676
1713
2553
1677
1714
2569
1715
1678
2684
1716
2554
1679
2683
1717
2570
1718
1680
2686
1659
1719
2555
1681
1682
1720
2571
1721
2543
1662
1722
2556
1683
1746
2542
1723
2572
1724
2685
1684
1725
2557
1685
1726
2573
1727
1686
2688
1728
2558
1687
2687
1729
2574
1730
1688
2690
1661
1731
2559
1689
1690
1732
2575
1733
2545
1664
1734
2560
1747
2544
1691
1735
2576
1736
2500
1692
1737
2561
2689
1738
2502
1693
2577
1739
1694
1740
2562
2691
1741
2504
1695
2578
1742
1696
1743
2563
1663
1744
2506
2547
2579
1748
2546
