2
1
11
10
6
5
0
19
20
23
24
37
36
46
65
45
73
76
77
89
114
122
125
126
138
163
174
175
187
212
236
261
4
3
8
13
7
9
4628
15
4627
14
12
17
16
39
18
4632
41
4631
40
21
4624
35
22
25
4636
26
43
47
27
4633
28
4634
30
29
4637
32
33
38
31
4638
53
66
42
44
4645
48
4646
49
34
4641
72
4639
55
50
4643
58
54
4642
57
51
52
4650
61
4649
60
63
56
4647
96
59
62
115
64
4656
68
4655
67
70
69
71
4659
92
4658
91
74
4653
88
94
75
164
78
4663
79
80
4660
81
4661
83
82
4664
85
86
213
90
84
4665
102
93
95
4671
97
4672
98
87
4668
121
4666
104
99
4670
107
103
4669
106
100
101
4675
110
4674
109
108
112
105
4673
145
111
262
113
4681
117
4680
116
119
118
120
4684
141
4683
140
123
4678
137
143
124
127
4688
128
129
4685
130
4686
132
131
4689
134
135
139
133
4690
153
142
144
4696
146
4697
147
136
4693
151
4691
170
148
4695
156
152
4694
155
157
149
6952
177
150
4700
159
4699
158
154
4698
194
161
6954
171
160
162
4706
166
4705
165
168
167
169
4709
190
4708
189
172
4703
186
192
173
178
4710
181
176
4711
179
4713
223
224
180
4714
183
184
188
182
4715
202
191
6956
193
4721
195
4722
196
185
4718
200
4716
219
197
4720
205
201
4719
204
206
198
6958
226
199
4725
208
4724
207
203
4723
243
210
6960
220
209
211
4731
215
4730
214
217
216
218
4734
239
4733
238
221
4728
235
241
222
227
4735
230
225
4736
228
4738
272
273
229
4739
232
233
237
231
4740
251
240
6962
242
4746
244
4747
245
234
4743
249
4741
268
246
4745
254
250
4744
253
255
247
6964
275
248
4750
257
4749
256
252
4748
292
259
6966
269
258
260
4756
264
4755
263
266
265
267
4759
288
4758
287
6968
285
270
4753
284
290
271
276
4760
279
274
4761
277
4763
321
322
278
4764
281
282
286
280
4765
300
289
6970
291
4771
293
4772
294
283
4768
298
4766
317
295
4770
303
299
4769
302
304
296
6972
324
297
4774
305
4775
306
301
4773
341
6974
318
307
308
309
4781
313
4780
312
315
6976
310
311
314
316
4784
337
4783
336
6978
334
319
4778
333
339
320
325
4785
328
323
4786
326
4788
370
371
327
4789
330
331
335
329
4790
349
338
6980
340
4797
343
4796
342
332
4793
347
4791
366
345
348
4794
351
344
4795
352
6982
373
346
4800
355
4799
354
353
357
4626
359
350
4798
390
6984
367
360
356
358
4806
362
4805
361
364
4630
383
363
365
4809
386
4808
385
368
4803
382
388
4644
408
369
409
374
4810
377
372
4811
375
4813
419
420
376
4814
379
380
384
378
4815
398
387
6986
389
4821
391
4822
392
381
4818
396
4816
415
393
4820
401
397
4819
400
402
394
4648
448
6988
422
395
4825
404
4824
403
399
4823
457
6990
416
406
405
407
4831
411
4830
410
413
6992
458
459
412
414
4834
453
4833
452
6994
449
417
4828
447
418
423
4835
426
451
421
4836
424
4838
428
429
425
4839
465
450
427
4840
466
455
454
456
4856
461
4855
460
430
4843
431
433
439
4841
469
443
463
467
4852
481
432
434
4635
435
462
4853
525
436
4845
437
464
4860
483
4859
482
438
4837
440
4847
441
468
4861
470
442
4842
485
471
4857
532
472
4863
473
4848
484
474
4651
475
486
4871
488
4870
487
476
4652
477
478
4862
479
4865
493
480
4866
492
4864
499
490
444
4640
445
4846
496
446
4849
4850
497
489
491
4873
528
4872
527
494
4869
524
530
495
500
4874
501
502
4878
543
526
498
4875
503
4877
505
506
504
4879
538
529
531
4894
534
4893
533
536
507
4882
508
510
4880
539
540
4891
554
535
4892
598
537
4897
556
4896
555
509
511
4662
512
513
4884
514
558
515
4876
516
517
4886
518
557
541
4898
542
559
4908
561
4907
560
544
4895
605
545
4900
546
547
4676
548
563
549
4677
550
551
4902
552
4899
566
562
553
4903
565
4901
572
564
4910
601
4909
600
519
4881
520
4887
569
6996
521
4667
522
4885
578
523
4888
570
4889
581
567
4906
597
603
568
6998
6953
573
4911
574
575
4915
616
6955
599
571
4912
576
4914
579
577
4916
611
602
604
4931
607
4930
606
609
580
4919
583
585
4917
612
595
613
4928
627
608
4929
671
610
4934
629
4933
628
582
584
4687
586
4921
587
631
588
4913
589
590
4923
591
7000
654
630
614
4935
615
632
4945
634
4944
633
617
4932
678
618
4937
619
620
4701
621
636
622
4702
623
624
4939
625
4936
639
635
626
4940
638
4938
645
637
4947
674
4946
673
592
4918
593
4924
642
7002
594
4922
4692
596
4925
4926
651
640
4943
670
676
641
7004
643
6959
646
4948
647
7006
648
4952
685
644
4949
649
4951
652
650
672
4953
684
6961
675
677
4968
680
4967
679
653
4956
656
4954
689
668
6957
682
686
4965
700
681
4966
744
683
4971
702
4970
701
655
657
4712
658
659
4958
660
704
661
4950
662
663
4960
664
7008
727
703
687
4972
688
705
4982
707
4981
706
690
4969
751
691
4974
692
693
4726
694
709
695
4727
696
697
4976
698
4973
712
708
699
4977
711
4975
718
710
4984
747
4983
746
665
4955
666
4961
715
7010
667
4959
4717
669
4962
4963
724
713
4980
743
749
714
7012
716
6965
719
4985
720
7014
721
4989
762
717
4986
722
4988
725
723
745
4990
757
6967
748
726
4993
729
4991
758
741
750
5004
752
5005
753
6963
754
5003
759
5002
773
755
756
5008
775
5007
774
6969
728
730
4737
731
732
4995
733
777
734
4987
735
736
4997
737
7016
800
776
760
5009
761
778
5019
780
5018
779
763
5006
824
764
5011
765
766
4751
767
782
768
4752
769
770
5013
771
5010
785
772
5014
784
5012
791
738
4992
739
4998
788
7018
740
4996
4742
742
4999
5000
797
781
783
5021
820
5020
819
7020
817
7022
789
6973
786
5017
816
822
787
7024
792
5022
793
794
5026
835
6975
818
790
5023
795
5025
798
796
5027
830
821
823
5041
825
5042
826
827
5040
799
5030
802
5028
831
814
832
5039
846
6977
828
829
5044
847
5045
848
849
6971
7026
850
851
5056
853
5055
852
6979
801
803
4762
804
805
5032
806
855
807
5024
808
809
5034
810
7028
873
833
5046
834
836
5043
897
837
5048
838
839
4776
840
841
4777
842
843
5050
844
5047
858
845
5051
857
5049
864
811
5029
812
5035
861
7030
813
5033
4767
815
5036
5037
870
854
856
5058
893
5057
892
7032
862
6983
859
5054
889
895
860
7034
890
7036
865
5059
866
867
5063
908
6985
863
5060
868
5062
871
891
869
5064
903
894
896
5079
899
5078
898
901
872
5067
875
5065
904
887
905
5076
919
900
5077
1040
902
5082
921
5081
920
6981
923
4829
963
922
874
924
5093
926
5092
925
876
4787
877
878
5069
879
880
5061
881
882
5071
883
7038
946
906
5083
907
928
4832
909
5080
970
927
6995
910
5085
911
929
5095
966
5094
965
912
4801
913
914
4802
915
916
5087
917
5084
931
968
4854
918
5088
930
5086
937
932
5091
962
7040
933
938
5096
939
7042
6993
940
5100
977
884
5066
885
5072
934
886
5070
4792
888
5073
5074
943
964
7044
935
967
6989
969
5116
972
5115
971
936
5097
941
5099
944
974
4858
993
973
5114
1000
975
5119
996
5118
995
942
5101
976
997
7046
1050
994
945
5104
948
5102
960
978
5113
992
1001
998
999
5131
1003
5130
1002
6987
1005
1004
1006
5134
1045
5133
1044
7048
1041
6991
947
949
4812
950
951
5106
952
953
5098
954
955
5108
956
7050
1023
979
5120
980
957
5103
958
982
5117
1049
959
4817
981
983
5122
984
5109
1011
985
4826
986
987
4827
988
5107
1043
989
5124
990
5121
1008
991
5125
1007
5123
1014
1009
5128
1039
1010
1015
5135
1016
1051
1047
1017
5139
1062
961
5110
5111
1020
7052
1012
1042
1013
5136
1018
5138
1021
1019
5140
1057
1046
1048
5156
1053
5155
1052
1055
1022
5143
1025
1027
5141
1058
1059
5152
1073
1054
5153
1117
1056
5160
1075
5159
1074
1024
1026
4844
1028
5145
1029
1077
1030
5137
1031
1032
5147
1033
1076
1060
5161
1061
1078
5171
1080
5170
1079
1063
5157
1124
1064
5163
1065
1066
4867
1067
1082
1068
4868
1069
1070
5165
1071
5162
1085
1081
1072
5166
1084
5164
1091
1083
5173
1120
5172
1119
1034
5142
1035
5148
1088
7054
1036
4851
1037
5146
1038
5149
1089
5150
1097
1086
5169
1116
1122
1087
7056
6999
1092
5174
1093
1094
5178
1135
1090
5175
1095
5177
1098
1118
1096
5179
1130
1121
1123
5194
1126
5193
1125
1128
1099
5182
1100
1102
5180
1131
1132
5191
1146
1127
5192
1190
1129
5197
1148
5196
1147
1101
1103
4883
1104
1105
5184
1106
1150
1107
5176
1108
1109
5186
1110
7058
1149
1111
5181
1112
1113
4890
1114
1151
5208
1153
5207
1152
1115
5189
5188
1133
5198
1134
1136
5195
1197
7060
1137
5200
1138
5187
1161
1155
1139
4904
1140
1154
1156
5210
1193
5209
1192
6997
1195
1141
4905
1142
5185
1162
1143
5202
1144
5199
1158
1145
5203
1157
5201
1164
2119
1159
5206
1189
7062
1160
1165
5211
1166
7064
7007
1167
5215
1208
1163
5212
1168
5214
1170
1171
1191
7003
1169
5216
1203
1194
1196
5231
1199
5230
1198
1172
5219
1173
1175
5217
1204
1201
1205
5228
1219
7001
1200
5229
1263
1202
5234
1221
5233
1220
1174
7005
1223
1176
4920
1177
1178
5221
1179
1222
1180
5213
1181
1224
5245
1226
5244
1225
1182
5223
1183
7066
1206
5235
1207
1209
5232
1270
1210
5237
1211
1228
1212
4941
1213
1227
1214
4942
1215
1229
5247
1266
5246
1265
1216
5239
1217
5236
1231
1218
5240
1230
5238
1237
1184
5218
1185
5224
1234
7068
1186
4927
1187
5222
1232
5243
1262
1268
1233
1238
5248
1239
7070
7015
1188
5225
5226
1240
5252
1281
7072
1235
7011
1236
5249
1241
5251
1243
1244
1264
1242
5253
1276
1267
1269
5268
1272
5267
1271
1274
1245
5256
1246
1248
5254
1277
1278
5265
1292
1273
5266
1336
1275
5271
1294
5270
1293
7009
1296
1295
1247
7013
1297
5282
1299
5281
1298
1249
4957
1250
1251
5258
1252
1253
5250
1254
1255
5260
1256
7074
1279
5272
1280
1301
1282
5269
1343
1300
1283
5274
1284
1302
5284
1339
5283
1338
1285
4978
1286
1287
4979
1288
1289
5273
1290
5276
1304
1341
1291
5277
1303
5275
1310
1305
5280
1335
7076
1306
1257
5255
1258
5261
1307
1259
4964
1260
5259
1261
5262
5263
7025
7078
1308
1311
5285
1314
1309
5286
1312
5288
1316
1317
7080
1313
5289
1354
1315
1337
5290
1349
7019
1318
5293
1319
1321
5291
1350
1340
1342
5304
1344
5305
1345
7017
1346
5303
1351
5302
1365
1347
1348
5308
1367
5307
1366
7021
1320
1322
4994
1323
1324
5295
1325
1326
5287
1327
1369
1328
5297
1329
7082
1352
5309
1353
1368
1370
5319
1372
5318
1371
1355
5306
1416
1356
5311
1357
1358
5015
1359
1360
5016
1361
1374
1362
5313
1376
5310
1363
1364
5314
1377
5312
1383
1330
5292
1331
5298
1380
7084
1373
7023
1375
5321
1412
5320
1411
7086
1409
7088
1332
5001
1333
5296
7037
1378
5317
1408
1414
1379
1384
5322
1385
7031
1386
5326
1427
1410
1334
5299
5300
1413
7090
1381
1415
5341
1417
5342
1418
1382
5323
1387
5325
1389
1390
1419
5340
7027
1420
1421
5344
1439
5345
1440
1388
5327
1422
1391
5330
1392
1394
5328
1423
1424
5339
1438
1441
7029
7092
1442
1443
5356
1445
5355
1444
7035
1393
1395
5031
1396
1397
5332
1398
1447
1399
5324
1400
1401
5334
1402
7094
1425
5346
1426
1428
5343
1489
1429
5348
1430
1431
5052
1432
1433
5053
1434
1435
5347
1436
5350
1450
1437
5351
1449
5349
1456
1403
5329
1404
5335
1453
7096
1446
7033
1448
5358
1485
5357
1484
7098
1482
7100
1405
5038
1406
5333
7043
1451
5354
1481
1487
1452
1407
5336
5337
1457
5359
1460
7102
1454
7041
1455
5360
1458
5362
1462
1463
1459
5363
1500
1483
1461
5364
1495
1486
1488
5379
1491
5378
1490
1464
5367
1465
1467
5365
1496
1493
1497
5376
1511
7039
1492
5377
1632
1494
5382
1513
5381
1512
1466
7045
1468
5068
1469
1515
5129
1555
1470
5369
1471
1472
5361
1473
1514
1474
5371
1475
7104
1516
5393
1518
5392
1517
1498
5383
1499
1501
5380
1562
1502
5385
1503
1520
5132
1592
1504
5089
1505
1506
5090
1507
1519
1593
1508
5387
1522
5384
1509
1521
5395
1558
5394
1557
1510
5388
1523
5386
1529
1476
5366
1477
5372
1526
1478
5075
1479
5370
1480
5373
5374
1524
5391
1554
1560
5154
7106
1527
1525
1530
5396
1531
7049
1532
5400
1573
1556
1528
5397
1533
5399
1535
1536
1534
5401
1568
1559
1561
5416
1564
5415
1563
1566
5158
1537
5404
1538
1540
5402
1569
1604
1570
5413
1584
7047
1565
5414
1585
1567
5419
1588
5418
1587
1586
7051
1590
1589
1591
5431
1595
5430
1594
7108
1642
1539
1643
1541
5105
1542
1543
5406
1544
1597
1545
5398
1546
1547
5408
1548
1596
1571
5420
1572
1598
5434
1637
5433
1636
7110
1633
1574
5417
1641
1575
5422
1576
1577
5126
1578
1579
5127
1580
1581
5421
1582
5424
1600
1583
5425
1599
5423
1606
1601
5428
1631
7112
1602
1635
1607
5435
1610
7114
1549
5409
1603
5403
1550
1605
5436
1608
5438
1613
1609
5439
1654
1639
7053
1634
1611
5440
1649
7057
1638
1640
5456
1645
5455
1644
1551
5112
1552
5407
1615
1553
5411
1612
5410
1617
1614
5443
1619
5441
1650
1627
1647
1651
5452
1665
7055
1646
5453
1709
1616
1648
5460
1667
5459
1666
1618
5144
1620
5445
1621
1622
5437
1623
1624
5447
1625
7116
1692
1652
5461
1653
1669
1655
5457
1716
1668
1656
5463
1657
1670
5471
1672
5470
1671
1658
5167
1659
1674
1660
5168
1661
1662
5465
1676
5462
1663
1673
1675
5473
1712
5472
1711
1664
5466
1677
5464
1683
1626
5448
1680
5442
7118
1628
5151
1629
5446
1630
5450
1681
5449
1678
5469
1708
1714
1679
7120
7065
1684
5474
1685
1686
5478
1727
1682
5475
1687
5477
1690
1710
7059
1688
5479
1722
7063
1713
7122
1689
1715
5494
1718
5493
1717
1720
1691
5482
1694
5480
1723
1724
5491
1738
1719
5492
1782
1721
5497
1740
5496
1739
1693
7061
1695
5183
1696
1697
5484
1698
1699
5476
1700
1742
1701
5486
1702
7124
1765
1725
5498
1726
1741
1743
5508
1745
5507
1744
1728
5495
1789
1729
5500
1730
1731
5204
1732
1733
5205
1734
1747
1735
5499
1736
5502
1750
1746
1737
5503
1749
5501
1756
1748
5510
1785
5509
1784
1703
5481
1704
5487
1753
7126
1705
5190
1706
5485
1707
5488
5489
1762
1751
5506
1781
1787
1752
7128
1754
7071
1757
5511
1760
7130
1755
5512
1758
5514
1763
1759
5515
1800
7067
1761
1783
5516
1795
7069
1786
1788
5531
1791
5530
1790
1764
5519
1767
5517
1796
1766
7073
1793
1797
5528
1811
1768
5220
1769
1770
5521
1771
1792
5529
1855
1772
5513
1773
1794
5534
1813
5533
1812
1774
5523
1775
7132
1838
1798
5535
1799
1776
5518
1777
1778
5227
1779
1815
1801
5532
1862
1802
5537
1803
5524
1826
1814
1804
5241
1805
1816
5545
1818
5544
1817
1806
5242
1807
5522
1808
5539
1822
5536
1809
7075
1810
5540
1823
5538
1829
1820
1780
5525
5526
1835
7134
1827
1819
1821
5547
1858
5546
1857
7136
1824
5543
1854
1860
1825
1830
5548
1831
7138
7081
1832
5552
1873
1828
5549
1833
5551
1836
1856
7077
1834
5553
1868
1859
1861
5568
1864
5567
1863
1837
5556
1840
5554
1869
1866
1870
5565
1884
1865
5566
1928
1839
7079
1867
5571
1886
5570
1885
1841
5257
1842
1843
5558
1844
1845
5550
1846
1847
5560
1848
7140
1911
1871
5572
1872
1888
1874
5569
1935
1887
1875
5574
1876
1889
5582
1891
5581
1890
1877
5278
1878
1879
5279
1880
1881
5573
1882
5576
1896
1893
1883
5577
1895
5575
1902
1849
5555
1850
5561
1899
7142
1892
1851
5264
1852
5559
1894
5584
1931
5583
1930
1853
5562
5563
1908
1897
5580
1927
1933
1898
7144
1900
7089
1903
5585
1906
7146
1901
5586
1904
5588
1909
1905
5589
1946
7083
7085
1929
1907
5590
1941
1932
1934
5604
1936
5605
1937
1910
5593
1913
5591
1942
1938
5603
1943
5602
1957
1912
7087
1939
1914
5294
1915
1916
5595
1917
1940
5608
1959
5607
1958
1918
5587
1919
1920
5597
1921
7148
1984
1944
5609
1945
1922
5592
1923
1961
1947
5606
2008
1948
5611
1949
5598
1972
1960
1950
5315
1951
1962
5619
1964
5618
1963
1952
5316
1953
1954
5613
1968
5610
1955
1956
5614
1969
5612
1975
1966
7150
1965
7091
1967
5621
2004
5620
2003
1924
5301
1925
5596
7152
2001
7154
7101
1970
5617
2000
2006
1971
1976
5622
1977
7095
1978
5626
2019
7097
2002
1926
5599
5600
1981
2005
7156
1973
2007
5641
2009
5642
2010
1974
5623
1979
5625
1982
2011
5640
7093
2012
2013
5644
2031
5645
2032
1980
5627
2014
1983
5630
1986
5628
2015
2016
5639
2030
1985
1987
5331
1988
1989
5632
1990
1991
5624
1992
1993
5634
1994
7158
2057
2033
7103
2017
5646
2018
2034
2020
5643
2081
2021
5648
2022
2035
5656
2037
5655
2036
2023
5352
2024
7160
7099
2025
5353
2026
2027
5647
2028
5650
2042
2039
2029
5651
2041
5649
2048
1995
5629
1996
5635
2045
1997
5338
1998
5633
1999
5636
5637
2054
7162
2046
2038
7105
2040
5658
2077
5657
2076
7164
2074
2043
5654
2073
2079
2044
2049
5659
2052
2047
5660
2050
5662
2055
2051
5663
2092
2075
2053
5664
2087
2078
2080
5679
2083
5678
2082
2056
5667
2059
5665
2088
2128
2085
2089
5676
2103
2058
7107
2060
5368
2061
2084
5677
2224
2062
5669
2063
2086
5682
2105
5681
2104
2064
5661
2065
2066
5671
2067
2090
5683
2091
2068
5666
2069
2107
5429
2147
2093
5680
2154
2094
5685
2095
5672
2106
2096
5389
2097
2108
5693
2110
5692
2109
2070
5375
2071
2098
5390
5670
2118
2072
5674
2099
5673
2127
2100
5687
2101
5684
2115
2112
5432
2184
2102
5686
2114
5688
2121
2195
2204
2111
2185
7166
2113
5695
2150
5694
2149
2116
5691
2146
2152
5454
2117
7168
2122
5696
2160
7111
2120
5697
2123
5699
2273
2124
5700
2125
2148
2126
5701
2161
7115
2151
2153
5716
2156
5715
2155
2129
5704
2130
2132
2134
5702
2164
2158
5458
2162
5713
2176
2131
2133
5405
2157
5714
2177
2135
5706
2136
2159
5719
2180
5718
2179
2137
5698
2138
2139
5708
2140
7170
2163
5720
2165
2141
5703
2142
2166
5717
2233
7109
2167
5722
2168
5709
2207
2169
5426
2170
2143
5412
2144
2145
5710
5711
2209
7172
2178
7113
2182
2181
2183
5731
2187
5730
2186
7174
2234
2189
2188
2190
5734
2229
5733
2228
7176
2225
2171
5427
2172
5707
2196
2227
2173
5721
2174
5724
2192
2175
5725
2191
5723
2198
2193
5728
2223
7178
2194
2199
5735
2200
7180
2235
2231
2201
5739
2246
2197
5736
2202
5738
2205
2226
2203
5740
2241
7121
2230
2232
5756
2237
5755
2236
2206
5743
2215
5741
2242
2219
2239
2243
5752
2257
2238
5753
2301
2240
5760
2259
5759
2258
2261
7117
2260
2262
5771
2264
5770
2263
7119
2208
2210
5444
2211
2212
5745
2213
2266
2214
5737
2281
2216
5747
2217
7182
2272
2265
2244
5761
2245
2267
5773
2304
5772
2303
2247
5757
2308
2248
5763
2249
2250
5467
2251
2306
2252
5468
2253
7123
2254
5765
2255
5762
2275
2256
5764
2268
5766
2269
2270
5769
2300
7184
2271
2276
5774
2314
7186
7131
2274
5775
2277
5777
2419
2278
5778
2279
7127
2302
2280
5779
2315
2305
2307
5794
2310
5793
2309
2218
5742
2284
5748
2220
5451
2221
5746
2222
5750
5749
2286
7125
7188
2282
2312
2316
5791
2330
2311
5792
2374
2313
5797
2332
5796
2331
2285
2283
5780
2318
5782
2296
2334
2287
5483
2288
2320
5795
2381
7129
2333
2289
5784
2290
2335
5808
2337
5807
2336
2291
5776
2292
2293
5786
2294
7190
2354
2317
5798
2319
2321
5800
2322
2339
2323
5504
2324
2325
5505
2326
2338
2340
5810
2377
5809
2376
2327
5799
2328
5802
2342
2329
5803
2341
5801
2348
2295
5781
2345
5787
2357
7192
2297
5490
2298
5785
2343
5806
2373
2379
2344
2349
5811
2350
7194
7139
2351
5815
2392
2299
5789
5788
2359
7196
2346
7133
2375
2347
5812
2352
5814
2355
7137
2353
5816
2387
2378
2380
5831
2383
5830
2382
2385
2356
5819
2365
5817
2388
2369
2389
5828
2403
2384
5829
2447
2386
5834
2405
5833
2404
2358
7135
2360
5520
2361
2362
5821
2363
2407
2364
5813
2427
2366
5823
2367
7198
2418
2406
2390
5835
2391
2408
5845
2410
5844
2409
2393
5832
2454
2394
5837
2395
2396
5541
2397
2412
2398
5542
2399
2400
5839
2401
5836
2421
2411
2402
5838
2414
5840
2415
2413
5847
2450
5846
2449
7200
2368
5818
2430
5824
2370
5527
2371
5822
2372
5826
5825
2432
2416
5843
2446
2452
2417
7202
7147
2422
5848
2460
2420
5849
2423
5851
2565
2424
5852
2425
7143
2448
2426
5853
2461
2451
7204
2428
7141
2453
5868
2456
5867
2455
2458
2462
5865
2476
2431
2429
5854
2464
5856
2442
2457
5866
2520
2459
5871
2478
5870
2477
2433
5557
2434
7145
2435
5858
2436
2437
5850
2438
2480
2466
5869
2527
2439
5860
2440
7206
2500
2463
5872
2465
2479
2467
5874
2468
2481
5882
2483
5881
2482
2469
5578
2470
2471
5579
2472
2473
5873
2474
5876
2488
2485
2475
5877
2487
5875
2494
2484
2441
5855
2491
5861
2503
7208
2443
5564
2444
5859
2486
5884
2523
5883
2522
2445
5863
5862
2505
2489
5880
2519
2525
2490
7210
2492
7155
2495
5885
2496
7212
2497
5889
2538
7149
2493
5886
2498
5888
2501
2521
7151
2499
5890
2533
2524
2526
5904
2528
5905
2529
2502
5893
2511
5891
2534
2515
2530
5903
2535
5902
2549
7153
2531
2504
2506
5594
2507
2532
5908
2551
5907
2550
2508
5895
2509
2510
5887
2573
2512
5897
2513
7214
2564
2536
5909
2537
2553
2539
5906
2600
2540
5911
2541
2552
2554
5919
2556
5918
2555
2542
5615
2543
2544
5616
2545
2546
5913
2547
5910
2567
2548
5912
2560
5914
2561
2558
2514
5892
2576
5898
2557
7157
2559
5921
2596
5920
2595
7216
2593
2516
5601
2517
5896
2562
5917
2592
2598
7159
2563
2568
5922
2606
2566
5923
2569
5925
2710
2711
2570
5926
2571
2594
2572
5927
2607
2597
2599
5941
2601
5942
2602
2518
5900
5899
2578
7218
2574
2577
2603
5940
2608
5939
2622
7161
2604
2605
5944
2623
5945
2624
2575
5928
2610
5930
2638
2588
2579
5631
2580
2612
5943
2673
2581
5932
2582
2583
5924
2584
2585
5934
2586
2609
5946
2611
2613
5948
2614
2615
5652
2616
2617
5653
2618
2619
5947
2620
5950
2634
2621
5951
2633
5949
2640
7220
2587
5929
2637
5935
2649
2625
7163
2626
2627
5956
2629
5955
2628
2589
5638
2590
5933
2651
2591
5937
2646
5936
2653
2631
7222
7165
7224
2630
7169
2632
5958
2669
5957
2668
7226
2666
2635
5954
2665
2671
2636
7167
2641
5959
2642
2643
5963
2684
2667
2639
5960
2644
5962
2647
2645
5964
2679
2670
2672
5979
2675
5978
2674
2677
2648
5967
2657
5965
2680
2681
5976
2695
2676
5977
2816
2678
5982
2697
5981
2696
2650
2652
5668
2654
5969
2655
2699
5729
2739
2656
5961
2787
2658
5971
2659
7228
2698
2682
5983
2683
2700
5993
2702
5992
2701
2685
5980
2746
2686
5985
2687
2688
5689
2689
2704
5732
2776
2690
5690
2691
2692
5987
2693
5984
2713
2703
2777
2694
5986
2706
5988
2707
2705
5995
2742
5994
2741
7230
2660
5972
2788
5966
2661
2662
5675
2663
5970
2664
5973
5974
2708
5991
2738
2744
5754
2709
7232
2714
5996
2717
7177
2712
5997
2715
5999
2719
2720
2716
6000
2756
2740
2718
6001
2753
7181
2743
7234
2745
6016
2748
6015
2747
2721
6004
2722
6002
2752
2724
2730
2734
2750
5758
2754
6013
2768
2749
6014
2769
2751
6019
2772
6018
2771
2758
6017
2825
7175
2770
7179
2774
2773
2775
6031
2779
6030
2778
7236
2826
2781
2780
2782
6034
2821
6033
2820
7238
2817
7171
2723
2819
2725
5705
2726
2727
6006
2728
2729
5998
2864
2731
6008
2732
7240
2755
6020
2757
2759
6022
2760
2761
5726
2762
2763
5727
2764
2765
6021
2766
6024
2784
2767
6025
2783
6023
2790
2785
6028
2815
7242
2786
2827
2823
2791
6035
2792
7244
2793
6039
2838
2789
6036
2794
6038
2796
2797
7187
2818
2795
6040
2833
2822
2824
6056
2829
6055
2828
2798
6043
2799
2801
2807
6041
2834
2831
2835
6052
2849
7183
2830
6053
2893
2832
6060
2851
6059
2850
7185
2800
2853
2802
5744
2803
2804
6045
2805
2852
2806
6037
2937
2854
6071
2856
6070
2855
2808
6047
2809
7246
2836
6061
2837
2839
6057
2900
2840
6063
2841
2858
2842
5767
2843
2857
2859
6073
2896
6072
2895
2844
5768
2845
7173
2898
2846
6065
2847
6062
2867
2848
6064
2860
6066
2861
2862
6069
2892
7248
2863
2733
6003
6009
2735
5712
2736
6007
2737
6010
6011
7195
7250
2865
2868
6074
2871
2866
6075
2869
6077
2873
2874
7252
2870
6078
2910
2872
2894
6079
2907
7193
2875
6082
2876
6080
2906
2878
2884
2888
2897
2899
6094
2902
6093
2901
2810
6042
2811
6048
7191
2904
2908
6091
2922
2903
6092
2966
2905
6097
2924
6096
2923
2877
7189
2879
5783
2880
2881
6084
2882
2883
6076
3010
2926
2912
6095
2973
2885
6086
2886
7254
2909
6098
2911
2925
7197
2927
6108
2929
6107
2928
2913
6100
2914
2915
5804
2916
2917
5805
2918
2919
6099
2920
6102
2934
2931
2921
6103
2933
6101
2940
2930
2812
5751
2813
6046
7256
2932
6110
2969
6109
2968
2814
6049
6050
2887
6081
6087
2889
5790
2890
6085
2891
6088
6089
2935
6106
2965
2971
2936
7258
2938
7203
2941
6111
2942
7260
2943
6115
2984
2939
6112
2944
6114
2946
2947
2967
7201
2945
6116
2979
2970
7262
3011
2972
6131
2975
6130
2974
2948
6119
2949
2951
2957
6117
2980
2977
2981
6128
2995
7199
2976
6129
3039
2978
6134
2997
6133
2996
2950
7205
2999
2952
5820
2953
2954
6121
2955
2998
2956
6113
3083
3000
6145
3002
6144
3001
2958
6123
2959
7264
2982
6135
2983
2985
6132
3046
2986
6137
2987
3004
2988
5841
2989
3003
2990
5842
2991
3005
6147
3042
6146
3041
2992
6139
2993
6136
3013
2994
6138
3006
6140
3007
7266
2960
6118
2961
6124
2962
5827
2963
6122
3008
6143
3038
3044
3009
3014
6148
3017
7268
7213
3012
6149
3015
6151
3019
3020
3016
6152
3056
7209
3040
3018
6153
3053
3043
3045
6168
3048
6167
3047
3021
6156
3022
6154
3052
3024
3030
3034
3050
7207
3054
6165
3068
3049
6166
3112
3051
6171
3070
6170
3069
3023
7211
3025
5857
3026
3072
3058
6169
3119
3027
6158
3028
3029
6150
3071
3031
6160
3032
7270
3073
6182
3075
6181
3074
3055
6172
3057
3059
6174
3060
3061
5878
3062
3077
3063
5879
3064
3065
6173
3066
6176
3080
3076
3067
6177
3079
6175
3086
3078
6184
3115
6183
3114
2964
6125
6126
7272
3084
3033
6155
6161
3035
5864
3036
6159
3037
6162
6163
3081
6180
3111
3117
3082
7274
3087
6185
3088
3089
6189
3130
3113
3085
6186
3090
6188
3092
3093
3091
6190
3125
3116
3118
6204
3120
6205
3121
3122
6203
3094
6193
3095
3097
3103
6191
3126
3157
3127
6202
3141
7217
3123
3124
6208
3143
6207
3142
3145
3144
3146
6219
3148
6218
3147
3150
7215
3149
3151
6221
3188
6220
3187
7276
3185
3096
7219
3190
3098
5894
3099
3100
6195
3101
3102
6187
3156
3104
6197
3105
3128
6209
3129
3131
6206
3192
3132
6211
3133
3134
5915
3135
3136
5916
3137
3138
6213
3139
6210
3153
3140
6214
3152
6212
3159
3154
6217
3184
7278
3155
3160
6222
3161
7280
7225
3162
6226
3203
3158
6223
3163
6225
3166
3186
7221
3164
6227
3198
3189
3191
6241
3193
6242
3194
3106
6192
3107
6198
3176
3108
5901
3109
6196
3168
3110
6200
3165
6199
3170
3195
6240
3200
6239
3214
3169
3167
6228
3199
6230
3182
7223
3196
3197
6244
3215
6245
3216
3171
5931
3172
3173
6232
3174
3175
6224
3229
3177
6234
3178
7282
3241
3201
6246
3202
3204
6243
3265
3205
6248
3206
3207
5952
3208
3209
5953
3210
3211
6250
3212
6247
3226
3213
6251
3225
6249
3232
3179
6229
3180
6235
3243
7284
3181
6233
3238
5938
3183
6236
6237
3217
3218
3219
6256
3221
6255
3220
3223
7286
7227
7288
3230
7290
3222
7233
3224
6258
3261
6257
3260
7292
3258
3227
6254
3257
3263
3228
7229
3233
6259
3234
7231
3235
6263
3276
3259
3231
6260
3236
6262
3239
3237
6264
3271
3262
3264
6279
3267
6278
3266
3269
3240
6267
3249
6265
3272
3253
3273
6276
3287
3268
6277
3408
3270
6282
3289
6281
3288
3242
7235
3244
5968
3245
3246
6269
3247
3291
6029
3331
3248
6261
3302
3250
6271
3251
7294
3314
3290
3274
6283
3275
3292
6293
3294
6292
3293
3277
6280
3338
3278
6285
3279
3280
5989
3281
3296
6032
3368
3282
5990
3283
3284
6287
3285
6284
3299
3295
3369
3286
6288
3298
6286
3305
3297
6295
3334
6294
3333
3252
6272
6266
3311
7296
3254
5975
3255
6270
3256
6274
6273
3316
3300
6291
3330
3336
6054
3301
7298
3303
3306
6296
3307
7239
7300
3308
6300
3349
3304
6297
3309
6299
3312
3310
3332
6301
3344
7245
3335
3337
6316
3340
6315
3339
3313
6304
3322
6302
3345
3326
3342
6058
3346
6313
3360
3341
6314
3361
3343
6319
3364
6318
3363
7237
3362
7241
3366
3365
3367
6331
3371
6330
3370
7302
3418
7243
3315
3317
6005
3318
3319
6306
3320
3373
3321
6298
3379
3323
6308
3324
7304
3391
3372
3347
6320
3348
3374
6334
3413
6333
3412
3350
6317
3417
3351
6322
3352
3353
6026
3354
7306
3409
3355
6027
3356
3411
3357
6324
3358
6321
3376
3359
6325
3375
6323
3382
3377
6328
3407
7308
3378
3383
6335
3384
7310
7251
3415
3385
6339
3430
3419
3325
6309
6303
3388
3327
6012
3328
6307
3329
6311
6310
3393
7312
3380
3410
3381
6336
3386
6338
3389
3387
6340
3425
7253
3414
3416
6356
3421
6355
3420
3423
3390
6343
3399
6341
3426
3403
3427
6352
3441
3422
6353
3485
3424
6360
3443
6359
3442
3445
7247
3444
3446
6371
3448
6370
3447
7249
3392
3394
6044
3395
3396
6345
3397
3450
3398
6337
3456
3400
6347
3401
7314
3468
3449
3428
6361
3429
3451
6373
3488
6372
3487
3431
6357
3492
3432
6363
3433
3434
6067
3435
3490
3436
6068
3437
7259
3438
6365
3439
6362
3453
3440
6366
3452
6364
3459
3454
6369
3484
7316
3455
3460
6374
3461
7318
7261
3462
6378
3503
3402
6348
6342
3465
3404
6051
3405
6346
3406
6350
6349
3470
7320
3457
7255
3486
3458
6375
3463
6377
3466
7257
3464
6379
3498
3489
3491
6394
3494
6393
3493
3496
3467
6382
3476
6380
3499
3480
3500
6391
3514
3495
6392
3558
3497
6397
3516
6396
3515
3469
7263
3471
6083
3472
3473
6384
3474
3518
3475
6376
3529
3477
6386
3478
7322
3541
3517
3501
6398
3502
3519
6408
3521
6407
3520
3504
6395
3565
3505
6400
3506
3507
6104
3508
3523
3509
6105
3510
3511
6402
3512
6399
3526
3522
3513
6403
3525
6401
3532
3524
6410
3561
6409
3560
3479
6387
6381
3538
7324
3481
6090
3482
6385
3483
6389
6388
3543
3527
6406
3557
3563
3528
7326
3530
7269
3533
6411
3534
7328
3535
6415
3576
7265
3531
6412
3536
6414
3539
3537
3559
6416
3571
7267
3562
3564
6431
3567
6430
3566
3540
6419
3549
6417
3572
3553
3542
7273
3569
3573
6428
3587
3544
6120
3545
3546
6421
3547
3568
6429
3631
3548
6413
3602
3570
6434
3589
6433
3588
3550
6423
3551
7330
3614
3574
6435
3575
3552
6418
3611
3554
6127
3555
3591
3577
6432
3638
3578
6437
3579
6424
3590
3580
6141
3581
3592
6445
3594
6444
3593
3582
6142
3583
6422
3584
6439
3585
6436
3599
7271
3586
6440
3598
6438
3605
3596
3556
6426
6425
3616
7332
3603
3595
3597
6447
3634
6446
3633
3600
6443
3630
3636
3601
3606
6448
3607
3608
6452
3649
3632
3604
6449
3609
6451
3612
3610
6453
3644
3635
3637
6468
3640
6467
3639
3642
3613
6456
3622
6454
3645
3626
3676
3646
6465
3660
3641
6466
3704
3643
6471
3662
6470
3661
3615
7275
3617
6157
3618
3619
6458
3620
3664
3621
6450
3623
6460
3624
3663
3647
6472
3648
3665
6482
3667
6481
3666
3650
6469
3711
3651
6474
3652
3653
6178
3669
3625
6455
3654
6461
3687
3655
6179
3656
3668
3657
6473
3671
6476
3658
3670
6484
3707
6483
3706
3659
6477
3672
6475
3678
7334
3627
6459
3675
6164
3628
3629
6462
3684
6463
3689
3673
6480
3703
3709
3674
7336
7281
3679
6485
3680
3681
6489
3722
3677
6486
3682
6488
3685
3705
7279
3683
6490
3717
3708
3710
6504
3712
6505
3713
3714
6503
3686
6493
3691
6491
3718
3719
6502
3733
7277
3715
3716
6508
3735
6507
3734
3688
3690
6194
3692
6495
3693
3694
6487
3695
3737
3696
6497
3697
7338
3720
6509
3721
3736
3723
6506
3784
3738
6519
3740
6518
3739
3724
6511
3725
3726
6215
3727
3728
6216
3729
3742
3730
6513
3731
6510
3745
3732
6514
3744
6512
3751
7340
3698
6492
3699
6498
3748
3700
6496
3749
6201
3701
3702
6500
3757
6499
3762
3741
3743
6521
3780
6520
3779
3746
6517
3776
3782
3747
7342
3777
7344
7291
3752
6522
3753
7283
7346
3760
3754
6526
3795
7285
3778
3750
6523
3755
6525
3758
3756
6527
3790
3781
3783
6541
3785
6542
3786
3787
6540
3761
3792
6539
3806
7287
3788
3759
6528
3791
6530
3789
6544
3807
6545
3808
3763
6231
3764
3765
6532
3766
3767
6524
3768
3769
6534
3770
7348
3833
3793
6546
3794
3796
6543
3857
3797
6548
3798
3799
6252
3800
3801
6253
3802
3803
6550
3804
6547
3818
3805
6551
3817
6549
3824
3771
6529
3772
6535
3821
7350
3809
7289
3810
3811
6556
3813
6555
3812
3773
6238
3774
6533
3775
6537
3830
6536
3835
3815
7352
7293
7354
3822
7356
3814
7301
3816
6558
3853
6557
3852
7358
3850
3819
6554
3849
3855
3820
7295
3825
6559
3826
7297
3827
6563
3868
3851
3823
6560
3828
6562
3831
3829
6564
3863
3854
3856
6579
3859
6578
3858
3861
3834
3865
6576
3879
3832
6565
3864
6567
3860
6577
4010
3862
6582
3881
6581
3880
3836
6268
3837
7299
3838
6569
3839
3883
6329
3923
3840
6561
3841
3842
6571
3843
7360
3906
3882
3866
6583
3867
3884
6593
3886
6592
3885
3869
6580
3930
4011
3870
6585
3871
3872
6289
3873
3888
6332
3874
6290
3875
3876
6587
3877
6584
3891
3887
3878
6588
3890
6586
3897
3889
6595
3926
6594
3925
3844
6566
3845
6572
3894
7362
3846
6275
3847
6570
3848
6574
3903
6573
3908
3892
6591
3922
3928
6354
4001
3893
7307
7364
3895
3898
6596
3899
7366
3900
6600
3941
3896
6597
3901
6599
3904
3902
3924
6601
3936
7311
3927
3929
6616
3932
6615
3931
3905
6602
3937
6604
3934
6358
3938
6613
3952
7303
3933
6614
3953
3935
6618
3955
6619
3956
3954
3957
4625
3960
3961
3958
3959
6631
3963
6630
3962
7305
3965
3964
4629
4000
3966
6634
4005
6633
4004
7309
3907
3909
6305
3910
3911
6606
3912
3913
6598
3914
3915
6608
3916
7368
3983
3939
6620
3940
3942
6617
4009
3943
6622
3944
3945
6326
3946
3947
6327
3948
7313
3949
6624
3950
6621
3968
3951
6625
3967
6623
3974
3969
6628
3999
7370
3970
4003
3975
6635
3976
7372
3917
6603
3918
6609
3971
3977
6639
4022
4007
7319
3919
6312
3920
6607
3921
6611
3980
6610
3985
7374
3972
4002
3973
6636
3978
6638
3981
7315
3979
6640
4017
7317
4006
4008
6656
4013
6655
4012
4015
3984
4019
6652
4043
3982
6641
4018
6643
4042
4014
6653
4170
4016
6660
4045
6659
4044
3986
6344
3987
3988
6645
3989
7321
4047
3990
6637
3991
6644
4070
3992
6647
3993
4046
4654
4020
6661
4021
4048
6674
4050
6673
4049
4023
6657
4094
4024
6663
4025
4026
6367
4027
4028
6368
4029
4052
3994
6642
3995
6648
4033
4051
4657
4087
3996
6351
3997
6646
4053
6676
4090
6675
4089
4030
6665
4031
6662
3998
6650
4067
6649
4072
7329
4032
6666
4035
6664
4041
4034
6651
4059
4092
4036
6667
4037
4038
6668
4061
6669
4058
4039
6670
4054
4040
6671
4055
4056
6672
4086
7323
4057
7325
4062
6677
4063
4064
6681
4105
4060
6678
4065
6680
4068
4088
4066
6682
4100
4091
4093
6697
4096
6696
4095
4098
4071
4102
6694
4126
4069
6685
6683
4101
4125
4097
6695
4099
6700
4128
6699
4127
4073
6383
4074
7327
4075
6687
4076
4130
4077
6679
4078
6686
4153
4079
6689
4080
4129
4679
4103
6701
4104
4131
6714
4133
6713
4132
4106
6698
4177
4107
6703
4108
4109
6404
4110
4081
6684
4082
6690
4116
4135
4083
6390
4084
4111
6405
4112
6688
4134
4682
4136
6716
4173
6715
4172
4085
6692
4150
6691
4155
7331
4113
6702
4118
6705
4114
4124
4117
6693
4142
4119
6707
4286
4175
4115
6704
4120
6706
4284
4121
6708
4137
6709
4141
4122
6710
4138
4139
6712
4169
4140
4123
6711
4144
4145
6717
4146
4147
6721
4188
4171
4143
6718
4148
6720
4151
4149
6722
4183
4174
4176
6737
4179
6736
4178
4181
4154
4185
6734
4209
4152
6723
4184
6725
4208
4180
6735
4253
4182
6740
4211
6739
4210
4156
6420
4157
7333
4158
6727
4159
4213
4160
6719
4161
6726
4236
4162
6729
4163
4212
4704
4186
6741
4187
4214
6754
4216
6753
4215
4189
6738
4260
4190
6743
4191
4192
6441
4193
4194
6442
4195
4218
4164
6724
4165
6730
4199
4217
4707
4166
6427
4167
6728
4238
4219
6756
4256
6755
4255
4196
6745
4197
6742
4168
6732
4233
6731
4240
7337
4198
6746
4201
6744
4207
4200
6733
4225
4258
4202
6747
4203
4204
6748
4227
6749
4224
4206
6751
4220
4205
6750
4221
4222
6752
4252
7335
4223
4228
6757
4229
4230
6761
4271
4254
4226
6758
4231
6760
4234
4232
6762
4266
4257
4259
6777
4262
6776
4261
4264
4235
6765
4244
6763
4267
4248
4268
6774
4292
4263
6775
4336
4265
6780
4294
6779
4293
4237
4239
6457
4291
4241
6767
4242
4296
4243
6759
6766
4245
6769
4246
4295
4729
4269
6781
4270
4297
6794
4299
6793
4298
4272
6778
4343
4273
6783
4274
4275
6478
4276
4301
4277
6479
4278
4247
6764
6770
4300
4732
4249
6464
4250
6768
4302
6796
4339
6795
4338
4279
6785
4280
6782
4304
4251
6771
4282
6772
4281
6784
4307
4308
6786
4290
4283
6773
4341
4287
6788
4303
4305
6792
4335
4289
6791
4369
4306
4309
6800
4310
4311
6797
4312
6798
4314
4313
6801
4316
4317
4337
4315
6802
4349
4340
4342
6816
4344
6817
4345
4285
6787
6789
4288
6790
4367
4318
6803
4319
4321
4327
6805
4354
4331
4346
6815
4351
6814
4375
7343
4347
4348
6820
4377
6819
4376
4379
4378
4754
4380
6834
4382
6833
4381
4384
7339
4383
4757
4419
4385
6836
4422
6835
4421
7345
4320
4424
4322
6494
4323
4374
4324
6807
4325
4326
6799
6806
4328
6809
4329
4330
6804
4350
4352
6821
4353
4355
6818
4426
4356
6823
4357
6810
7341
4358
6515
4359
7347
4332
6501
4333
4360
6516
4361
6808
4365
4334
6811
6812
4362
6825
4363
6822
4390
4373
4364
6824
4391
6826
4366
6813
7357
4370
6828
4386
4388
6832
4418
4368
6829
4387
6827
4372
6831
4452
4389
4371
6830
4450
7351
4392
6840
4393
4394
6837
4395
6838
4397
4396
6841
4399
4400
4420
4398
6842
4432
4423
4425
6856
4427
6857
4428
4401
6843
4402
4404
4410
6845
4437
4414
4429
6855
4434
6854
4458
7353
4430
4431
6859
4459
6860
4460
4461
4779
7359
4462
4463
6874
4465
6873
4464
4467
7349
4466
4782
4502
4468
6876
4505
6875
4504
4403
7355
4507
4405
6531
4406
4457
4407
6847
4408
4409
6839
6846
4411
6849
4412
4413
6844
4433
4435
6861
4436
4438
6858
4509
4439
6863
4440
6850
4441
6552
4442
4415
6538
4416
4443
6553
4444
6848
4448
4417
6851
6852
4445
6865
4446
6862
4473
4456
4447
6864
4474
6866
4449
6853
7367
4453
6868
4469
4471
6872
4501
4451
6869
4470
6867
4455
6871
4535
4472
4454
6870
4533
7363
4475
6880
4476
4477
6877
4478
6878
4480
4479
6881
4482
4483
4481
4503
6882
4515
4506
4508
6897
4511
6896
4510
4484
6883
4485
4487
4493
6885
4520
4497
4513
4517
6894
4541
7361
4512
6895
4514
6900
4543
6899
4542
4486
7365
4488
6568
4489
4540
4545
6629
4585
4490
6887
4491
4492
6879
6886
4544
4804
4494
6889
4495
4546
6914
4548
6913
4547
4496
6884
4516
4518
6901
4519
4521
6898
4592
4522
6903
4523
6890
4550
6632
4524
6589
4525
4549
4807
4498
6575
4499
4551
6916
4588
6915
4587
4526
6590
4527
6888
4531
4500
6891
6892
4528
6905
4529
6902
4556
4539
4530
6904
4557
6906
4590
6654
4532
6893
7373
4536
6908
4552
4554
6912
4584
4534
6909
4553
6907
4537
6910
4616
4555
4538
6911
4618
7371
4558
6920
4559
4560
6917
4561
6918
4563
4562
6921
4565
4566
4564
4586
6922
4598
4589
4591
6937
4594
6936
4593
4567
6923
4568
4570
4576
6925
4603
4580
4596
6658
4600
6934
7369
4595
6935
4597
6939
6940
4569
7375
4571
6605
4572
4623
4573
6927
4574
4575
6919
6926
4577
6929
4578
4579
6924
4599
4601
6941
4602
4604
6938
4605
6943
4606
6930
4607
6626
4608
4609
6627
4610
4581
6612
4582
6928
4614
4611
6945
4612
6942
4583
6931
6932
4613
6944
6946
4622
4615
6933
4617
6947
4619
6948
6949
4620
6950
4621
6951
