1
3
2
4
5
7
6
8
0
9
4627
4628
10
12
11
13
14
16
15
17
18
4631
4632
19
21
4624
20
22
23
24
25
4636
26
27
4633
4634
28
29
4637
30
31
32
33
34
4639
4641
36
38
4638
37
39
40
42
41
43
35
44
4645
4646
46
47
48
50
4643
49
51
45
52
4649
4650
53
54
4642
55
56
4647
58
59
60
62
61
63
57
64
4655
4656
65
66
67
69
68
70
71
4658
4659
72
74
4653
73
75
76
77
78
4663
79
80
4660
4661
81
82
4664
83
84
85
86
87
4666
4668
89
90
4665
91
93
92
94
88
95
4671
4672
97
99
4670
98
100
96
101
4674
4675
102
103
4669
104
105
4673
107
108
109
111
110
112
106
113
4680
4681
114
115
116
118
117
119
120
4683
4684
121
123
4678
122
124
125
126
127
4688
128
129
4685
4686
130
131
4689
132
133
134
135
136
4691
4693
138
139
4690
140
142
141
143
137
144
4696
4697
146
148
4695
147
149
145
150
4699
4700
151
152
4694
153
154
4698
156
157
158
160
159
161
155
162
4705
4706
163
164
165
167
166
168
169
4708
4709
170
172
4703
6952
6954
6956
6958
6960
6962
6964
171
173
174
175
176
4713
6966
6968
177
178
4710
4711
179
180
4714
181
182
183
184
185
4716
4718
187
188
4715
189
191
190
192
186
193
4721
4722
195
197
4720
196
198
194
199
4724
4725
200
201
4719
202
203
4723
205
206
207
209
208
210
204
211
4730
4731
212
213
214
216
215
217
218
4733
4734
219
221
4728
6970
6972
220
222
223
224
225
4738
6974
6976
226
227
4735
4736
228
229
4739
230
231
232
233
234
4741
4743
236
237
4740
238
240
239
241
235
242
4746
4747
244
246
4745
245
247
243
248
4749
4750
249
250
4744
251
252
4748
254
255
256
258
257
259
253
260
4755
4756
261
262
263
265
264
266
267
4758
4759
268
270
4753
6978
6980
269
271
272
273
274
4763
6982
6984
275
276
4760
4761
277
278
4764
279
280
281
282
283
4766
4768
6986
285
286
4765
287
289
288
290
284
291
4771
4772
293
295
4770
294
296
292
297
4774
4775
298
299
4769
300
301
4773
303
304
305
307
306
308
302
309
4780
4781
6988
310
311
312
314
313
315
316
4783
4784
317
319
4778
6990
6992
318
320
321
322
323
4788
6994
6996
324
325
4785
4786
326
327
4789
328
329
330
331
332
4791
4793
6998
334
335
4790
336
338
337
339
333
340
4796
4797
342
344
4795
343
345
341
346
4799
4800
347
348
4794
349
350
4798
352
353
354
356
355
357
4626
351
358
4805
4806
359
360
361
363
362
364
4630
365
4808
4809
366
368
4803
7000
7002
367
369
370
371
372
4813
7004
7006
373
374
4810
4811
375
376
4814
377
378
379
380
381
4816
4818
383
384
4815
385
387
386
388
4644
382
389
4821
4822
391
393
4820
392
394
4648
390
395
4824
4825
396
397
4819
398
399
4823
401
402
403
405
404
406
400
407
4830
4831
408
409
410
412
411
413
414
4833
4834
415
417
4828
7008
7010
416
418
419
420
421
4838
7012
7014
422
423
4835
4836
424
425
4839
426
427
428
429
430
4841
4843
431
6963
7013
432
433
434
4635
435
436
4845
437
438
4837
439
440
4847
441
442
4842
443
6961
444
4640
445
446
4849
4850
448
450
4840
7016
449
451
452
454
453
455
447
456
4855
4856
7018
458
459
460
462
4853
461
463
457
464
4859
4860
465
467
4852
466
468
4861
469
471
4857
470
472
4848
4863
473
474
4651
475
476
4652
4846
477
478
4862
4865
479
480
4864
4866
482
484
483
485
481
486
4870
4871
487
489
488
490
491
4872
4873
492
494
4869
493
495
496
497
498
4877
499
500
4874
4875
501
502
4878
503
504
505
506
507
4880
4882
508
6959
509
510
511
4662
512
513
4884
514
515
4876
516
517
4886
518
519
4881
520
6957
521
4667
522
523
4888
4889
525
526
4879
527
529
528
530
524
531
4893
4894
533
535
4892
534
536
532
537
4896
4897
538
540
4891
539
541
4898
542
544
4895
543
545
4887
4900
546
547
4676
548
549
4677
4885
550
551
4899
4902
552
553
4901
4903
555
557
556
558
554
559
4907
4908
560
562
561
563
564
4909
4910
565
567
4906
566
568
569
570
571
4914
572
573
4911
4912
574
575
4915
576
577
578
579
580
4917
4919
581
6955
582
583
584
4687
585
586
4921
587
588
4913
589
590
4923
591
592
4918
593
6953
594
4692
595
596
4925
4926
598
599
4916
600
602
601
603
597
604
4930
4931
606
608
4929
607
609
605
610
4933
4934
611
613
4928
612
614
4935
615
617
4932
616
618
4924
4937
619
7020
7022
7024
7026
7028
7030
7032
6969
620
4701
621
7034
6965
622
4702
4922
623
624
4936
4939
625
626
4938
4940
628
630
629
631
627
632
4944
4945
633
635
634
636
637
4946
4947
638
640
4943
639
641
642
643
644
4951
645
646
4948
4949
647
648
4952
649
650
651
652
653
4954
4956
654
6967
655
656
657
4712
658
659
4958
660
661
4950
662
663
4960
664
665
4955
666
6971
667
4717
668
669
4962
4963
671
672
4953
673
675
674
676
670
677
4967
4968
679
681
4966
680
682
678
683
4970
4971
684
686
4965
685
687
4972
688
690
4969
689
691
4961
4974
692
7036
7038
7040
6977
693
4726
694
7042
6973
695
4727
4959
696
697
4973
4976
698
699
4975
4977
701
703
702
704
700
705
4981
4982
706
708
707
709
710
4983
4984
711
713
4980
712
714
715
716
717
4988
718
719
4985
4986
720
721
4989
722
723
724
725
726
4991
4993
727
6975
728
729
730
4737
731
732
4995
733
734
4987
735
736
4997
737
738
4992
739
6979
740
4742
741
742
4999
5000
744
745
4990
746
748
747
749
743
750
5004
5005
752
754
5003
753
755
751
756
5007
5008
757
759
5002
758
760
5009
761
763
5006
762
764
4998
5011
765
7044
7046
7048
6985
766
4751
767
7050
6981
768
4752
4996
769
770
5010
5013
771
772
5012
5014
774
776
775
777
773
778
5018
5019
779
6987
781
780
782
783
5020
5021
784
786
5017
785
787
788
789
790
5025
791
792
5022
5023
793
794
5026
795
796
797
798
799
5028
5030
800
6983
801
802
803
4762
804
805
5032
806
807
5024
808
809
5034
810
811
5029
812
6991
813
4767
814
815
5036
5037
7052
817
818
5027
819
821
820
822
816
823
5041
5042
825
827
5040
826
828
824
829
5044
5045
830
832
5039
831
833
5046
834
836
5043
835
837
5035
5048
838
7054
7056
7058
6997
839
4776
840
7060
6993
841
4777
5033
842
843
5047
5050
844
845
5049
5051
847
6989
849
848
850
846
851
5055
5056
852
7062
6999
854
853
855
856
5057
5058
857
859
5054
858
860
861
862
863
5062
864
865
5059
5060
866
867
5063
868
869
870
871
872
5065
5067
873
6995
874
875
876
4787
877
878
5069
879
880
5061
881
882
5071
883
884
5066
885
7001
886
4792
887
888
5073
5074
7064
890
891
5064
892
894
893
895
889
896
5078
5079
898
900
5077
899
901
897
902
5081
5082
903
905
5076
904
906
5083
907
909
5080
908
910
5072
5085
911
7066
7068
7070
7007
912
4801
913
7072
7003
914
4802
5070
915
916
5084
5087
917
918
5086
5088
920
922
921
923
4829
919
924
5092
5093
925
927
926
928
4832
929
5094
5095
930
932
5091
931
933
934
935
936
5099
937
938
5096
5097
939
940
5100
941
942
943
944
945
5102
5104
946
7005
947
948
949
4812
950
951
5106
952
953
5098
954
955
5108
956
957
5103
958
7009
959
4817
960
961
5110
5111
963
964
5101
965
967
966
968
4854
962
969
5115
5116
971
973
5114
972
974
4858
970
975
5118
5119
976
978
5113
977
979
5120
980
982
5117
981
983
5109
5122
984
7074
7076
7078
7015
985
4826
986
7080
7011
987
4827
5107
988
989
5121
5124
990
991
5123
5125
993
994
995
7019
997
996
998
992
999
5130
5131
1000
1001
1002
7017
1004
1003
1005
1006
5133
5134
1007
1009
5128
1008
1010
1011
1012
1013
5138
1014
1015
5135
5136
1016
1017
5139
1018
1019
1020
1021
1022
5141
5143
1023
7031
1024
1025
1026
4844
1027
1028
5145
1029
1030
5137
1031
1032
5147
1033
1034
5142
1035
7029
1036
4851
1037
1038
5149
5150
1040
1042
5140
7082
1041
1043
1044
1046
1045
1047
1039
1048
5155
5156
7084
1050
1051
1052
1054
5153
1053
1055
1049
1056
5159
5160
1057
1059
5152
1058
1060
5161
1061
1063
5157
1062
1064
5148
5163
1065
1066
4867
1067
1068
4868
5146
1069
1070
5162
5165
1071
1072
5164
5166
1074
1076
1075
1077
1073
1078
5170
5171
1079
1081
1080
1082
1083
5172
5173
1084
1086
5169
1085
1087
1088
1089
1090
5177
1091
1092
5174
5175
1093
1094
5178
1095
1096
1097
1098
1099
5180
5182
1100
7027
1101
1102
1103
4883
1104
1105
5184
1106
1107
5176
1108
1109
5186
1110
1111
5181
1112
7025
1113
4890
1114
1115
5188
5189
1117
1118
5179
1119
1121
1120
1122
1116
1123
5193
5194
1125
1127
5192
1126
1128
1124
1129
5196
5197
1130
1132
5191
1131
1133
5198
1134
1136
5195
1135
1137
5187
5200
1138
7086
7088
7090
7092
7094
7035
1139
4904
1140
7096
7033
1141
4905
5185
1142
1143
5199
5202
1144
1145
5201
5203
1147
1149
1148
1150
1146
1151
5207
5208
1152
1154
1153
1155
1156
5209
5210
1157
1159
5206
1158
1160
1161
1162
1163
5214
1164
1165
5211
5212
1166
1167
5215
1168
1169
1170
1171
1172
5217
5219
1173
7023
1174
1175
1176
4920
1177
1178
5221
1179
1180
5213
1181
1182
5223
1183
1184
5218
1185
7021
1186
4927
1187
1188
5225
5226
1190
1191
5216
1192
1194
1193
1195
1189
1196
5230
5231
1198
1200
5229
1199
1201
1197
1202
5233
5234
1203
1205
5228
1204
1206
5235
1207
1209
5232
1208
1210
5224
5237
1211
7098
7100
7102
7043
1212
4941
1213
7104
7041
1214
4942
5222
1215
1216
5236
5239
1217
1218
5238
5240
1220
1222
1221
1223
1219
1224
5244
5245
1225
1227
1226
1228
1229
5246
5247
1230
1232
5243
1231
1233
1234
1235
1236
5251
1237
1238
5248
5249
1239
1240
5252
1241
1242
1243
1244
1245
5254
5256
1246
7039
1247
1248
1249
4957
1250
1251
5258
1252
1253
5250
1254
1255
5260
1256
1257
5255
1258
7037
1259
4964
1260
1261
5262
5263
1263
1264
5253
1265
1267
1266
1268
1262
1269
5267
5268
1271
1273
5266
1272
1274
1270
1275
5270
5271
1276
1278
5265
1277
1279
5272
1280
1282
5269
1281
1283
5261
5274
1284
7106
7108
7110
7051
1285
4978
1286
7112
7049
1287
4979
5259
1288
1289
5273
5276
1290
1291
5275
5277
1293
1295
1294
1296
1292
1297
5281
5282
1298
1300
1299
1301
1302
5283
5284
1303
1305
5280
1304
1306
1307
1308
1309
5288
1310
1311
5285
5286
1312
1313
5289
1314
1315
1316
1317
1318
5291
5293
1319
7047
1320
1321
1322
4994
1323
1324
5295
1325
1326
5287
1327
1328
5297
1329
1330
5292
1331
7045
1332
5001
1333
1334
5299
5300
1336
1337
5290
1338
1340
1339
1341
1335
1342
5304
5305
1344
1346
5303
1345
1347
1343
1348
5307
5308
1349
1351
5302
1350
1352
5309
1353
1355
5306
1354
1356
5298
5311
1357
7114
7116
7118
7061
1358
5015
1359
7120
7059
1360
5016
5296
1361
1362
5310
5313
1363
1364
5312
5314
1366
1368
1367
1369
1365
1370
5318
5319
1371
7053
1373
1372
1374
1375
5320
5321
1376
1378
5317
1377
1379
1380
1381
1382
5325
1383
1384
5322
5323
1385
1386
5326
1387
1388
1389
1390
1391
5328
5330
1392
7057
1393
1394
1395
5031
1396
1397
5332
1398
1399
5324
1400
1401
5334
1402
1403
5329
1404
7055
1405
5038
1406
1407
5336
5337
7122
1409
1410
5327
1411
1413
1412
1414
1408
1415
5341
5342
1417
1419
5340
1418
1420
1416
1421
5344
5345
1422
1424
5339
1423
1425
5346
1426
1428
5343
1427
1429
5335
5348
1430
7124
7126
7128
7073
1431
5052
1432
7130
7071
1433
5053
5333
1434
1435
5347
5350
1436
1437
5349
5351
1439
7063
1441
1440
1442
1438
1443
5355
5356
1444
7132
7065
1446
1445
1447
1448
5357
5358
1449
1451
5354
1450
1452
1453
1454
1455
5362
1456
1457
5359
5360
1458
1459
5363
1460
1461
1462
1463
1464
5365
5367
1465
7069
1466
1467
1468
5068
1469
1470
5369
1471
1472
5361
1473
1474
5371
1475
1476
5366
1477
7067
1478
5075
1479
1480
5373
5374
7134
1482
1483
5364
1484
1486
1485
1487
1481
1488
5378
5379
1490
1492
5377
1491
1493
1489
1494
5381
5382
1495
1497
5376
1496
1498
5383
1499
1501
5380
1500
1502
5372
5385
1503
7136
7138
7140
7081
1504
5089
1505
7142
7079
1506
5090
5370
1507
1508
5384
5387
1509
1510
5386
5388
1512
1514
1513
1515
5129
1511
1516
5392
5393
1517
1519
1518
1520
5132
1521
5394
5395
1522
1524
5391
1523
1525
1526
1527
1528
5399
1529
1530
5396
5397
1531
1532
5400
1533
1534
1535
1536
1537
5402
5404
1538
7077
1539
1540
1541
5105
1542
1543
5406
1544
1545
5398
1546
1547
5408
1548
1549
5403
1550
7075
1551
5112
1552
1553
5410
5411
1555
1556
5401
1557
1559
1558
1560
5154
1554
1561
5415
5416
1563
1565
5414
1564
1566
5158
1562
1567
5418
5419
1568
1570
5413
1569
1571
5420
1572
1574
5417
1573
1575
5409
5422
1576
1577
5126
1578
1579
5127
5407
1580
1581
5421
5424
1582
1583
5423
5425
1585
1586
1587
7085
1589
1588
1590
1584
1591
5430
5431
1592
1593
1594
7083
1596
1595
1597
1598
5433
5434
1599
1601
5428
1600
1602
1603
1604
1605
5438
1606
1607
5435
5436
1608
1609
5439
1610
1611
1612
1613
1614
5441
5443
1615
7093
1616
1617
1618
5144
1619
1620
5445
1621
1622
5437
1623
1624
5447
1625
1626
5442
1627
7091
1628
5151
1629
1630
5449
5450
1632
1634
5440
7144
1633
1635
1636
1638
1637
1639
1631
1640
5455
5456
7146
1642
1643
1644
1646
5453
1645
1647
1641
1648
5459
5460
1649
1651
5452
1650
1652
5461
1653
1655
5457
1654
1656
5448
5463
1657
7148
7150
7152
7154
7156
7097
1658
5167
1659
7158
7095
1660
5168
5446
1661
1662
5462
5465
1663
1664
5464
5466
1666
1668
1667
1669
1665
1670
5470
5471
1671
1673
1672
1674
1675
5472
5473
1676
1678
5469
1677
1679
1680
1681
1682
5477
1683
1684
5474
5475
1685
1686
5478
1687
1688
1689
1690
1691
5480
5482
1692
7089
1693
1694
1695
5183
1696
1697
5484
1698
1699
5476
1700
1701
5486
1702
1703
5481
1704
7087
1705
5190
1706
1707
5488
5489
1709
1710
5479
1711
1713
1712
1714
1708
1715
5493
5494
1717
1719
5492
1718
1720
1716
1721
5496
5497
1722
1724
5491
1723
1725
5498
1726
1728
5495
1727
1729
5487
5500
1730
7160
7162
7164
7105
1731
5204
1732
7166
7103
1733
5205
5485
1734
1735
5499
5502
1736
1737
5501
5503
1739
1741
1740
1742
1738
1743
5507
5508
1744
1746
1745
1747
1748
5509
5510
1749
1751
5506
1750
1752
1753
1754
1755
5514
1756
1757
5511
5512
1758
1759
5515
1760
1761
1762
1763
1764
5517
5519
1765
7101
1766
1767
1768
5220
1769
1770
5521
1771
1772
5513
1773
1774
5523
1775
1776
5518
1777
7099
1778
5227
1779
1780
5525
5526
1782
1783
5516
1784
1786
1785
1787
1781
1788
5530
5531
1790
1792
5529
1791
1793
1789
1794
5533
5534
1795
1797
5528
1796
1798
5535
1799
1801
5532
1800
1802
5524
5537
1803
7168
7170
7172
7113
1804
5241
1805
7174
7111
1806
5242
5522
1807
1808
5536
5539
1809
1810
5538
5540
1812
1814
1813
1815
1811
1816
5544
5545
1817
1819
1818
1820
1821
5546
5547
1822
1824
5543
1823
1825
1826
1827
1828
5551
1829
1830
5548
5549
1831
1832
5552
1833
1834
1835
1836
1837
5554
5556
1838
7109
1839
1840
1841
5257
1842
1843
5558
1844
1845
5550
1846
1847
5560
1848
1849
5555
1850
7107
1851
5264
1852
1853
5562
5563
1855
1856
5553
1857
1859
1858
1860
1854
1861
5567
5568
1863
1865
5566
1864
1866
1862
1867
5570
5571
1868
1870
5565
1869
1871
5572
1872
1874
5569
1873
1875
5561
5574
1876
7176
7178
7180
7121
1877
5278
1878
7182
7119
1879
5279
5559
1880
1881
5573
5576
1882
1883
5575
5577
1885
1887
1886
1888
1884
1889
5581
5582
1890
1892
1891
1893
1894
5583
5584
1895
1897
5580
1896
1898
1899
1900
1901
5588
1902
1903
5585
5586
1904
1905
5589
1906
1907
1908
1909
1910
5591
5593
1911
7117
1912
1913
1914
5294
1915
1916
5595
1917
1918
5587
1919
1920
5597
1921
1922
5592
1923
7115
1924
5301
1925
1926
5599
5600
1928
1929
5590
1930
1932
1931
1933
1927
1934
5604
5605
1936
1938
5603
1937
1939
1935
1940
5607
5608
1941
1943
5602
1942
1944
5609
1945
1947
5606
1946
1948
5598
5611
1949
7184
7186
7188
7131
1950
5315
1951
7190
7129
1952
5316
5596
1953
1954
5610
5613
1955
1956
5612
5614
1958
1960
1959
1961
1957
1962
5618
5619
1963
7123
1965
1964
1966
1967
5620
5621
1968
1970
5617
1969
1971
1972
1973
1974
5625
1975
1976
5622
5623
1977
1978
5626
1979
1980
1981
1982
1983
5628
5630
1984
7127
1985
1986
1987
5331
1988
1989
5632
1990
1991
5624
1992
1993
5634
1994
1995
5629
1996
7125
1997
5338
1998
1999
5636
5637
7192
2001
2002
5627
2003
2005
2004
2006
2000
2007
5641
5642
2009
2011
5640
2010
2012
2008
2013
5644
5645
2014
2016
5639
2015
2017
5646
2018
2020
5643
2019
2021
5635
5648
2022
7194
7196
7198
7143
2023
5352
2024
7200
7141
2025
5353
5633
2026
2027
5647
5650
2028
2029
5649
5651
2031
7133
2033
2032
2034
2030
2035
5655
5656
2036
7202
7135
2038
2037
2039
2040
5657
5658
2041
2043
5654
2042
2044
2045
2046
2047
5662
2048
2049
5659
5660
2050
2051
5663
2052
2053
2054
2055
2056
5665
5667
2057
7139
2058
2059
2060
5368
2061
2062
5669
2063
2064
5661
2065
2066
5671
2067
2068
5666
2069
7137
2070
5375
2071
2072
5673
5674
7204
2074
2075
5664
2076
2078
2077
2079
2073
2080
5678
5679
2082
2084
5677
2083
2085
2081
2086
5681
5682
2087
2089
5676
2088
2090
5683
2091
2093
5680
2092
2094
5672
5685
2095
2096
5389
2097
2098
5390
5670
2099
2100
5684
5687
2101
2102
5686
5688
2104
2106
2105
2107
5429
2103
2108
5692
5693
2109
2111
2110
2112
5432
2113
5694
5695
2114
2116
5691
2115
2117
2118
2119
2120
5699
2121
2122
5696
5697
2123
2124
5700
2125
2126
2127
2128
2129
5702
5704
2130
7155
2131
2132
2133
5405
2134
2135
5706
2136
2137
5698
2138
2139
5708
2140
2141
5703
2142
7153
2143
5412
2144
2145
5710
5711
2147
2148
5701
2149
2151
2150
2152
5454
2146
2153
5715
5716
2155
2157
5714
2156
2158
5458
2154
2159
5718
5719
2160
2162
5713
2161
2163
5720
2164
2166
5717
2165
2167
5709
5722
2168
7206
7208
7210
7212
7214
7159
2169
5426
2170
7216
7157
2171
5427
5707
2172
2173
5721
5724
2174
2175
5723
5725
2177
2178
2179
7147
2181
2180
2182
2176
2183
5730
5731
2184
2185
2186
7145
2188
2187
2189
2190
5733
5734
2191
2193
5728
2192
2194
2195
2196
2197
5738
2198
2199
5735
5736
2200
2201
5739
2202
2203
2204
2205
2206
5741
5743
2207
7151
2208
2209
2210
5444
2211
2212
5745
2213
2214
5737
2215
2216
5747
2217
2218
5742
2219
7149
2220
5451
2221
2222
5749
5750
2224
2226
5740
7218
2225
2227
2228
2230
2229
2231
2223
2232
5755
5756
7220
2234
2235
2236
2238
5753
2237
2239
2233
2240
5759
5760
2241
2243
5752
2242
2244
5761
2245
2247
5757
2246
2248
5748
5763
2249
7222
7224
7226
7167
2250
5467
2251
7228
7165
2252
5468
5746
2253
2254
5762
5765
2255
2256
5764
5766
2258
2260
2259
2261
2257
2262
5770
5771
2263
2265
2264
2266
2267
5772
5773
2268
2270
5769
2269
2271
2272
2273
2274
5777
2275
2276
5774
5775
2277
2278
5778
2279
2280
2281
2282
2283
5780
5782
2284
7163
2285
2286
2287
5483
2288
2289
5784
2290
2291
5776
2292
2293
5786
2294
2295
5781
2296
7161
2297
5490
2298
2299
5788
5789
2301
2302
5779
2303
2305
2304
2306
2300
2307
5793
5794
2309
2311
5792
2310
2312
2308
2313
5796
5797
2314
2316
5791
2315
2317
5798
2318
2320
5795
2319
2321
5787
5800
2322
7230
7232
7234
7175
2323
5504
2324
7236
7173
2325
5505
5785
2326
2327
5799
5802
2328
2329
5801
5803
2331
2333
2332
2334
2330
2335
5807
5808
2336
2338
2337
2339
2340
5809
5810
2341
2343
5806
2342
2344
2345
2346
2347
5814
2348
2349
5811
5812
2350
2351
5815
2352
2353
2354
2355
2356
5817
5819
2357
7171
2358
2359
2360
5520
2361
2362
5821
2363
2364
5813
2365
2366
5823
2367
2368
5818
2369
7169
2370
5527
2371
2372
5825
5826
2374
2375
5816
2376
2378
2377
2379
2373
2380
5830
5831
2382
2384
5829
2383
2385
2381
2386
5833
5834
2387
2389
5828
2388
2390
5835
2391
2393
5832
2392
2394
5824
5837
2395
7238
7240
7242
7183
2396
5541
2397
7244
7181
2398
5542
5822
2399
2400
5836
5839
2401
2402
5838
5840
2404
2406
2405
2407
2403
2408
5844
5845
2409
2411
2410
2412
2413
5846
5847
2414
2416
5843
2415
2417
2418
2419
2420
5851
2421
2422
5848
5849
2423
2424
5852
2425
2426
2427
2428
2429
5854
5856
2430
7179
2431
2432
2433
5557
2434
2435
5858
2436
2437
5850
2438
2439
5860
2440
2441
5855
2442
7177
2443
5564
2444
2445
5862
5863
2447
2448
5853
2449
2451
2450
2452
2446
2453
5867
5868
2455
2457
5866
2456
2458
2454
2459
5870
5871
2460
2462
5865
2461
2463
5872
2464
2466
5869
2465
2467
5861
5874
2468
7246
7248
7250
7191
2469
5578
2470
7252
7189
2471
5579
5859
2472
2473
5873
5876
2474
2475
5875
5877
2477
2479
2478
2480
2476
2481
5881
5882
2482
2484
2483
2485
2486
5883
5884
2487
2489
5880
2488
2490
2491
2492
2493
5888
2494
2495
5885
5886
2496
2497
5889
2498
2499
2500
2501
2502
5891
5893
2503
7187
2504
2505
2506
5594
2507
2508
5895
2509
2510
5887
2511
2512
5897
2513
2514
5892
2515
7185
2516
5601
2517
2518
5899
5900
2520
2521
5890
2522
2524
2523
2525
2519
2526
5904
5905
2528
2530
5903
2529
2531
2527
2532
5907
5908
2533
2535
5902
2534
2536
5909
2537
2539
5906
2538
2540
5898
5911
2541
7254
7256
7258
7201
2542
5615
2543
7260
7199
2544
5616
5896
2545
2546
5910
5913
2547
2548
5912
5914
2550
2552
2551
2553
2549
2554
5918
5919
2555
7193
2557
2556
2558
2559
5920
5921
2560
2562
5917
2561
2563
2564
2565
2566
5925
2567
2568
5922
5923
2569
2570
5926
2571
2572
2573
2574
2575
5928
5930
2576
7197
2577
2578
2579
5631
2580
2581
5932
2582
2583
5924
2584
2585
5934
2586
2587
5929
2588
7195
2589
5638
2590
2591
5936
5937
7262
2593
2594
5927
2595
2597
2596
2598
2592
2599
5941
5942
2601
2603
5940
2602
2604
2600
2605
5944
5945
2606
2608
5939
2607
2609
5946
2610
2612
5943
2611
2613
5935
5948
2614
2615
5652
2616
2617
5653
5933
2618
2619
5947
5950
2620
2621
5949
5951
2623
7203
2625
2624
2626
2622
2627
5955
5956
2628
7264
7205
2630
2629
2631
2632
5957
5958
2633
2635
5954
2634
2636
2637
2638
2639
5962
2640
2641
5959
5960
2642
2643
5963
2644
2645
2646
2647
2648
5965
5967
2649
7213
2650
2651
2652
5668
2653
2654
5969
2655
2656
5961
2657
2658
5971
2659
2660
5966
2661
7211
2662
5675
2663
2664
5973
5974
7266
2666
2667
5964
2668
2670
2669
2671
2665
2672
5978
5979
2674
2676
5977
2675
2677
2673
2678
5981
5982
2679
2681
5976
2680
2682
5983
2683
2685
5980
2684
2686
5972
5985
2687
7268
7270
7272
7274
7276
7217
2688
5689
2689
7278
7215
2690
5690
5970
2691
2692
5984
5987
2693
2694
5986
5988
2696
2698
2697
2699
5729
2695
2700
5992
5993
2701
2703
2702
2704
5732
2705
5994
5995
2706
2708
5991
2707
2709
2710
2711
2712
5999
2713
2714
5996
5997
2715
2716
6000
2717
2718
2719
2720
2721
6002
6004
2722
7209
2723
2724
2725
5705
2726
2727
6006
2728
2729
5998
2730
2731
6008
2732
2733
6003
2734
7207
2735
5712
2736
2737
6010
6011
2739
2740
6001
2741
2743
2742
2744
5754
2738
2745
6015
6016
2747
2749
6014
2748
2750
5758
2746
2751
6018
6019
2752
2754
6013
2753
2755
6020
2756
2758
6017
2757
2759
6009
6022
2760
7280
7282
7284
7229
2761
5726
2762
7286
7227
2763
5727
6007
2764
2765
6021
6024
2766
2767
6023
6025
2769
2770
2771
7221
2773
2772
2774
2768
2775
6030
6031
2776
2777
2778
7219
2780
2779
2781
2782
6033
6034
2783
2785
6028
2784
2786
2787
2788
2789
6038
2790
2791
6035
6036
2792
2793
6039
2794
2795
2796
2797
2798
6041
6043
2799
7225
2800
2801
2802
5744
2803
2804
6045
2805
2806
6037
2807
2808
6047
2809
2810
6042
2811
7223
2812
5751
2813
2814
6049
6050
2816
2818
6040
7288
2817
2819
2820
2822
2821
2823
2815
2824
6055
6056
7290
2826
2827
2828
2830
6053
2829
2831
2825
2832
6059
6060
2833
2835
6052
2834
2836
6061
2837
2839
6057
2838
2840
6048
6063
2841
7292
7294
7296
7237
2842
5767
2843
7298
7235
2844
5768
6046
2845
2846
6062
6065
2847
2848
6064
6066
2850
2852
2851
2853
2849
2854
6070
6071
2855
2857
2856
2858
2859
6072
6073
2860
2862
6069
2861
2863
2864
2865
2866
6077
2867
2868
6074
6075
2869
2870
6078
2871
2872
2873
2874
2875
6080
6082
2876
7233
2877
2878
2879
5783
2880
2881
6084
2882
2883
6076
2884
2885
6086
2886
2887
6081
2888
7231
2889
5790
2890
2891
6088
6089
2893
2894
6079
2895
2897
2896
2898
2892
2899
6093
6094
2901
2903
6092
2902
2904
2900
2905
6096
6097
2906
2908
6091
2907
2909
6098
2910
2912
6095
2911
2913
6087
6100
2914
7300
7302
7304
7245
2915
5804
2916
7306
7243
2917
5805
6085
2918
2919
6099
6102
2920
2921
6101
6103
2923
2925
2924
2926
2922
2927
6107
6108
2928
2930
2929
2931
2932
6109
6110
2933
2935
6106
2934
2936
2937
2938
2939
6114
2940
2941
6111
6112
2942
2943
6115
2944
2945
2946
2947
2948
6117
6119
2949
7241
2950
2951
2952
5820
2953
2954
6121
2955
2956
6113
2957
2958
6123
2959
2960
6118
2961
7239
2962
5827
2963
2964
6125
6126
2966
2967
6116
2968
2970
2969
2971
2965
2972
6130
6131
2974
2976
6129
2975
2977
2973
2978
6133
6134
2979
2981
6128
2980
2982
6135
2983
2985
6132
2984
2986
6124
6137
2987
7308
7310
7312
7253
2988
5841
2989
7314
7251
2990
5842
6122
2991
2992
6136
6139
2993
2994
6138
6140
2996
2998
2997
2999
2995
3000
6144
6145
3001
3003
3002
3004
3005
6146
6147
3006
3008
6143
3007
3009
3010
3011
3012
6151
3013
3014
6148
6149
3015
3016
6152
3017
3018
3019
3020
3021
6154
6156
3022
7249
3023
3024
3025
5857
3026
3027
6158
3028
3029
6150
3030
3031
6160
3032
3033
6155
3034
7247
3035
5864
3036
3037
6162
6163
3039
3040
6153
3041
3043
3042
3044
3038
3045
6167
6168
3047
3049
6166
3048
3050
3046
3051
6170
6171
3052
3054
6165
3053
3055
6172
3056
3058
6169
3057
3059
6161
6174
3060
7316
7318
7320
7261
3061
5878
3062
7322
7259
3063
5879
6159
3064
3065
6173
6176
3066
3067
6175
6177
3069
3071
3070
3072
3068
3073
6181
6182
3074
3076
3075
3077
3078
6183
6184
3079
3081
6180
3080
3082
3083
3084
3085
6188
3086
3087
6185
6186
3088
3089
6189
3090
3091
3092
3093
3094
6191
6193
3095
7257
3096
3097
3098
5894
3099
3100
6195
3101
3102
6187
3103
3104
6197
3105
3106
6192
3107
7255
3108
5901
3109
3110
6199
6200
3112
3113
6190
3114
3116
3115
3117
3111
3118
6204
6205
3120
3122
6203
3121
3123
3119
3124
6207
6208
3125
3127
6202
3126
3128
6209
3129
3131
6206
3130
3132
6198
6211
3133
3134
5915
3135
3136
5916
6196
3137
3138
6210
6213
3139
3140
6212
6214
3142
3144
3143
3145
3141
3146
6218
6219
3147
7263
3149
3148
3150
3151
6220
6221
3152
3154
6217
3153
3155
3156
3157
3158
6225
3159
3160
6222
6223
3161
3162
6226
3163
3164
3165
3166
3167
6228
6230
3168
7275
3169
3170
3171
5931
3172
3173
6232
3174
3175
6224
3176
3177
6234
3178
3179
6229
3180
7273
3181
5938
3182
3183
6236
6237
7324
3185
3186
6227
3187
3189
3188
3190
3184
3191
6241
6242
3193
3195
6240
3194
3196
3192
3197
6244
6245
3198
3200
6239
3199
3201
6246
3202
3204
6243
3203
3205
6235
6248
3206
7326
7328
7330
7332
7334
7279
3207
5952
3208
7336
7277
3209
5953
6233
3210
3211
6247
6250
3212
3213
6249
6251
3215
7265
3217
3216
3218
3214
3219
6255
6256
3220
7338
7267
3222
3221
3223
3224
6257
6258
3225
3227
6254
3226
3228
3229
3230
3231
6262
3232
3233
6259
6260
3234
3235
6263
3236
3237
3238
3239
3240
6265
6267
3241
7271
3242
3243
3244
5968
3245
3246
6269
3247
3248
6261
3249
3250
6271
3251
3252
6266
3253
7269
3254
5975
3255
3256
6273
6274
7340
3258
3259
6264
3260
3262
3261
3263
3257
3264
6278
6279
3266
3268
6277
3267
3269
3265
3270
6281
6282
3271
3273
6276
3272
3274
6283
3275
3277
6280
3276
3278
6272
6285
3279
7342
7344
7346
7287
3280
5989
3281
7348
7285
3282
5990
6270
3283
3284
6284
6287
3285
3286
6286
6288
3288
3290
3289
3291
6029
3287
3292
6292
6293
3293
3295
3294
3296
6032
3297
6294
6295
3298
3300
6291
3299
3301
3302
3303
3304
6299
3305
3306
6296
6297
3307
3308
6300
3309
3310
3311
3312
3313
6302
6304
3314
7283
3315
3316
3317
6005
3318
3319
6306
3320
3321
6298
3322
3323
6308
3324
3325
6303
3326
7281
3327
6012
3328
3329
6310
6311
3331
3332
6301
3333
3335
3334
3336
6054
3330
3337
6315
6316
3339
3341
6314
3340
3342
6058
3338
3343
6318
6319
3344
3346
6313
3345
3347
6320
3348
3350
6317
3349
3351
6309
6322
3352
7350
7352
7354
7299
3353
6026
3354
7356
7297
3355
6027
6307
3356
3357
6321
6324
3358
3359
6323
6325
3361
3362
3363
7291
3365
3364
3366
3360
3367
6330
6331
3368
3369
3370
7289
3372
3371
3373
3374
6333
6334
3375
3377
6328
3376
3378
3379
3380
3381
6338
3382
3383
6335
6336
3384
3385
6339
3386
3387
3388
3389
3390
6341
6343
3391
7295
3392
3393
3394
6044
3395
3396
6345
3397
3398
6337
3399
3400
6347
3401
3402
6342
3403
7293
3404
6051
3405
3406
6349
6350
3408
3410
6340
7358
3409
3411
3412
3414
3413
3415
3407
3416
6355
6356
7360
3418
3419
3420
3422
6353
3421
3423
3417
3424
6359
6360
3425
3427
6352
3426
3428
6361
3429
3431
6357
3430
3432
6348
6363
3433
7362
7364
7366
7307
3434
6067
3435
7368
7305
3436
6068
6346
3437
3438
6362
6365
3439
3440
6364
6366
3442
3444
3443
3445
3441
3446
6370
6371
3447
3449
3448
3450
3451
6372
6373
3452
3454
6369
3453
3455
3456
3457
3458
6377
3459
3460
6374
6375
3461
3462
6378
3463
3464
3465
3466
3467
6380
6382
3468
7303
3469
3470
3471
6083
3472
3473
6384
3474
3475
6376
3476
3477
6386
3478
3479
6381
3480
7301
3481
6090
3482
3483
6388
6389
3485
3486
6379
3487
3489
3488
3490
3484
3491
6393
6394
3493
3495
6392
3494
3496
3492
3497
6396
6397
3498
3500
6391
3499
3501
6398
3502
3504
6395
3503
3505
6387
6400
3506
7370
7372
7374
7315
3507
6104
3508
7376
7313
3509
6105
6385
3510
3511
6399
6402
3512
3513
6401
6403
3515
3517
3516
3518
3514
3519
6407
6408
3520
3522
3521
3523
3524
6409
6410
3525
3527
6406
3526
3528
3529
3530
3531
6414
3532
3533
6411
6412
3534
3535
6415
3536
3537
3538
3539
3540
6417
6419
3541
7311
3542
3543
3544
6120
3545
3546
6421
3547
3548
6413
3549
3550
6423
3551
3552
6418
3553
7309
3554
6127
3555
3556
6425
6426
3558
3559
6416
3560
3562
3561
3563
3557
3564
6430
6431
3566
3568
6429
3567
3569
3565
3570
6433
6434
3571
3573
6428
3572
3574
6435
3575
3577
6432
3576
3578
6424
6437
3579
7378
7380
7382
7323
3580
6141
3581
7384
7321
3582
6142
6422
3583
3584
6436
6439
3585
3586
6438
6440
3588
3590
3589
3591
3587
3592
6444
6445
3593
3595
3594
3596
3597
6446
6447
3598
3600
6443
3599
3601
3602
3603
3604
6451
3605
3606
6448
6449
3607
3608
6452
3609
3610
3611
3612
3613
6454
6456
3614
7319
3615
3616
3617
6157
3618
3619
6458
3620
3621
6450
3622
3623
6460
3624
3625
6455
3626
7317
3627
6164
3628
3629
6462
6463
3631
3632
6453
3633
3635
3634
3636
3630
3637
6467
6468
3639
3641
6466
3640
3642
3638
3643
6470
6471
3644
3646
6465
3645
3647
6472
3648
3650
6469
3649
3651
6461
6474
3652
3653
6178
3654
3655
6179
6459
3656
3657
6473
6476
3658
3659
6475
6477
3661
3663
3662
3664
3660
3665
6481
6482
3666
3668
3667
3669
3670
6483
6484
3671
3673
6480
3672
3674
3675
3676
3677
6488
3678
3679
6485
6486
3680
3681
6489
3682
3683
3684
3685
3686
6491
6493
3687
7333
3688
3689
3690
6194
3691
3692
6495
3693
3694
6487
3695
3696
6497
3697
3698
6492
3699
7331
3700
6201
3701
3702
6499
6500
3704
3705
6490
3706
3708
3707
3709
3703
3710
6504
6505
3712
3714
6503
3713
3715
3711
3716
6507
6508
3717
3719
6502
3718
3720
6509
3721
3723
6506
3722
3724
6498
6511
3725
7386
7388
7390
7392
7394
7337
3726
6215
3727
7396
7335
3728
6216
6496
3729
3730
6510
6513
3731
3732
6512
6514
3734
3736
3735
3737
3733
3738
6518
6519
3739
7325
3741
3740
3742
3743
6520
6521
3744
3746
6517
3745
3747
3748
3749
3750
6525
3751
3752
6522
6523
3753
3754
6526
3755
3756
3757
3758
3759
6528
6530
3760
7329
3761
3762
3763
6231
3764
3765
6532
3766
3767
6524
3768
3769
6534
3770
3771
6529
3772
7327
3773
6238
3774
3775
6536
6537
7398
3777
3778
6527
3779
3781
3780
3782
3776
3783
6541
6542
3785
3787
6540
3786
3788
3784
3789
6544
6545
3790
3792
6539
3791
3793
6546
3794
3796
6543
3795
3797
6535
6548
3798
7400
7402
7404
7349
3799
6252
3800
7406
7347
3801
6253
6533
3802
3803
6547
6550
3804
3805
6549
6551
3807
7339
3809
3808
3810
3806
3811
6555
6556
3812
7408
7341
3814
3813
3815
3816
6557
6558
3817
3819
6554
3818
3820
3821
3822
3823
6562
3824
3825
6559
6560
3826
3827
6563
3828
3829
3830
3831
3832
6565
6567
3833
7345
3834
3835
3836
6268
3837
3838
6569
3839
3840
6561
3841
3842
6571
3843
3844
6566
3845
7343
3846
6275
3847
3848
6573
6574
7410
3850
3851
6564
3852
3854
3853
3855
3849
3856
6578
6579
3858
3860
6577
3859
3861
3857
3862
6581
6582
3863
3865
6576
3864
3866
6583
3867
3869
6580
3868
3870
6572
6585
3871
7412
7414
7416
7357
3872
6289
3873
7418
7355
3874
6290
6570
3875
3876
6584
6587
3877
3878
6586
6588
3880
3882
3881
3883
6329
3879
3884
6592
6593
3885
3887
3886
3888
6332
3889
6594
6595
3890
3892
6591
3891
3893
3894
3895
3896
6599
3897
3898
6596
6597
3899
3900
6600
3901
3902
3903
3904
3905
6602
6604
3906
7353
3907
3908
3909
6305
3910
3911
6606
3912
3913
6598
3914
3915
6608
3916
3917
6603
3918
7351
3919
6312
3920
3921
6610
6611
3923
3924
6601
3925
3927
3926
3928
6354
3922
3929
6615
6616
3931
3933
6614
3932
3934
6358
3930
3935
6618
6619
3936
3938
6613
3937
3939
6620
3940
3942
6617
3941
3943
6609
6622
3944
7420
7422
7424
7369
3945
6326
3946
7426
7367
3947
6327
6607
3948
3949
6621
6624
3950
3951
6623
6625
3953
3954
3955
7361
3957
4625
3956
3958
3952
3959
6630
6631
3960
3961
3962
7359
3964
4629
3963
3965
3966
6633
6634
3967
3969
6628
3968
3970
3971
3972
3973
6638
3974
3975
6635
6636
3976
3977
6639
3978
3979
3980
3981
3982
6641
6643
3983
7365
3984
3985
3986
6344
3987
3988
6645
3989
3990
6637
3991
3992
6647
3993
3994
6642
3995
7363
3996
6351
3997
3998
6649
6650
4000
4002
6640
4001
4003
4004
4006
4005
4007
3999
4008
6655
6656
4010
4011
4012
4014
6653
4013
4015
4009
4016
6659
6660
4017
4019
6652
4018
4020
6661
4021
4023
6657
4022
4024
6648
6663
4025
7428
7430
7432
7377
4026
6367
4027
7434
7375
4028
6368
6646
4029
4030
6662
6665
4031
4032
6664
6666
4033
7431
4034
4035
4036
6667
4037
4038
6668
6669
4039
6670
4040
6671
4041
6651
7429
4042
6644
4044
4046
4654
4045
4047
4043
4048
6673
6674
4049
4051
4657
4050
4052
4053
6675
6676
4054
4056
6672
4055
4057
4058
4059
4060
6680
4061
4062
6677
6678
4063
4064
6681
4065
4066
4067
4068
4069
6683
6685
4070
7373
4071
4072
4073
6383
4074
4075
6687
4076
4077
6679
4078
4079
6689
4080
4081
6684
4082
7371
4083
6390
4084
4085
6691
6692
4087
4088
6682
4089
4091
4090
4092
4086
4093
6696
6697
4095
4097
6695
4096
4098
4094
4099
6699
6700
4100
4102
6694
4101
4103
6701
4104
4106
6698
4105
4107
6690
6703
4108
7385
4109
6404
4110
7436
7438
7440
7383
4111
6405
6688
4112
4113
6702
6705
4114
4115
6704
6706
4116
7439
4117
4118
4119
6707
4120
4121
6708
6709
4122
6710
4123
6711
4124
6693
7437
4125
6686
4127
4129
4679
4128
4130
4126
4131
6713
6714
4132
4134
4682
4133
4135
4136
6715
6716
4137
4139
6712
4138
4140
4141
4142
4143
6720
4144
4145
6717
6718
4146
4147
6721
4148
4149
4150
4151
4152
6723
6725
4153
7381
4154
4155
4156
6420
4157
4158
6727
4159
4160
6719
4161
4162
6729
4163
4164
6724
4165
7379
4166
6427
4167
4168
6731
6732
4170
4171
6722
4172
4174
4173
4175
4169
4176
6736
6737
4178
4180
6735
4179
4181
4177
4182
6739
6740
4183
4185
6734
4184
4186
6741
4187
4189
6738
4188
4190
6730
6743
4191
4192
6441
4193
7441
4194
6442
6728
4195
4196
6742
6745
4197
4198
6744
6746
4199
4200
4201
4202
6747
4203
4204
6748
6749
4205
6750
4206
6751
4207
6733
4208
6726
4210
4212
4704
4211
4213
4209
4214
6753
6754
4215
4217
4707
4216
4218
4219
6755
6756
4220
4222
6752
4221
4223
4224
4225
4226
6760
4227
4228
6757
6758
4229
4230
6761
4231
4232
4233
4234
4235
6763
6765
4236
7393
4237
4238
4239
6457
4240
4241
6767
4242
4243
6759
4244
4245
6769
4246
4247
6764
4248
7391
4249
6464
4250
4251
6771
6772
4253
4254
6762
4255
4257
4256
4258
4252
4259
6776
6777
4261
4263
6775
4262
4264
4260
4265
6779
6780
4266
4268
6774
4267
4269
6781
4270
4272
6778
4271
4273
6770
6783
4274
7397
4275
6478
4276
7395
4277
6479
6768
4278
4279
6782
6785
4280
4281
6784
6786
4282
4283
4284
4285
6787
4286
4287
6788
6789
4288
6790
4289
6791
4290
6773
4291
6766
4293
4295
4729
4294
4296
4292
4297
6793
6794
4298
4300
4732
4299
4301
4302
6795
6796
4303
4305
6792
4304
4306
4307
4308
4309
6800
4310
4311
6797
6798
4312
4313
6801
4314
4315
4316
4317
4318
6803
6805
4319
7389
4320
4321
4322
6494
4323
4324
6807
4325
4326
6799
4327
4328
6809
4329
4330
6804
4331
7387
4332
6501
4333
4334
6811
6812
4336
4337
6802
4338
4340
4339
4341
4335
4342
6816
6817
4344
4346
6815
4345
4347
4343
4348
6819
6820
4349
4351
6814
4350
4352
6821
4353
4355
6818
4354
4356
6810
6823
4357
7407
4358
6515
4359
7405
4360
6516
6808
4361
4362
6822
6825
4363
4364
6824
6826
4365
4366
4367
4368
6827
4369
4370
6828
6829
4371
6830
4372
6831
4373
6813
4374
6806
4376
4378
4754
4377
4379
4375
4380
6833
6834
4381
7399
4383
4757
4382
4384
4385
6835
6836
4386
4388
6832
4387
4389
4390
4391
4392
6840
4393
4394
6837
6838
4395
4396
6841
4397
4398
4399
4400
4401
6843
6845
4402
7403
4403
4404
4405
6531
4406
4407
6847
4408
4409
6839
4410
4411
6849
4412
4413
6844
4414
7401
4415
6538
4416
4417
6851
6852
4419
4420
6842
4421
4423
4422
4424
4418
4425
6856
6857
4427
4429
6855
4428
4430
4426
4431
6859
6860
4432
4434
6854
4433
4435
6861
4436
4438
6858
4437
4439
6850
6863
4440
7419
4441
6552
4442
7417
4443
6553
6848
4444
4445
6862
6865
4446
4447
6864
6866
4448
4449
4450
4451
6867
4452
4453
6868
6869
4454
6870
4455
6871
4456
6853
4457
6846
4459
7409
4461
4779
4460
4462
4458
4463
6873
6874
4464
7411
4466
4782
4465
4467
4468
6875
6876
4469
4471
6872
4470
4472
4473
4474
4475
6880
4476
4477
6877
6878
4478
4479
6881
4480
4481
4482
4483
4484
6883
6885
4485
7415
4486
4487
4488
6568
4489
4490
6887
4491
4492
6879
4493
4494
6889
4495
4496
6884
4497
7413
4498
6575
4499
4500
6891
6892
4502
4503
6882
4504
4506
4505
4507
4501
4508
6896
6897
4510
4512
6895
4511
4513
4509
4514
6899
6900
4515
4517
6894
4516
4518
6901
4519
4521
6898
4520
4522
6890
6903
4523
7427
4524
6589
4525
7425
4526
6590
6888
4527
4528
6902
6905
4529
4530
6904
6906
4531
4532
4533
4534
6907
4535
4536
6908
6909
4537
6910
4538
6911
4539
6893
4540
6886
4542
4544
4804
4543
4545
6629
4541
4546
6913
6914
4547
4549
4807
4548
4550
6632
4551
6915
6916
4552
4554
6912
4553
4555
4556
4557
4558
6920
4559
4560
6917
6918
4561
4562
6921
4563
4564
4565
4566
4567
6923
6925
4568
7423
4569
4570
4571
6605
4572
4573
6927
4574
4575
6919
4576
4577
6929
4578
4579
6924
4580
7421
4581
6612
4582
4583
6931
6932
4585
4586
6922
4587
4589
4588
4590
6654
4584
4591
6936
6937
4593
4595
6935
4594
4596
6658
4592
4597
6939
6940
4598
4600
6934
4599
4601
6941
4602
4604
6938
4603
4605
6930
6943
4606
7435
4607
6626
4608
7433
4609
6627
6928
4610
4611
6942
6945
4612
4613
6944
6946
4614
4615
4616
4617
6947
4618
4619
6948
6949
4620
6950
4621
6951
4622
6933
4623
6926
