290
291
303
304
1897
288
289
300
301
1896
264
265
273
274
1883
262
263
270
271
1882
240
241
2580
2582
2584
249
250
1871
238
239
2586
246
247
1870
216
217
225
226
1859
214
215
2588
222
223
1858
192
193
2590
201
202
1847
190
191
2592
198
199
1846
168
169
2594
177
178
1835
166
167
2596
174
175
1834
144
145
2598
153
154
1823
142
143
2600
150
151
1822
120
121
2602
129
130
1811
118
119
2604
126
127
1810
96
97
2606
105
106
1799
94
95
2608
102
103
1798
68
69
2610
72
73
1784
66
67
64
65
62
74
1786
2612
2614
91
104
1802
80
81
84
85
1790
78
2613
2616
2618
2615
86
1792
70
71
75
76
1785
63
77
1787
90
2620
2622
2619
107
1788
1795
1803
115
2611
128
1814
100
101
111
112
1801
98
99
108
109
1800
93
2624
2617
110
1780
1804
82
83
87
88
1791
2626
79
2621
2628
2623
89
1782
1783
1793
92
2630
2632
2634
2636
2629
2635
2631
2637
2633
113
1781
1789
1797
1805
114
2627
2609
131
1807
1815
139
2607
152
1826
124
125
135
136
1813
122
123
132
133
1812
117
2638
2625
134
1816
2640
116
137
1809
1817
138
2641
2605
155
1794
1819
1827
163
2603
176
1838
148
149
159
160
1825
146
147
156
157
1824
141
2639
158
1806
1828
140
161
1796
1808
1821
1829
162
2601
179
1831
1839
187
2599
200
1850
172
173
183
184
1837
170
171
180
181
1836
165
182
1840
164
185
1833
1841
44
45
53
54
1773
42
43
50
51
1772
20
21
29
30
1761
18
19
26
27
1760
4
5
8
9
1752
2
3
0
10
1754
15
28
1764
6
7
11
12
1753
1
13
1751
1755
14
31
1757
1765
39
52
1776
24
25
35
36
1763
22
23
32
33
1762
17
34
1749
1766
16
37
1750
1759
1767
38
55
1769
1777
186
2597
203
1768
1843
1851
211
2595
224
1862
196
197
207
208
1849
194
195
204
205
1848
189
206
1830
1852
48
49
59
60
1775
46
47
56
57
1774
41
58
1756
1778
40
61
1758
1771
1779
188
209
1770
1832
1845
1853
210
2593
227
1855
1863
235
2591
248
1874
220
221
231
232
1861
218
219
228
229
1860
213
230
1842
1864
212
233
1844
1857
1865
234
2589
251
1867
1875
259
2587
272
1886
244
245
255
256
1873
242
243
252
253
1872
237
254
1854
1876
236
257
1856
1869
1877
258
2585
275
1879
1887
283
2583
302
1902
268
269
279
280
1885
266
267
276
277
1884
261
278
1866
1888
260
281
1868
1881
1889
282
2581
305
1891
1903
318
1890
294
295
309
310
1899
292
293
306
307
1898
285
308
1904
284
311
1893
1905
319
1892
298
299
315
316
1901
296
297
312
313
1900
287
314
1906
286
317
1895
1907
320
1894
1671
1672
1706
1707
2551
1669
1670
1703
1704
2550
1667
1668
1700
1701
2549
1665
1666
2642
1697
1698
2548
1583
1584
2644
1618
1619
2511
1581
1582
2646
1615
1616
2510
1579
1580
2648
1612
1613
2509
1577
1578
2650
1609
1610
2508
1495
1496
2652
1530
1531
2471
1493
1494
2654
1527
1528
2470
1491
1492
2656
1524
1525
2469
1489
1490
2658
1521
1522
2468
1407
1408
2660
1442
1443
2431
1405
1406
2662
1439
1440
2430
1403
1404
2664
1436
1437
2429
1401
1402
2666
1433
1434
2428
1319
1320
2668
1354
1355
2391
1317
1318
2670
1351
1352
2390
1315
1316
2672
1348
1349
2389
1313
1314
2674
1345
1346
2388
1231
1232
2676
1266
1267
2351
1229
1230
2678
1263
1264
2350
1227
1228
2680
1260
1261
2349
1225
1226
2682
1257
1258
2348
1179
1180
2684
1196
1197
2325
1177
1178
2686
1193
1194
2324
1170
1195
2332
1134
1135
1136
1137
2297
987
988
1022
1023
2231
985
986
2688
1019
1020
2230
983
984
2690
1016
1017
2229
981
982
2692
2694
1013
1014
2228
899
900
2696
934
935
2191
897
898
2698
931
932
2190
895
896
2700
928
929
2189
893
894
2702
925
926
2188
527
528
2704
562
563
2015
525
526
2706
559
560
2014
523
524
2708
556
557
2013
521
522
2710
553
554
2012
475
476
2712
492
493
1989
473
474
2714
489
490
1988
466
491
1996
465
494
1981
1997
514
555
2028
479
480
498
499
1991
477
478
495
496
1990
468
497
1998
467
500
1983
1999
2715
558
2029
483
484
504
505
1993
481
482
501
502
1992
470
503
2000
469
506
1985
2001
2713
561
2030
487
488
510
511
1995
485
486
507
508
1994
472
509
2002
471
512
1987
2003
513
2711
564
2005
2031
886
2709
927
2204
535
536
574
575
2019
533
534
571
572
2018
531
532
568
569
2017
529
530
2716
565
566
2016
516
567
2032
570
2033
573
2034
515
2717
576
2007
2035
2707
930
2205
543
544
586
587
2023
541
542
583
584
2022
539
540
580
581
2021
537
538
2718
577
578
2020
518
579
2036
582
2037
585
2038
517
2719
588
2009
2039
2705
933
2206
850
851
852
853
2161
703
704
738
739
2095
701
702
735
736
2094
699
700
732
733
2093
697
698
2720
2722
729
730
2092
615
616
2724
650
651
2055
613
614
2726
647
648
2054
611
612
2728
644
645
2053
609
610
2730
641
642
2052
602
643
2068
646
2069
649
2070
551
552
598
599
2027
549
550
595
596
2026
547
548
592
593
2025
545
546
2732
589
590
2024
2734
520
591
1980
2040
594
1982
2041
597
1984
2042
519
2733
600
1986
2011
2043
601
2731
652
2045
2071
690
2729
731
2108
623
624
662
663
2059
621
622
659
660
2058
619
620
656
657
2057
617
618
2736
653
654
2056
604
655
2072
658
2073
661
2074
603
2737
664
2047
2075
2727
734
2109
631
632
674
675
2063
629
630
671
672
2062
627
628
668
669
2061
625
626
2738
665
666
2060
606
667
2076
670
2077
673
2078
605
2739
676
2049
2079
2725
737
2110
639
640
686
687
2067
637
638
683
684
2066
635
636
680
681
2065
633
634
2740
677
678
2064
608
679
2080
682
2081
685
2082
607
2741
688
2051
2083
331
332
348
349
1917
329
330
345
346
1916
322
347
1924
321
350
1909
1925
689
2723
740
1908
2085
2111
849
2721
854
2162
826
827
828
829
2149
825
830
2150
802
803
804
805
2137
801
806
2138
778
779
780
781
2125
777
782
2084
2126
873
874
875
2124
2136
2148
2160
2173
885
2703
936
2172
2181
2207
974
2701
1015
2244
907
908
946
947
2195
905
906
943
944
2194
903
904
940
941
2193
901
902
2742
937
938
2192
2744
2746
888
939
2208
942
2209
945
2210
856
857
858
859
2164
711
712
750
751
2099
709
710
747
748
2098
707
708
744
745
2097
705
706
2748
2750
741
742
2096
692
743
2112
746
2113
749
2114
335
336
354
355
1919
333
334
351
352
1918
324
353
1926
323
356
1911
1927
691
2751
752
1910
2087
2115
855
2749
860
2165
832
833
834
835
2152
831
836
2153
808
809
810
811
2140
807
812
2141
784
785
786
787
2128
783
788
2086
2129
876
877
878
2127
2139
2151
2163
2175
887
2743
948
2174
2183
2211
2699
1018
2245
915
916
958
959
2199
913
914
955
956
2198
911
912
952
953
2197
909
910
2752
949
950
2196
890
951
2212
954
2213
957
2214
862
863
864
865
2167
719
720
762
763
2103
717
718
759
760
2102
715
716
756
757
2101
713
714
2754
2756
753
754
2100
694
755
2116
758
2117
761
2118
339
340
360
361
1921
337
338
357
358
1920
326
359
1928
325
362
1913
1929
693
2757
764
1912
2089
2119
861
2755
866
2168
838
839
840
841
2155
837
842
2156
814
815
816
817
2143
813
818
2144
790
791
792
793
2131
789
794
2088
2132
879
880
881
2130
2142
2154
2166
2177
889
2753
960
2176
2185
2215
2697
1021
2246
923
924
970
971
2203
921
922
967
968
2202
919
920
964
965
2201
917
918
2758
961
962
2200
892
963
2004
2216
966
2006
2217
969
2008
2218
868
869
870
871
2170
727
728
774
775
2107
725
726
771
772
2106
723
724
768
769
2105
721
722
2760
2762
765
766
2104
696
767
2044
2120
770
2046
2121
773
2048
2122
343
344
366
367
1923
341
342
363
364
1922
328
365
1930
327
368
1915
1931
695
2763
776
1914
2050
2091
2123
867
2761
872
2171
844
845
846
847
2158
843
848
2159
820
821
822
823
2146
819
824
2147
796
797
798
799
2134
795
800
2090
2135
882
883
884
2133
2145
2157
2169
2179
891
2759
972
2010
2178
2187
2219
379
380
396
397
1941
377
378
393
394
1940
370
395
1948
369
398
1933
1949
973
2695
1024
1932
2221
2247
1133
2693
1138
2298
1110
1111
1112
1113
2285
1109
1114
2286
1086
1087
1088
1089
2273
1085
1090
2274
1062
1063
1064
1065
2261
1061
1066
2220
2262
1157
2764
2766
2768
1158
1159
2260
2272
2284
2296
2309
1169
2770
2772
2774
2776
2778
2747
2777
2775
2779
2691
1198
2308
2317
2333
1218
2689
1259
2364
1183
1184
1202
1203
2327
1181
1182
1199
1200
2326
2780
2782
1172
2735
1201
2334
1140
1141
1142
1143
2300
995
996
1034
1035
2235
993
994
1031
1032
2234
991
992
2784
1028
1029
2233
989
990
2786
2788
1025
1026
2232
976
2745
1027
2248
2773
1030
2249
2771
1033
2250
383
384
402
403
1943
381
382
399
400
1942
372
2769
401
1950
371
2767
404
1935
1951
975
2765
2789
1036
1934
2223
2251
1139
2787
1144
2301
1116
1117
1118
1119
2288
1115
1120
2289
1092
1093
1094
1095
2276
1091
1096
2277
1068
1069
1070
1071
2264
1067
1072
2222
2265
2790
2792
2794
2796
2798
2800
1160
2802
2804
1161
1162
2263
2275
2287
2299
2311
1171
2806
2808
2810
2805
2809
2807
2811
2785
1204
2310
2319
2335
2783
2687
1262
2365
1187
1188
1208
1209
2329
1185
1186
1205
1206
2328
1174
2812
2803
1207
2336
1146
1147
1148
1149
2303
1003
1004
1046
1047
2239
1001
1002
2814
1043
1044
2238
999
1000
1040
1041
2237
997
998
2816
2818
1037
1038
2236
2820
978
2801
1039
2252
2799
1042
2253
2822
2797
1045
2254
387
388
408
409
1945
385
386
405
406
1944
374
2795
407
1952
373
2793
410
1937
1953
2824
2826
2828
2830
977
2832
2791
2819
1048
1936
2225
2255
1145
2817
1150
2304
1122
1123
1124
1125
2291
1121
1126
2292
1098
1099
1100
1101
2279
1097
1102
2280
1074
1075
1076
1077
2267
1073
1078
2224
2268
2834
2836
1163
1164
1165
2266
2278
2290
2302
2313
1173
2838
2840
2842
2837
2841
2839
2843
2815
1210
2312
2321
2337
2833
2685
1265
2366
1191
1192
1214
1215
2331
1189
1190
1211
1212
2330
2844
2846
1176
2821
1213
1818
2338
1152
1153
1154
1155
2306
1011
1012
1058
1059
2243
1009
1010
1055
1056
2242
1007
1008
2848
1052
1053
2241
1005
1006
2850
2852
1049
1050
2240
980
2831
1051
2180
2256
2823
1054
2182
2257
2829
1057
2184
2258
391
392
414
415
1947
389
390
411
412
1946
376
2827
413
1954
375
2825
416
1939
1955
979
2835
2853
1060
1938
2186
2227
2259
1151
2851
1156
2307
1128
1129
1130
1131
2294
1127
1132
2295
1104
1105
1106
1107
2282
1103
1108
2283
1080
1081
1082
1083
2270
1079
1084
2226
2271
1166
2854
2856
2858
1167
1168
2269
2281
2293
2305
2315
1175
2860
2862
2864
2859
2863
2861
2865
2849
1216
1820
2314
2323
2339
1217
2847
2683
1268
2341
2367
1306
2681
1347
2404
1239
1240
1278
1279
2355
1237
1238
1275
1276
2354
1235
1236
1272
1273
2353
1233
1234
2866
1269
1270
2352
1220
2868
2781
1271
2368
2870
2813
1274
2369
2872
2845
1277
2370
2874
1219
2867
1280
2343
2371
2679
1350
2405
1247
1248
1290
1291
2359
1245
1246
1287
1288
2358
1243
1244
1284
1285
2357
1241
1242
2876
1281
1282
2356
1222
2878
2871
1283
2372
2880
2873
1286
2373
2882
2875
1289
2374
2884
1221
2877
1292
2345
2375
2677
1353
2406
1255
1256
1302
1303
2363
1253
1254
1299
1300
2362
1251
1252
1296
1297
2361
1249
1250
2886
1293
1294
2360
1224
2888
2881
1295
2316
2376
2883
1298
2318
2377
2885
1301
2320
2378
1223
2887
1304
2322
2347
2379
427
428
444
445
1965
425
426
441
442
1964
418
2857
443
1972
417
2855
446
1957
1973
1305
2675
1356
1956
2381
2407
1394
2673
1435
2444
1327
1328
1366
1367
2395
1325
1326
1363
1364
2394
1323
1324
1360
1361
2393
1321
1322
2890
1357
1358
2392
2892
2894
1308
2869
1359
2408
2879
1362
2409
2889
1365
2410
431
432
450
451
1967
429
430
447
448
1966
420
449
1974
419
452
1959
1975
1307
2891
1368
1958
2383
2411
2895
2671
1438
2445
1335
1336
1378
1379
2399
1333
1334
1375
1376
2398
1331
1332
1372
1373
2397
1329
1330
2896
1369
1370
2396
2898
2900
1310
1371
2412
1374
2413
1377
2414
435
436
456
457
1969
433
434
453
454
1968
422
455
1976
421
458
1961
1977
1309
2897
1380
1960
2385
2415
2901
2669
1441
2446
1343
1344
1390
1391
2403
1341
1342
1387
1388
2402
1339
1340
1384
1385
2401
1337
1338
2902
1381
1382
2400
2904
2906
1312
1383
2340
2416
1386
2342
2417
1389
2344
2418
439
440
462
463
1971
437
438
459
460
1970
424
461
1878
1978
423
464
1880
1963
1979
1311
2903
1392
1962
2346
2387
2419
1393
2907
2667
1444
2421
2447
1482
2665
1523
2484
1415
1416
1454
1455
2435
1413
1414
1451
1452
2434
1411
1412
1448
1449
2433
1409
1410
2908
1445
1446
2432
2910
2912
1396
2893
1447
2448
2899
1450
2449
2905
1453
2450
1395
2909
1456
2423
2451
2913
2663
1526
2485
1423
1424
1466
1467
2439
1421
1422
1463
1464
2438
1419
1420
1460
1461
2437
1417
1418
2914
1457
1458
2436
2916
2918
1398
1459
2452
1462
2453
1465
2454
1397
2915
1468
2425
2455
2919
2661
1529
2486
1431
1432
1478
1479
2443
1429
1430
1475
1476
2442
1427
1428
1472
1473
2441
1425
1426
2920
1469
1470
2440
2922
2924
1400
1471
2380
2456
1474
2382
2457
1477
2384
2458
1399
2921
1480
2386
2427
2459
1481
2925
2659
1532
2461
2487
1570
2657
1611
2524
1503
1504
1542
1543
2475
1501
1502
1539
1540
2474
1499
1500
1536
1537
2473
1497
1498
2926
1533
1534
2472
2928
1484
2930
2911
1535
2488
2917
1538
2489
2932
2923
1541
2490
2934
1483
2927
1544
2463
2491
2931
2655
1614
2525
1511
1512
1554
1555
2479
1509
1510
1551
1552
2478
1507
1508
1548
1549
2477
1505
1506
2936
1545
1546
2476
2938
2940
1486
1547
2492
2933
1550
2493
2942
2935
1553
2494
2944
1485
2937
1556
2465
2495
2941
2653
1617
2526
1519
1520
1566
1567
2483
1517
1518
1563
1564
2482
1515
1516
1560
1561
2481
1513
1514
2946
1557
1558
2480
2948
2950
1488
1559
2420
2496
2943
1562
2422
2497
2945
1565
2424
2498
1487
2947
1568
2426
2467
2499
1569
2951
2651
1620
2501
2527
1658
2649
1699
2564
1591
1592
1630
1631
2515
1589
1590
1627
1628
2514
1587
1588
1624
1625
2513
1585
1586
2952
1621
1622
2512
2954
2956
1572
2929
1623
2528
2939
1626
2529
2958
2949
1629
2530
2960
1571
2953
1632
2503
2531
2957
2647
1702
2565
1599
1600
1642
1643
2519
1597
1598
1639
1640
2518
1595
1596
1636
1637
2517
1593
1594
2962
1633
1634
2516
2964
2966
1574
1635
2532
2959
1638
2533
2968
2961
1641
2534
2970
1573
2963
1644
2505
2535
2967
2645
1705
2566
1607
1608
1654
1655
2523
1605
1606
1651
1652
2522
1603
1604
1648
1649
2521
1601
1602
2972
1645
1646
2520
2974
2976
1576
1647
2460
2536
2969
1650
2462
2537
2971
1653
2464
2538
1575
2973
1656
2466
2507
2539
1657
2977
2643
1708
2541
2567
1745
2540
1679
1680
1718
1719
2555
1677
1678
1715
1716
2554
1675
1676
1712
1713
2553
1673
1674
2978
1709
1710
2552
1660
2955
1711
2568
2965
1714
2569
2980
2975
1717
2570
2982
1659
2979
1720
2543
2571
1746
2542
1687
1688
1730
1731
2559
1685
1686
1727
1728
2558
1683
1684
1724
1725
2557
1681
1682
2984
1721
1722
2556
1662
1723
2572
2981
1726
2573
2986
2983
1729
2574
2988
1661
2985
1732
2545
2575
1747
2544
1695
1696
1742
1743
2563
1693
1694
1739
1740
2562
1691
1692
1736
1737
2561
1689
1690
2990
1733
1734
2560
1664
1735
2500
2576
2987
1738
2502
2577
2989
1741
2504
2578
1663
2991
1744
2506
2547
2579
1748
2546
