2
4
6
8
61
63
1716
110
112
1718
159
161
1146
205
206
1720
208
210
1722
287
289
1724
360
362
1726
433
435
1249
1
3
5
7
0
9
1147
1148
207
209
204
1723
211
1250
1251
507
509
807
809
1145
58
59
1728
60
62
1730
57
1717
64
1175
1176
286
288
1732
285
1725
290
1290
1291
586
588
1734
896
898
1174
107
108
1736
109
111
1738
106
1719
113
1200
1201
359
361
1740
358
1727
363
1327
1328
659
661
1742
979
981
1199
156
157
1744
158
160
1746
155
1721
162
1225
1226
432
434
1748
431
436
1364
1365
732
734
1750
1062
1064
1224
505
506
508
510
1752
504
511
1402
1403
587
589
1754
585
1735
590
1442
1443
660
662
733
735
1401
1756
658
1743
663
1479
1480
1758
731
1751
736
1516
1517
11
13
15
17
68
70
1760
117
119
1762
166
168
1150
212
213
1764
215
217
1766
292
294
1768
365
367
1770
438
440
1252
805
806
1772
808
810
1774
804
1729
811
1554
1555
897
899
1776
895
1737
900
1597
1598
980
982
1778
1063
1065
1553
1780
978
1745
983
1637
1638
1782
1061
1066
1677
1678
10
12
14
16
1779
18
1151
1152
19
21
1144
214
216
1731
1767
218
1253
1254
219
221
1248
514
516
814
816
1149
20
22
26
27
1153
23
24
25
1154
1156
28
29
1157
220
222
226
227
1255
223
224
225
1256
1258
228
229
1259
235
236
237
238
1155
241
242
1257
239
240
1265
243
244
1267
30
31
32
33
34
1159
1161
247
248
1160
230
231
232
233
234
1261
1263
245
246
1262
249
250
1269
1270
36
38
1158
1784
40
42
1786
48
50
1163
252
254
1260
1788
256
258
1790
264
266
1273
65
66
1792
67
69
1733
1761
71
1178
1179
72
74
1173
291
293
1739
1769
295
1292
1293
296
298
1289
591
593
1794
901
903
1177
73
75
79
80
1180
76
77
78
1181
1183
81
82
1184
297
299
303
304
1294
300
301
302
1295
1297
305
306
1298
312
313
314
315
1182
318
319
1296
316
317
1304
320
321
1306
83
84
85
86
87
1186
1188
324
325
1187
307
308
309
310
311
1300
1302
322
323
1301
326
327
1308
1309
89
90
1185
1796
91
93
1798
97
99
1190
329
330
1299
1800
331
333
1802
337
339
1312
114
115
1804
116
118
1741
1763
120
1203
1204
121
123
1198
364
366
1747
1771
368
1329
1330
369
371
1326
664
666
1806
984
986
1202
122
124
128
129
1205
125
126
127
1206
1208
130
131
1209
370
372
376
377
1331
373
374
375
1332
1334
378
379
1335
385
386
387
388
1207
391
392
1333
389
390
1341
393
394
1343
132
133
134
135
136
1211
1213
397
398
1212
380
381
382
383
384
1337
1339
395
396
1338
399
400
1345
1346
138
139
1210
1808
140
142
1810
146
148
1215
402
403
1336
1812
404
406
1814
410
412
1349
163
164
1816
165
167
1749
1765
169
1228
1229
170
172
1223
437
439
1753
1773
441
1366
1367
442
444
1363
737
739
1818
1067
1069
1227
171
173
177
178
1230
174
175
176
1231
1233
179
180
1234
443
445
449
450
1368
446
447
448
1369
1371
451
452
1372
458
459
460
461
1232
464
465
1370
462
463
1378
466
467
1380
181
182
183
184
185
1236
1238
470
471
1237
453
454
455
456
457
1374
1376
468
469
1375
472
473
1382
1383
187
188
1235
1820
189
191
1822
195
197
1240
475
476
1373
1824
477
479
1826
483
485
1386
512
513
515
517
1755
518
1405
1406
519
521
1400
592
594
1757
1795
595
1444
1445
596
598
1441
665
667
1759
1807
668
1481
1482
738
740
1404
1828
1775
1819
741
1518
1519
669
671
1478
742
744
1515
520
522
526
527
1407
523
524
525
1408
1410
528
529
1411
535
536
537
538
1264
541
542
1409
539
540
1417
543
544
1419
547
548
1271
597
599
603
604
1446
600
601
602
1447
1449
605
606
1450
612
613
614
615
1303
618
619
1448
616
617
1456
620
621
1458
624
625
1310
670
672
676
677
1483
673
674
675
1484
1486
678
679
1487
685
686
687
688
1340
691
692
1485
689
690
1493
693
694
1495
697
698
1347
743
745
749
750
1520
746
747
748
1521
1523
751
752
1524
758
759
760
761
1377
764
765
1522
762
763
1530
766
767
1532
770
771
1384
530
531
532
533
534
1413
1415
545
546
1414
549
550
1421
1422
607
608
609
610
611
1452
1454
622
623
1453
626
627
1460
1461
680
681
682
683
684
1489
1491
695
696
1490
699
700
1497
1498
753
754
755
756
757
1526
1528
768
769
1527
772
773
1534
1535
552
554
1412
556
558
1830
564
566
1425
629
630
1451
1832
631
633
1834
637
639
1464
702
703
1488
1836
704
706
1838
710
712
1501
775
776
1525
1840
777
779
1842
783
785
1538
812
813
815
817
1777
1844
1785
818
1557
1558
819
821
1552
902
904
1781
1797
905
1599
1600
906
908
1596
985
987
1783
1809
988
1639
1640
1068
1070
1556
1829
1821
1071
1679
1680
989
991
1636
1072
1074
1676
820
822
826
827
1559
823
824
825
1560
1562
828
829
1563
835
836
894
837
838
1416
841
842
1561
1568
839
840
1569
843
844
1571
847
848
1423
907
909
913
914
1601
910
911
912
1602
1604
915
916
1605
922
923
977
924
925
1455
928
929
1603
1610
926
927
1611
930
931
1613
934
935
1462
990
992
996
997
1641
993
994
995
1642
1644
998
999
1645
1005
1006
1060
1007
1008
1492
1011
1012
1643
1650
1009
1010
1651
1013
1014
1653
1017
1018
1499
1073
1075
1079
1080
1681
1076
1077
1078
1682
1684
1081
1082
1685
1088
1089
1143
1090
1091
1529
1094
1095
1683
1690
1092
1093
1691
1096
1097
1693
1100
1101
1536
830
831
832
833
834
1565
1567
845
846
1566
849
850
1573
1574
893
885
886
1575
917
918
919
920
921
1607
1609
932
933
1608
936
937
1615
1616
976
968
969
1617
1000
1001
1002
1003
1004
1647
1649
1015
1016
1648
1019
1020
1655
1656
1059
1051
1052
1657
1083
1084
1085
1086
1087
1687
1689
1098
1099
1688
1102
1103
1695
1696
1142
1134
1135
1697
852
854
1564
856
858
1846
864
866
1577
939
940
1606
1848
941
943
1850
947
949
1619
1022
1023
1646
1852
1024
1026
1854
1030
1032
1659
1105
1106
1686
1856
1107
1109
1858
1113
1115
1699
37
39
41
43
35
1860
1787
44
1165
1166
53
54
1162
277
278
1171
92
94
88
1799
95
1191
1192
102
103
1189
350
351
1196
141
143
190
192
1164
137
1811
144
1216
1217
151
152
1214
423
424
1221
186
1823
193
1241
1242
200
201
1239
496
497
1246
46
47
49
51
45
1789
52
1169
1170
55
56
1167
279
280
1172
1266
98
100
96
1801
101
1194
1195
104
105
1193
1862
1864
1866
1868
1870
1872
1874
1876
1878
1880
1882
1884
1886
1888
1890
1892
1894
352
353
1197
1305
147
149
196
198
1168
145
1813
150
1219
1220
153
154
1218
425
426
1222
1342
194
1825
199
1244
1245
202
203
1243
1896
498
499
1247
1379
253
255
257
259
251
1791
260
1275
1276
269
271
1272
1898
270
272
1281
281
282
1282
1285
577
578
1287
332
334
328
1803
335
1313
1314
342
344
1311
343
345
1318
354
355
1319
1322
650
651
1324
405
407
478
480
1274
401
1815
408
1350
1351
415
417
1348
416
418
1355
427
428
1356
1359
723
724
1361
474
1827
481
1387
1388
488
490
1385
489
491
1392
500
501
1393
1396
796
797
1398
262
263
265
267
261
1793
268
1279
1280
273
275
1277
274
276
1268
1283
283
1900
1895
284
1284
1286
579
580
1288
1418
338
340
336
1805
341
1316
1317
346
348
1315
347
349
1307
1320
356
357
1321
1323
652
653
1325
1457
411
413
484
486
1278
409
1817
414
1353
1354
419
421
1352
420
422
1344
1357
429
1902
1897
430
1358
1360
725
726
1362
1494
482
487
1390
1391
492
494
1389
493
495
1381
1394
502
1904
1899
503
1395
1397
798
799
1399
1531
553
555
557
559
551
1831
560
1427
1428
569
571
1424
570
1893
572
1433
581
582
1434
1437
877
1891
878
1439
632
634
628
1835
635
1465
1466
642
644
1463
643
1889
645
1470
654
655
1471
1474
960
1887
961
1476
705
707
778
780
1426
701
1839
708
1502
1503
715
717
1500
716
1885
718
1507
727
728
1508
1511
1043
1883
1044
1513
774
1843
781
1539
1540
788
790
1537
789
1881
791
1544
800
1906
1901
801
1545
1548
1126
1879
1127
1550
562
563
565
567
561
1833
568
1431
1432
573
575
1429
574
576
1420
1435
583
584
1436
1438
879
880
1440
1570
638
640
636
1837
641
1468
1469
646
648
1467
647
649
1459
1472
656
1908
1903
657
1473
1475
962
963
1477
1612
711
713
784
786
1430
709
1841
714
1505
1506
719
721
1504
720
722
1496
1509
729
1910
1905
730
1510
1512
1045
1046
1514
1652
782
1845
787
1542
1543
792
794
1541
793
795
1533
1546
802
803
1547
1549
1128
1129
1551
1692
853
855
857
859
851
1847
860
1579
1580
869
871
1576
870
1877
872
1585
881
882
1586
1589
887
1875
888
1591
891
1594
942
944
938
1851
945
1620
1621
952
954
1618
953
1873
955
1625
964
965
1626
1629
970
1871
971
1631
974
1634
1025
1027
1108
1110
1578
1021
1855
1028
1660
1661
1035
1037
1658
1036
1869
1038
1665
1047
1907
1048
1666
1669
1053
1867
1054
1671
1057
1674
1104
1859
1111
1700
1701
1118
1120
1698
1119
1865
1121
1705
1130
1131
1706
1709
1136
1863
1137
1711
1140
1714
862
863
865
867
861
1849
868
1583
1584
873
875
1581
874
876
1572
1587
883
1909
884
1588
1590
889
890
1592
1593
892
1595
948
950
946
1853
951
1623
1624
956
958
1622
957
959
1614
1627
966
1911
967
1628
1630
972
973
1632
1633
975
1635
1031
1033
1114
1116
1582
1029
1857
1034
1663
1664
1039
1041
1662
1040
1042
1654
1667
1049
1050
1668
1670
1055
1056
1672
1673
1058
1675
1112
1861
1117
1703
1704
1122
1124
1702
1123
1125
1694
1707
1132
1133
1708
1710
1138
1139
1712
1713
1141
1715
