812
813
815
817
10
12
814
816
805
806
808
810
1
3
807
809
804
811
1554
1555
818
1557
1558
819
821
1552
820
822
823
824
825
1562
512
513
515
517
514
516
505
506
508
510
507
509
504
511
1402
1403
518
1405
1406
519
521
1400
520
522
523
524
525
1410
212
213
215
217
214
216
205
206
208
210
207
209
204
211
1250
1251
218
1253
1254
219
221
1248
220
222
223
224
225
1258
11
13
15
17
14
16
1149
2
4
6
8
5
7
1145
0
9
1147
1148
18
1151
1152
19
21
1144
1716
1718
1720
1722
20
22
23
24
25
1156
235
1721
236
535
1719
536
835
1717
836
837
838
839
840
1569
537
538
539
540
1417
237
238
1155
239
240
1265
1724
1726
1728
1730
1732
1734
1736
1738
1740
1742
26
27
1153
1154
28
29
1157
30
31
32
33
34
1159
1161
247
1741
248
1160
241
1737
1739
242
1257
1264
243
244
1267
226
227
1255
1256
228
229
1259
230
231
232
233
234
1261
1263
245
246
1262
249
250
1269
1270
547
1735
548
1271
541
1731
1733
542
1409
1416
543
544
1419
526
527
1407
1408
528
529
1411
530
531
532
533
534
1413
1415
545
546
1414
549
550
1421
1422
847
1729
848
1423
841
1725
1727
842
1561
843
844
1571
826
1723
1743
827
1559
1560
828
829
1563
830
831
832
833
834
1565
1567
845
846
1566
849
850
1573
1574
885
886
37
39
41
43
36
38
1158
40
42
35
44
1165
1166
53
54
1162
277
278
1171
253
255
257
259
252
254
1260
256
258
251
260
1275
1276
269
271
1272
270
272
1281
281
282
1282
1285
577
578
1287
553
555
557
559
552
554
1412
556
558
551
560
1427
1428
569
571
1424
570
572
1433
581
582
1434
1437
877
878
1439
853
855
857
859
852
854
1564
856
858
851
860
1579
1580
869
871
1576
870
872
1585
881
882
1586
1589
887
888
1591
891
1594
1744
46
47
49
51
48
50
1163
45
52
1169
1170
55
56
1167
279
280
1172
1266
262
263
265
267
264
266
1273
261
268
1279
1280
273
275
1277
274
276
1268
1283
283
284
1284
1286
579
580
1288
1418
562
563
565
567
564
566
1425
561
568
1431
1432
573
575
1429
574
576
1420
1435
583
584
1436
1438
879
880
1440
1570
862
863
865
867
864
866
1577
861
868
1583
1584
873
875
1581
874
876
1572
1587
883
884
1588
1590
889
890
1592
1593
892
1595
893
1575
894
1568
902
904
65
66
901
903
897
899
1746
58
59
896
898
895
900
1597
1598
905
1599
1600
906
908
1596
907
909
910
911
912
1604
592
594
591
593
587
589
586
588
585
590
1442
1443
595
1444
1445
596
598
1441
597
599
600
601
602
1449
292
294
291
293
287
289
286
288
285
290
1290
1291
295
1292
1293
296
298
1289
297
299
300
301
302
1297
68
70
67
69
1177
61
63
60
62
1174
57
64
1175
1176
71
1178
1179
72
74
1173
1748
1750
1752
1754
73
75
76
77
78
1183
312
1753
313
612
1751
613
922
1749
923
924
925
926
927
1611
614
615
616
617
1456
314
315
1182
316
317
1304
1756
1758
1760
1762
1764
1766
1768
1770
1772
1774
79
80
1180
1181
81
82
1184
83
84
85
86
87
1186
1188
324
1773
325
1187
318
1769
1771
319
1296
1303
320
321
1306
303
304
1294
1295
305
306
1298
307
308
309
310
311
1300
1302
322
323
1301
326
327
1308
1309
624
1767
625
1310
618
1763
1765
619
1448
1455
620
621
1458
603
604
1446
1447
605
606
1450
607
608
609
610
611
1452
1454
622
623
1453
626
627
1460
1461
934
1761
935
1462
928
1757
1759
929
1603
930
931
1613
913
1755
1775
914
1601
1602
915
916
1605
917
918
919
920
921
1607
1609
932
933
1608
936
937
1615
1616
968
969
92
94
89
90
1185
91
93
88
95
1191
1192
102
103
1189
350
351
1196
332
334
329
330
1299
331
333
328
335
1313
1314
342
344
1311
343
345
1318
354
355
1319
1322
650
651
1324
632
634
1776
629
630
1451
631
633
628
635
1465
1466
642
644
1463
643
645
1470
654
655
1471
1474
960
961
1476
942
1778
1745
944
1780
939
940
1606
941
943
938
945
1620
1621
952
954
1618
953
955
1625
964
965
1626
1629
970
971
1631
974
1634
98
100
97
99
1190
96
101
1194
1195
104
105
1193
352
353
1197
1305
338
340
337
339
1312
336
341
1316
1317
346
348
1315
347
349
1307
1320
356
357
1321
1323
652
653
1325
1457
638
640
637
639
1464
636
641
1468
1469
646
648
1467
647
649
1459
1472
656
657
1473
1475
962
963
1477
1612
948
950
947
949
1619
946
951
1623
1624
956
958
1622
957
959
1614
1627
966
967
1628
1630
972
973
1632
1633
975
1635
976
1617
977
1610
985
987
114
115
984
986
980
1747
982
107
108
979
981
978
983
1637
1638
988
1639
1640
989
991
1636
990
992
993
994
995
1644
665
667
664
666
660
662
659
661
658
663
1479
1480
668
1481
1482
669
671
1478
670
672
673
674
675
1486
365
367
364
366
360
362
359
361
358
363
1327
1328
368
1329
1330
369
371
1326
370
372
373
374
375
1334
117
119
116
118
1202
110
112
109
111
1199
106
113
1200
1201
120
1203
1204
121
123
1198
1782
1784
1786
1788
122
124
125
126
127
1208
385
1787
386
685
1785
686
1005
1783
1006
1007
1008
1009
1010
1651
687
688
689
690
1493
387
388
1207
389
390
1341
1790
1792
1794
1796
1798
1800
1802
1804
1806
1808
128
129
1205
1206
130
131
1209
132
133
134
135
136
1211
1213
397
1807
398
1212
391
1803
1805
392
1333
1340
393
394
1343
376
377
1331
1332
378
379
1335
380
381
382
383
384
1337
1339
395
396
1338
399
400
1345
1346
697
1801
698
1347
691
1797
1799
692
1485
1492
693
694
1495
676
677
1483
1484
678
679
1487
680
681
682
683
684
1489
1491
695
696
1490
699
700
1497
1498
1017
1795
1018
1499
1011
1791
1793
1012
1643
1013
1014
1653
996
1789
1809
997
1641
1642
998
999
1645
1000
1001
1002
1003
1004
1647
1649
1015
1016
1648
1019
1020
1655
1656
1051
1052
141
143
138
139
1210
140
142
137
144
1216
1217
151
152
1214
423
424
1221
405
1779
407
402
403
1336
404
406
401
408
1350
1351
415
417
1348
416
418
1355
427
428
1356
1359
723
724
1361
705
1810
1777
707
1812
702
703
1488
704
706
701
708
1502
1503
715
717
1500
716
718
1507
727
728
1508
1511
1043
1044
1513
1025
1814
1781
1027
1816
1022
1023
1646
1024
1026
1021
1028
1660
1661
1035
1037
1658
1036
1038
1665
1047
1048
1666
1669
1053
1054
1671
1057
1674
147
149
146
148
1215
145
150
1219
1220
153
154
1218
425
426
1222
1342
411
413
410
412
1349
409
414
1353
1354
419
421
1352
420
422
1344
1357
429
430
1358
1360
725
726
1362
1494
711
713
710
712
1501
709
714
1505
1506
719
721
1504
720
722
1496
1509
729
730
1510
1512
1045
1046
1514
1652
1031
1033
1030
1032
1659
1029
1034
1663
1664
1039
1041
1662
1040
1042
1654
1667
1049
1050
1668
1670
1055
1056
1672
1673
1058
1675
1059
1657
1060
1650
1068
1070
1556
163
164
1067
1069
1063
1065
1553
156
157
1062
1064
1061
1066
1677
1678
1071
1679
1680
1072
1074
1676
1073
1075
1076
1077
1078
1684
738
740
1404
737
739
733
735
1401
732
734
731
736
1516
1517
741
1518
1519
742
744
1515
743
745
746
747
748
1523
438
440
1252
437
439
433
435
1249
432
434
431
436
1364
1365
441
1366
1367
442
444
1363
443
445
446
447
448
1371
166
168
1150
165
167
1227
159
161
1146
158
160
1224
155
162
1225
1226
169
1228
1229
170
172
1223
1818
1820
1822
1824
171
173
174
175
176
1233
458
1823
459
758
1821
759
1088
1819
1089
1090
1091
1092
1093
1691
760
761
762
763
1530
460
461
1232
462
463
1378
1826
1828
1830
1832
1834
1836
1838
1840
1842
1844
177
178
1230
1231
179
180
1234
181
182
183
184
185
1236
1238
470
1843
471
1237
464
1839
1841
465
1370
1377
466
467
1380
449
450
1368
1369
451
452
1372
453
454
455
456
457
1374
1376
468
469
1375
472
473
1382
1383
770
1837
771
1384
764
1833
1835
765
1522
1529
766
767
1532
749
750
1520
1521
751
752
1524
753
754
755
756
757
1526
1528
768
769
1527
772
773
1534
1535
1100
1831
1101
1536
1094
1827
1829
1095
1683
1096
1097
1693
1079
1825
1845
1080
1681
1682
1081
1082
1685
1083
1084
1085
1086
1087
1687
1689
1098
1099
1688
1102
1103
1695
1696
1134
1135
190
1815
192
1164
187
188
1235
189
191
186
193
1241
1242
200
201
1239
496
497
1246
478
1811
480
1274
475
476
1373
477
479
474
481
1387
1388
488
490
1385
489
491
1392
500
501
1393
1396
796
797
1398
778
1813
780
1426
775
776
1525
777
779
774
781
1539
1540
788
790
1537
789
791
1544
800
801
1545
1548
1126
1127
1550
1108
1817
1110
1578
1105
1106
1686
1107
1109
1104
1111
1700
1701
1118
1120
1698
1119
1121
1705
1130
1131
1706
1709
1136
1137
1711
1140
1714
196
198
1168
195
197
1240
194
199
1244
1245
202
203
1243
498
499
1247
1379
484
486
1278
483
485
1386
482
487
1390
1391
492
494
1389
493
495
1381
1394
502
503
1395
1397
798
799
1399
1531
784
786
1430
783
785
1538
782
787
1542
1543
792
794
1541
793
795
1533
1546
802
803
1547
1549
1128
1129
1551
1692
1114
1116
1582
1113
1115
1699
1112
1117
1703
1704
1122
1124
1702
1123
1125
1694
1707
1132
1133
1708
1710
1138
1139
1712
1713
1141
1715
1142
1697
1143
1690
