2
4
6
8
61
63
6952
110
112
6954
159
161
6956
208
210
6958
257
259
6960
306
308
6962
355
357
4626
401
402
6964
404
406
6966
483
485
6968
556
558
6970
629
631
6972
702
704
6974
775
777
6976
848
850
6978
921
923
4829
1
3
5
7
0
9
4627
4628
403
405
400
6967
407
4830
4831
995
997
1587
1589
6980
2179
2181
6982
2771
2773
6984
3363
3365
6986
3955
3957
4625
58
59
6988
60
62
6990
57
6953
64
4655
4656
482
484
6992
481
6969
486
4870
4871
1074
1076
6994
1666
1668
6996
2258
2260
6998
2850
2852
7000
3442
3444
7002
4044
4046
4654
107
108
7004
109
111
7006
106
6955
113
4680
4681
555
557
7008
554
6971
559
4907
4908
1147
1149
7010
1739
1741
7012
2331
2333
7014
2923
2925
7016
3515
3517
7018
4127
4129
4679
156
157
7020
158
160
7022
155
6957
162
4705
4706
628
630
7024
627
6973
632
4944
4945
1220
1222
7026
1812
1814
7028
2404
2406
7030
2996
2998
7032
3588
3590
7034
4210
4212
4704
205
206
7036
207
209
7038
204
6959
211
4730
4731
701
703
7040
700
6975
705
4981
4982
1293
1295
7042
1885
1887
7044
2477
2479
7046
3069
3071
7048
3661
3663
7050
4293
4295
4729
254
255
7052
256
258
7054
253
6961
260
4755
4756
774
776
7056
773
6977
778
5018
5019
1366
1368
7058
1958
1960
7060
2550
2552
7062
3142
3144
7064
3734
3736
7066
4376
4378
4754
303
304
7068
305
307
7070
302
6963
309
4780
4781
847
849
7072
846
6979
851
5055
5056
1439
1441
7074
2031
2033
7076
2623
2625
7078
3215
3217
7080
3807
3809
7082
4459
4461
4779
352
353
7084
354
356
7086
351
6965
358
4805
4806
920
922
7088
919
924
5092
5093
1512
1514
7090
2104
2106
7092
2696
2698
7094
3288
3290
7096
3880
3882
7098
4542
4544
4804
993
994
996
998
7100
992
999
5130
5131
1075
1077
7102
1073
6995
1078
5170
5171
1148
1150
7104
1146
7011
1151
5207
5208
1221
1223
7106
1219
7027
1224
5244
5245
1294
1296
7108
1292
7043
1297
5281
5282
1367
1369
7110
1365
7059
1370
5318
5319
1440
1442
1513
1515
5129
7112
1438
7075
1443
5355
5356
7114
1511
7091
1516
5392
5393
11
13
15
17
68
70
7116
117
119
7118
166
168
7120
215
217
7122
264
266
7124
313
315
7126
362
364
4630
408
409
7128
411
413
7130
488
490
7132
561
563
7134
634
636
7136
707
709
7138
780
782
7140
853
855
7142
926
928
4832
1585
1586
7144
1588
1590
7146
1584
6981
1591
5430
5431
1667
1669
7148
1665
6997
1670
5470
5471
1740
1742
7150
1738
7013
1743
5507
5508
1813
1815
7152
1811
7029
1816
5544
5545
1886
1888
7154
1884
7045
1889
5581
5582
1959
1961
7156
1957
7061
1962
5618
5619
2032
2034
7158
2105
2107
5429
7160
2030
7077
2035
5655
5656
7162
2103
7093
2108
5692
5693
10
12
14
16
7159
18
4631
4632
19
21
4624
410
412
6991
7131
414
4833
4834
415
417
4828
1002
1004
7164
1594
1596
20
22
26
27
4633
23
24
25
4634
4636
28
29
4637
416
418
422
423
4835
419
420
421
4836
4838
424
425
4839
431
432
433
434
4635
437
438
4837
435
436
4845
439
440
4847
7166
2186
2188
7168
2778
2780
7170
3370
3372
7172
3962
3964
4629
30
31
32
33
34
4639
4641
443
444
4640
426
427
428
429
430
4841
4843
441
442
4842
445
446
4849
4850
36
38
4638
7174
40
42
7176
48
50
4643
448
450
4840
7178
452
454
7180
460
462
4853
65
66
7182
67
69
6993
7117
71
4658
4659
72
74
4653
487
489
7007
7133
491
4872
4873
492
494
4869
1079
1081
7184
1671
1673
73
75
79
80
4660
76
77
78
4661
4663
81
82
4664
493
495
499
500
4874
496
497
498
4875
4877
501
502
4878
508
509
510
511
4662
514
515
4876
512
513
4884
516
517
4886
7186
2263
2265
7188
2855
2857
7190
3447
3449
7192
4049
4051
4657
83
84
85
86
87
4666
4668
520
521
4667
503
504
505
506
507
4880
4882
518
519
4881
522
523
4888
4889
89
90
4665
7194
91
93
7196
97
99
4670
525
526
4879
7198
527
529
7200
533
535
4892
114
115
7202
116
118
7009
7119
120
4683
4684
121
123
4678
560
562
7023
7135
564
4909
4910
565
567
4906
1152
1154
7204
1744
1746
122
124
128
129
4685
125
126
127
4686
4688
130
131
4689
566
568
572
573
4911
569
570
571
4912
4914
574
575
4915
581
582
583
584
4687
587
588
4913
585
586
4921
589
590
4923
7206
2336
2338
7208
2928
2930
7210
3520
3522
7212
4132
4134
4682
132
133
134
135
136
4691
4693
593
594
4692
576
577
578
579
580
4917
4919
591
592
4918
595
596
4925
4926
138
139
4690
7214
140
142
7216
146
148
4695
598
599
4916
7218
600
602
7220
606
608
4929
163
164
7222
165
167
7025
7121
169
4708
4709
170
172
4703
633
635
7039
7137
637
4946
4947
638
640
4943
1225
1227
7224
1817
1819
171
173
177
178
4710
174
175
176
4711
4713
179
180
4714
639
641
645
646
4948
642
643
644
4949
4951
647
648
4952
654
655
656
657
4712
660
661
4950
658
659
4958
662
663
4960
7226
2409
2411
7228
3001
3003
7230
3593
3595
7232
4215
4217
4707
181
182
183
184
185
4716
4718
666
667
4717
649
650
651
652
653
4954
4956
664
665
4955
668
669
4962
4963
187
188
4715
7234
189
191
7236
195
197
4720
671
672
4953
7238
673
675
7240
679
681
4966
212
213
7242
214
216
7041
7123
218
4733
4734
219
221
4728
706
708
7055
7139
710
4983
4984
711
713
4980
1298
1300
7244
1890
1892
220
222
226
227
4735
223
224
225
4736
4738
228
229
4739
712
714
718
719
4985
715
716
717
4986
4988
720
721
4989
727
728
729
730
4737
733
734
4987
731
732
4995
735
736
4997
7246
2482
2484
7248
3074
3076
7250
3666
3668
7252
4298
4300
4732
230
231
232
233
234
4741
4743
739
740
4742
722
723
724
725
726
4991
4993
737
738
4992
741
742
4999
5000
236
237
4740
7254
238
240
7256
244
246
4745
744
745
4990
7258
746
748
7260
752
754
5003
261
262
7262
263
265
7057
7125
267
4758
4759
268
270
4753
779
781
7071
7141
783
5020
5021
784
786
5017
1371
1373
7264
1963
1965
269
271
275
276
4760
272
273
274
4761
4763
277
278
4764
785
787
791
792
5022
788
789
790
5023
5025
793
794
5026
800
801
802
803
4762
806
807
5024
804
805
5032
808
809
5034
7266
2555
2557
7268
3147
3149
7270
3739
3741
7272
4381
4383
4757
279
280
281
282
283
4766
4768
812
813
4767
795
796
797
798
799
5028
5030
810
811
5029
814
815
5036
5037
285
286
4765
7274
287
289
7276
293
295
4770
817
818
5027
7278
819
821
7280
825
827
5040
310
311
7282
312
314
7073
7127
316
4783
4784
317
319
4778
852
854
7087
7143
856
5057
5058
857
859
5054
1444
1446
7284
2036
2038
318
320
324
325
4785
321
322
323
4786
4788
326
327
4789
858
860
864
865
5059
861
862
863
5060
5062
866
867
5063
873
874
875
876
4787
879
880
5061
877
878
5069
881
882
5071
7286
2628
2630
7288
3220
3222
7290
3812
3814
7292
4464
4466
4782
328
329
330
331
332
4791
4793
885
886
4792
868
869
870
871
872
5065
5067
883
884
5066
887
888
5073
5074
334
335
4790
7294
336
338
7296
342
344
4795
890
891
5064
7298
892
894
7300
898
900
5077
359
360
7302
361
363
7089
7129
365
4808
4809
366
368
4803
925
927
7101
7145
929
5094
5095
930
932
5091
1517
1519
7304
2109
2111
367
369
373
374
4810
370
371
372
4811
4813
375
376
4814
931
933
937
938
5096
934
935
936
5097
5099
939
940
5100
946
947
948
949
4812
952
953
5098
950
951
5106
954
955
5108
7306
2701
2703
7308
3293
3295
7310
3885
3887
7312
4547
4549
4807
377
378
379
380
381
4816
4818
958
959
4817
941
942
943
944
945
5102
5104
956
957
5103
960
961
5110
5111
383
384
4815
7314
385
387
7316
391
393
4820
963
964
5101
7318
965
967
7320
971
973
5114
1000
1001
1003
1005
7103
1006
5133
5134
1007
1009
5128
1080
1082
7105
7185
1083
5172
5173
1084
1086
5169
1153
1155
7107
7205
1156
5209
5210
1157
1159
5206
1226
1228
7109
7225
1229
5246
5247
1230
1232
5243
1299
1301
7111
7245
1302
5283
5284
1303
1305
5280
1372
1374
7113
7265
1375
5320
5321
1376
1378
5317
1445
1447
7115
7285
1448
5357
5358
1518
1520
5132
7322
7147
7305
1521
5394
5395
7324
7326
7328
7330
7332
7334
7336
7338
7340
7342
7344
7346
7348
7350
7352
7354
7356
7358
7360
7362
7364
7366
7368
1449
1451
5354
7370
1522
1524
5391
7372
1008
1010
7374
7376
7378
1014
1015
5135
1011
1012
1013
5136
5138
1016
1017
5139
1023
1024
1025
1026
4844
1029
1030
5137
1027
1028
5145
1031
1032
5147
1035
1036
4851
1085
1087
1091
1092
5174
1088
1089
1090
5175
5177
1093
1094
5178
1100
1101
1102
1103
4883
1106
1107
5176
1104
1105
5184
1108
1109
5186
1112
1113
4890
1158
1160
1164
1165
5211
1161
1162
1163
5212
5214
1166
1167
5215
1173
1174
1175
1176
4920
1179
1180
5213
1177
1178
5221
1181
1182
5223
1185
1186
4927
1231
1233
1237
1238
5248
1234
1235
1236
5249
5251
1239
1240
5252
1246
1247
1248
1249
4957
1252
1253
5250
1250
1251
5258
1254
1255
5260
1258
1259
4964
1304
7379
1306
1310
1311
5285
1307
1308
1309
5286
5288
1312
1313
5289
1319
7377
1320
1321
1322
4994
1325
1326
5287
1323
1324
5295
1327
1328
5297
1331
7375
1332
5001
1377
7369
1379
7380
7382
7384
7386
7388
7390
7392
7394
7396
7398
7400
7402
7404
1383
1384
5322
1380
1381
1382
5323
5325
1385
1386
5326
1392
7367
1393
1394
1395
5031
1398
1399
5324
1396
1397
5332
1400
1401
5334
1404
7365
1405
5038
1450
7371
1452
7406
7408
7410
7412
7414
1456
1457
5359
1453
1454
1455
5360
5362
1458
1459
5363
1465
7363
1466
1467
1468
5068
1471
1472
5361
1469
1470
5369
1473
1474
5371
1477
7361
1478
5075
1523
7373
1525
7416
7418
7420
7422
7424
1529
1530
5396
1526
1527
1528
5397
5399
1531
1532
5400
1538
7359
1539
1540
1541
5105
1544
1545
5398
1542
1543
5406
1546
1547
5408
1550
7357
1551
5112
1018
1019
1020
1021
1022
5141
5143
1033
1034
5142
1037
1038
5149
5150
1095
1096
1097
1098
1099
5180
5182
1110
1111
5181
1114
1115
5188
5189
1168
1169
1170
1171
1172
5217
5219
1183
1184
5218
1187
1188
5225
5226
1241
1242
1243
1244
1245
5254
5256
1256
1257
5255
1260
1261
5262
5263
1314
7426
7428
7430
7432
7434
7436
7438
7440
7405
1315
1316
1317
1318
5291
5293
1329
7403
1330
5292
1333
7401
1334
5299
5300
1387
7442
7444
7446
7448
7450
7415
1388
1389
1390
1391
5328
5330
1402
7413
1403
5329
1406
7411
1407
5336
5337
1460
7452
7454
7456
7425
1461
1462
1463
1464
5365
5367
1475
7423
1476
5366
1479
7421
1480
5373
5374
1533
1534
1535
1536
1537
5402
5404
1548
1549
5403
1552
1553
5410
5411
1040
1042
5140
1044
1046
7458
1052
1054
5153
1117
1118
5179
7460
1119
1121
7462
1125
1127
5192
1190
1191
5216
7464
1192
1194
7466
1198
1200
5229
1263
1264
5253
7468
1265
1267
7470
1271
1273
5266
1336
7451
1337
5290
7472
1338
1340
7474
1344
1346
5303
1409
7457
1410
5327
7476
1411
1413
7478
1417
1419
5340
1482
1483
5364
7480
1484
1486
7482
1490
1492
5377
1555
1556
5401
7484
1557
1559
7486
1563
1565
5414
2177
2178
2180
2182
2176
7488
6983
2183
5730
5731
2259
2261
2257
6999
2262
5770
5771
2332
2334
7490
2330
7015
2335
5807
5808
2405
2407
7492
2403
7031
2408
5844
5845
2478
2480
7494
2476
7047
2481
5881
5882
2551
2553
7496
2549
7063
2554
5918
5919
2624
2626
2697
2699
5729
7498
2622
7079
2627
5955
5956
7500
2695
7095
2700
5992
5993
1592
1593
1595
1597
7502
7149
7167
1598
5433
5434
1599
1601
5428
1672
1674
7151
7187
1675
5472
5473
1676
1678
5469
1745
1747
7153
7207
1748
5509
5510
1749
1751
5506
1818
1820
7155
7227
1821
5546
5547
1822
1824
5543
1891
1893
7157
7247
1894
5583
5584
1895
1897
5580
1964
1966
7161
7267
1967
5620
5621
1968
1970
5617
2037
2039
7163
7287
2040
5657
5658
2110
2112
5432
7504
7323
7307
2113
5694
5695
2041
2043
5654
7506
7508
7510
7512
7514
2114
2116
5691
7516
1600
1602
7518
1606
1607
5435
1603
1604
1605
5436
5438
1608
1609
5439
1615
7399
1616
1617
1618
5144
1621
1622
5437
1619
1620
5445
1623
1624
5447
1627
7449
1628
5151
1677
1679
1683
1684
5474
1680
1681
1682
5475
5477
1685
1686
5478
1692
7397
1693
1694
1695
5183
1698
1699
5476
1696
1697
5484
1700
1701
5486
1704
7447
1705
5190
1750
1752
1756
1757
5511
1753
1754
1755
5512
5514
1758
1759
5515
1765
7395
1766
1767
1768
5220
1771
1772
5513
1769
1770
5521
1773
1774
5523
1777
7441
1778
5227
1823
1825
7520
7522
7524
7526
7528
7530
7532
7534
1829
1830
5548
1826
1827
1828
5549
5551
1831
1832
5552
1838
7393
1839
1840
1841
5257
1844
1845
5550
1842
1843
5558
1846
1847
5560
1850
7439
1851
5264
1896
1898
1902
1903
5585
1899
1900
1901
5586
5588
1904
1905
5589
1911
7391
1912
1913
1914
5294
1917
1918
5587
1915
1916
5595
1919
1920
5597
1923
7445
1924
5301
1969
7519
1971
7536
7538
7540
7542
7544
7546
7548
1975
1976
5622
1972
1973
1974
5623
5625
1977
1978
5626
1984
7409
1985
1986
1987
5331
1990
1991
5624
1988
1989
5632
1992
1993
5634
1996
7455
1997
5338
2042
7515
2044
7550
7552
7554
7556
7558
2048
2049
5659
2045
2046
2047
5660
5662
2050
2051
5663
2057
7419
2058
2059
2060
5368
2063
2064
5661
2061
2062
5669
2065
2066
5671
2069
7513
2070
5375
2115
7517
2117
7560
7562
7564
7566
7568
2121
2122
5696
2118
2119
2120
5697
5699
2123
2124
5700
2130
7437
2131
2132
2133
5405
2136
2137
5698
2134
2135
5706
2138
2139
5708
2142
7511
2143
5412
1610
1611
1612
1613
1614
5441
5443
1625
1626
5442
1629
1630
5449
5450
1687
1688
1689
1690
1691
5480
5482
1702
1703
5481
1706
1707
5488
5489
1760
1761
1762
1763
1764
5517
5519
1775
7535
1776
5518
1779
7533
1780
5525
5526
1833
1834
1835
1836
1837
5554
5556
1848
1849
5555
1852
1853
5562
5563
1906
7570
7572
7574
7576
7578
7580
7582
7584
7586
7588
7549
1907
1908
1909
1910
5591
5593
1921
7547
1922
5592
1925
7545
1926
5599
5600
1979
7590
7592
7594
7559
1980
1981
1982
1983
5628
5630
1994
7557
1995
5629
1998
7555
1999
5636
5637
2052
7596
7598
7600
7569
2053
2054
2055
2056
5665
5667
2067
7567
2068
5666
2071
7565
2072
5673
5674
2125
2126
2127
2128
2129
5702
5704
2140
2141
5703
2144
2145
5710
5711
1632
1634
5440
1636
1638
7602
1644
1646
5453
1709
1710
5479
7604
1711
1713
7606
1717
1719
5492
1782
1783
5516
7608
1784
1786
7610
1790
1792
5529
1855
1856
5553
7612
1857
1859
7614
1863
1865
5566
1928
7595
1929
5590
7616
1930
1932
7618
1936
1938
5603
2001
7601
2002
5627
7620
2003
2005
7622
2009
2011
5640
2074
2075
5664
7624
2076
2078
7626
2082
2084
5677
2147
2148
5701
7628
2149
2151
7630
2155
2157
5714
2769
2770
2772
2774
2768
7632
6985
2775
6030
6031
2851
2853
2849
7001
2854
6070
6071
2924
2926
7634
2922
7017
2927
6107
6108
2997
2999
7636
2995
7033
3000
6144
6145
3070
3072
7638
3068
7049
3073
6181
6182
3143
3145
7640
3141
7065
3146
6218
6219
3216
3218
3289
3291
6029
7642
3214
7081
3219
6255
6256
7644
3287
7097
3292
6292
6293
2184
2185
2187
2189
7646
7505
7169
2190
5733
5734
2191
2193
5728
2264
2266
7491
7189
2267
5772
5773
2268
2270
5769
2337
2339
7493
7209
2340
5809
5810
2341
2343
5806
2410
2412
7495
7229
2413
5846
5847
2414
2416
5843
2483
2485
7497
7249
2486
5883
5884
2487
2489
5880
2556
2558
7499
7269
2559
5920
5921
2560
2562
5917
2629
2631
7501
7289
2632
5957
5958
2702
2704
5732
7648
7503
7309
2705
5994
5995
2633
2635
5954
7650
7652
7654
7656
7658
2706
2708
5991
7660
2192
2194
7662
2198
2199
5735
2195
2196
2197
5736
5738
2200
2201
5739
2207
7531
2208
2209
2210
5444
2213
2214
5737
2211
2212
5745
2215
2216
5747
2219
7589
2220
5451
2269
2271
2275
2276
5774
2272
2273
2274
5775
5777
2277
2278
5778
2284
7529
2285
2286
2287
5483
2290
2291
5776
2288
2289
5784
2292
2293
5786
2296
7587
2297
5490
2342
2344
7664
7666
7668
7670
7672
2348
2349
5811
2345
2346
2347
5812
5814
2350
2351
5815
2357
7527
2358
2359
2360
5520
2363
2364
5813
2361
2362
5821
2365
2366
5823
2369
7585
2370
5527
2415
2417
2421
2422
5848
2418
2419
2420
5849
5851
2423
2424
5852
2430
7543
2431
2432
2433
5557
2436
2437
5850
2434
2435
5858
2438
2439
5860
2442
7583
2443
5564
2488
2490
7674
7676
7678
7680
7682
7684
7686
2494
2495
5885
2491
2492
2493
5886
5888
2496
2497
5889
2503
7541
2504
2505
2506
5594
2509
2510
5887
2507
2508
5895
2511
2512
5897
2515
7593
2516
5601
2561
7663
2563
7688
7690
7692
7694
7696
2567
2568
5922
2564
2565
2566
5923
5925
2569
2570
5926
2576
7553
2577
2578
2579
5631
2582
2583
5924
2580
2581
5932
2584
2585
5934
2588
7599
2589
5638
2634
7659
2636
7698
7700
7702
7704
7706
2640
2641
5959
2637
2638
2639
5960
5962
2642
2643
5963
2649
7563
2650
2651
2652
5668
2655
2656
5961
2653
2654
5969
2657
2658
5971
2661
7657
2662
5675
2707
7661
2709
7708
7710
7712
7714
7716
2713
2714
5996
2710
2711
2712
5997
5999
2715
2716
6000
2722
7581
2723
2724
2725
5705
2728
2729
5998
2726
2727
6006
2730
2731
6008
2734
7655
2735
5712
2202
2203
2204
2205
2206
5741
5743
2217
2218
5742
2221
2222
5749
5750
2279
2280
2281
2282
2283
5780
5782
2294
2295
5781
2298
7673
2299
5788
5789
2352
2353
2354
2355
2356
5817
5819
2367
2368
5818
2371
2372
5825
5826
2425
7687
2426
2427
2428
2429
5854
5856
2440
7685
2441
5855
2444
7683
2445
5862
5863
2498
7718
7720
7722
7724
7726
7728
7730
7732
7734
7736
7738
7697
2499
2500
2501
2502
5891
5893
2513
7695
2514
5892
2517
7693
2518
5899
5900
2571
7740
7742
7744
7707
2572
2573
2574
2575
5928
5930
2586
7705
2587
5929
2590
7703
2591
5936
5937
2644
7746
7748
7750
7717
2645
2646
2647
2648
5965
5967
2659
7715
2660
5966
2663
7713
2664
5973
5974
2717
2718
2719
2720
2721
6002
6004
2732
2733
6003
2736
2737
6010
6011
2224
2226
5740
2228
2230
7752
2236
2238
5753
2301
2302
5779
7754
2303
2305
7756
2309
2311
5792
2374
2375
5816
7758
2376
2378
7760
2382
2384
5829
2447
7739
2448
5853
7762
2449
2451
7764
2455
2457
5866
2520
7745
2521
5890
7766
2522
2524
7768
2528
2530
5903
2593
7751
2594
5927
7770
2595
2597
7772
2601
2603
5940
2666
2667
5964
7774
2668
2670
7776
2674
2676
5977
2739
2740
6001
7778
2741
2743
7780
2747
2749
6014
3361
3362
3364
3366
3360
7782
6987
3367
6330
6331
3443
3445
3441
7003
3446
6370
6371
3516
3518
7784
3514
7019
3519
6407
6408
3589
3591
7786
3587
7035
3592
6444
6445
3662
3664
7788
3660
7051
3665
6481
6482
3735
3737
7790
3733
7067
3738
6518
6519
3808
3810
3881
3883
6329
7792
3806
7083
3811
6555
6556
7794
3879
7099
3884
6592
6593
2776
2777
2779
2781
7796
7649
7171
2782
6033
6034
2783
2785
6028
2856
2858
7635
7191
2859
6072
6073
2860
2862
6069
2929
2931
7637
7211
2932
6109
6110
2933
2935
6106
3002
3004
7639
7231
3005
6146
6147
3006
3008
6143
3075
3077
7641
7251
3078
6183
6184
3079
3081
6180
3148
3150
7643
7271
3151
6220
6221
3152
3154
6217
3221
3223
7645
7291
3224
6257
6258
3294
3296
6032
7798
7647
7311
3297
6294
6295
3225
3227
6254
7800
7802
7804
7806
7808
3298
3300
6291
7810
2784
2786
7812
2790
2791
6035
2787
2788
2789
6036
6038
2792
2793
6039
2799
7671
2800
2801
2802
5744
2805
2806
6037
2803
2804
6045
2807
2808
6047
2811
7737
2812
5751
2861
2863
2867
2868
6074
2864
2865
2866
6075
6077
2869
2870
6078
2876
7669
2877
2878
2879
5783
2882
2883
6076
2880
2881
6084
2884
2885
6086
2888
7735
2889
5790
2934
2936
2940
2941
6111
2937
2938
2939
6112
6114
2942
2943
6115
2949
7681
2950
2951
2952
5820
2955
2956
6113
2953
2954
6121
2957
2958
6123
2961
7733
2962
5827
3007
3009
3013
3014
6148
3010
3011
3012
6149
6151
3015
3016
6152
3022
7679
3023
3024
3025
5857
3028
3029
6150
3026
3027
6158
3030
3031
6160
3034
7731
3035
5864
3080
3082
3086
3087
6185
3083
3084
3085
6186
6188
3088
3089
6189
3095
7691
3096
3097
3098
5894
3101
3102
6187
3099
3100
6195
3103
3104
6197
3107
7743
3108
5901
3153
7813
3155
7814
7816
7818
7820
7822
7824
7826
7828
7830
7832
7834
7836
7838
3159
3160
6222
3156
3157
3158
6223
6225
3161
3162
6226
3168
7701
3169
3170
3171
5931
3174
3175
6224
3172
3173
6232
3176
3177
6234
3180
7749
3181
5938
3226
7809
3228
7840
7842
7844
7846
7848
3232
3233
6259
3229
3230
3231
6260
6262
3234
3235
6263
3241
7711
3242
3243
3244
5968
3247
3248
6261
3245
3246
6269
3249
3250
6271
3253
7807
3254
5975
3299
7811
3301
7850
7852
7854
7856
7858
3305
3306
6296
3302
3303
3304
6297
6299
3307
3308
6300
3314
7729
3315
3316
3317
6005
3320
3321
6298
3318
3319
6306
3322
3323
6308
3326
7805
3327
6012
2794
2795
2796
2797
2798
6041
6043
2809
2810
6042
2813
2814
6049
6050
2871
2872
2873
2874
2875
6080
6082
2886
2887
6081
2890
2891
6088
6089
2944
2945
2946
2947
2948
6117
6119
2959
2960
6118
2963
2964
6125
6126
3017
3018
3019
3020
3021
6154
6156
3032
3033
6155
3036
3037
6162
6163
3090
7839
3091
3092
3093
3094
6191
6193
3105
7837
3106
6192
3109
7835
3110
6199
6200
3163
7860
7862
7864
7866
7868
7870
7872
7874
7876
7878
7880
7882
7884
7849
3164
3165
3166
3167
6228
6230
3178
7847
3179
6229
3182
7845
3183
6236
6237
3236
7886
7888
7890
7859
3237
3238
3239
3240
6265
6267
3251
7857
3252
6266
3255
7855
3256
6273
6274
3309
3310
3311
3312
3313
6302
6304
3324
3325
6303
3328
3329
6310
6311
2816
2818
6040
2820
2822
7892
2828
2830
6053
2893
2894
6079
7894
2895
2897
7896
2901
2903
6092
2966
2967
6116
7898
2968
2970
7900
2974
2976
6129
3039
3040
6153
7902
3041
3043
7904
3047
3049
6166
3112
7885
3113
6190
7906
3114
3116
7908
3120
3122
6203
3185
7891
3186
6227
7910
3187
3189
7912
3193
3195
6240
3258
3259
6264
7914
3260
3262
7916
3266
3268
6277
3331
3332
6301
7918
3333
3335
7920
3339
3341
6314
3953
3954
3956
3958
3952
7922
6989
3959
6630
6631
4045
4047
4043
7005
4048
6673
6674
4128
4130
7924
4126
7021
4131
6713
6714
4211
4213
7926
4209
7037
4214
6753
6754
4294
4296
7928
4292
7053
4297
6793
6794
4377
4379
7930
4375
7069
4380
6833
6834
4460
4462
4543
4545
6629
7932
4458
7085
4463
6873
6874
7934
4541
7165
4546
6913
6914
3368
3369
3371
3373
7936
7799
7173
3374
6333
6334
3375
3377
6328
3448
3450
7785
7193
3451
6372
6373
3452
3454
6369
3521
3523
7787
7213
3524
6409
6410
3525
3527
6406
3594
3596
7789
7233
3597
6446
6447
3598
3600
6443
3667
3669
7791
7253
3670
6483
6484
3671
3673
6480
3740
3742
7793
7273
3743
6520
6521
3744
3746
6517
3813
3815
7795
7293
3816
6557
6558
3886
3888
6332
7938
7797
7313
3889
6594
6595
3817
3819
6554
7940
7942
7944
7946
7948
3890
3892
6591
7950
3376
3378
7952
3382
3383
6335
3379
3380
3381
6336
6338
3384
3385
6339
3391
7833
3392
3393
3394
6044
3397
3398
6337
3395
3396
6345
3399
3400
6347
3403
7883
3404
6051
3453
3455
7954
7956
7958
7960
3459
3460
6374
3456
3457
3458
6375
6377
3461
3462
6378
3468
7831
3469
3470
3471
6083
3474
3475
6376
3472
3473
6384
3476
3477
6386
3480
7881
3481
6090
3526
3528
7962
7964
7966
7968
7970
3532
3533
6411
3529
3530
3531
6412
6414
3534
3535
6415
3541
7829
3542
3543
3544
6120
3547
3548
6413
3545
3546
6421
3549
3550
6423
3553
7879
3554
6127
3599
3601
3605
3606
6448
3602
3603
3604
6449
6451
3607
3608
6452
3614
7827
3615
3616
3617
6157
3620
3621
6450
3618
3619
6458
3622
3623
6460
3626
7877
3627
6164
3672
3674
3678
3679
6485
3675
3676
3677
6486
6488
3680
3681
6489
3687
7825
3688
3689
3690
6194
3693
3694
6487
3691
3692
6495
3695
3696
6497
3699
7875
3700
6201
3745
7953
3747
3751
3752
6522
3748
3749
3750
6523
6525
3753
3754
6526
3760
7843
3761
3762
3763
6231
3766
3767
6524
3764
3765
6532
3768
3769
6534
3772
7889
3773
6238
3818
7949
3820
7972
7974
7976
7978
7980
7982
7984
7986
7988
7990
7992
3824
3825
6559
3821
3822
3823
6560
6562
3826
3827
6563
3833
7853
3834
3835
3836
6268
3839
3840
6561
3837
3838
6569
3841
3842
6571
3845
7947
3846
6275
3891
7951
3893
7994
7996
7998
8000
8002
3897
3898
6596
3894
3895
3896
6597
6599
3899
3900
6600
3906
7873
3907
3908
3909
6305
3912
3913
6598
3910
3911
6606
3914
3915
6608
3918
7945
3919
6312
3386
3387
3388
3389
3390
6341
6343
3401
7961
3402
6342
3405
7959
3406
6349
6350
3463
7971
3464
3465
3466
3467
6380
6382
3478
7969
3479
6381
3482
7967
3483
6388
6389
3536
3537
3538
3539
3540
6417
6419
3551
3552
6418
3555
3556
6425
6426
3609
3610
3611
3612
3613
6454
6456
3624
3625
6455
3628
3629
6462
6463
3682
3683
3684
3685
3686
6491
6493
3697
3698
6492
3701
3702
6499
6500
3755
8004
8006
8008
8010
8012
8014
8016
8018
8020
8022
8024
8026
8028
7993
3756
3757
3758
3759
6528
6530
3770
7991
3771
6529
3774
7989
3775
6536
6537
3828
8030
8032
8034
8003
3829
3830
3831
3832
6565
6567
3843
8001
3844
6566
3847
7999
3848
6573
6574
3901
3902
3903
3904
3905
6602
6604
3916
3917
6603
3920
3921
6610
6611
3408
3410
6340
3412
3414
8036
3420
3422
6353
3485
3486
6379
8038
3487
3489
8040
3493
3495
6392
3558
3559
6416
8042
3560
3562
8044
3566
3568
6429
3631
3632
6453
8046
3633
3635
8048
3639
3641
6466
3704
8029
3705
6490
8050
3706
3708
8052
3712
3714
6503
3777
8035
3778
6527
8054
3779
3781
8056
3785
3787
6540
3850
3851
6564
8058
3852
3854
8060
3858
3860
6577
3923
3924
6601
8062
3925
3927
8064
3931
3933
6614
3960
3961
3963
3965
7939
8066
7175
3966
6633
6634
3967
3969
6628
4050
4052
7925
7195
4053
6675
6676
4054
4056
6672
4133
4135
7927
7215
4136
6715
6716
4137
4139
6712
4216
4218
7929
7235
4219
6755
6756
4220
4222
6752
4299
4301
7931
7255
4302
6795
6796
4303
4305
6792
4382
4384
7933
7275
4385
6835
6836
4386
4388
6832
4465
4467
7935
7295
4468
6875
6876
4548
4550
6632
7937
7315
4551
6915
6916
4469
4471
6872
8068
8070
8072
8074
8076
4552
4554
6912
8078
3968
3970
8080
3974
3975
6635
3971
3972
3973
6636
6638
3976
3977
6639
3983
7957
3984
4042
3985
3986
6344
3989
3990
6637
6644
3987
3988
6645
3991
3992
6647
3995
8027
3996
6351
4055
4057
4061
4062
6677
4058
4059
4060
6678
6680
4063
4064
6681
4070
7965
4071
4125
4072
4073
6383
4076
4077
6679
6686
4074
4075
6687
4078
4079
6689
4082
8025
4083
6390
4138
4140
4144
4145
6717
4141
4142
4143
6718
6720
4146
4147
6721
4153
7987
4154
4208
4155
4156
6420
4159
4160
6719
6726
4157
4158
6727
4161
4162
6729
4165
8023
4166
6427
4221
4223
4227
4228
6757
4224
4225
4226
6758
6760
4229
4230
6761
4236
7985
4237
4291
4238
4239
6457
4242
4243
6759
6766
4240
4241
6767
4244
4245
6769
4248
8021
4249
6464
4304
4306
8082
8084
8086
8088
8090
8092
4310
4311
6797
4307
4308
4309
6798
6800
4312
4313
6801
4319
7983
4320
4374
4321
4322
6494
4325
4326
6799
6806
4323
4324
6807
4327
4328
6809
4331
8019
4332
6501
4387
8094
8096
8098
8081
4389
8100
4393
4394
6837
4390
4391
4392
6838
6840
4395
4396
6841
4402
7981
4403
4457
4404
4405
6531
4408
4409
6839
6846
4406
4407
6847
4410
4411
6849
4414
8033
4415
6538
4470
8077
4472
8102
8104
8106
8108
4476
4477
6877
4473
4474
4475
6878
6880
4478
4479
6881
4485
7997
4486
4540
4487
4488
6568
4491
4492
6879
6886
4489
4490
6887
4493
4494
6889
4497
8075
4498
6575
4553
8079
4555
8110
8112
8114
8116
4559
4560
6917
4556
4557
4558
6918
6920
4561
4562
6921
4568
8017
4569
4623
4570
4571
6605
4574
4575
6919
6926
4572
4573
6927
4576
4577
6929
4580
8073
4581
6612
3978
3979
3980
3981
3982
6641
6643
3993
3994
6642
3997
3998
6649
6650
4041
4033
4034
6651
4065
4066
4067
4068
4069
6683
6685
4080
4081
6684
4084
4085
6691
6692
4124
4116
4117
6693
4148
4149
4150
4151
4152
6723
6725
4163
4164
6724
4167
4168
6731
6732
4207
4199
4200
6733
4231
4232
4233
4234
4235
6763
6765
4246
8093
4247
6764
4250
8091
4251
6771
6772
4290
4282
4283
6773
4314
8118
8120
8122
8124
8126
8101
4315
4316
4317
4318
6803
6805
4329
8099
4330
6804
4333
8097
4334
6811
6812
4373
4365
4366
6813
4397
8128
8130
8132
8134
8136
8138
8140
8109
4398
4399
4400
4401
6843
6845
4412
8107
4413
6844
4416
8105
4417
6851
6852
4456
4448
4449
6853
4480
8142
8144
8146
8117
4481
4482
4483
4484
6883
6885
4495
8115
4496
6884
4499
8113
4500
6891
6892
4539
4531
4532
6893
4563
4564
4565
4566
4567
6923
6925
4578
4579
6924
4582
4583
6931
6932
4622
4614
4615
6933
4000
4002
6640
4004
4006
8148
4012
4014
6653
4087
4088
6682
8150
4089
4091
8152
4095
4097
6695
4170
4171
6722
8154
4172
4174
8156
4178
4180
6735
4253
4254
6762
8158
4255
4257
8160
4261
4263
6775
4336
8141
4337
6802
8162
4338
4340
8164
4344
4346
6815
4419
8147
4420
6842
8166
4421
4423
8168
4427
4429
6855
4502
4503
6882
8170
4504
4506
8172
4510
4512
6895
4585
4586
6922
8174
4587
4589
8176
4593
4595
6935
37
39
41
43
35
8178
7177
44
4645
4646
53
54
4642
473
7355
474
4651
92
94
88
7197
95
4671
4672
102
103
4669
546
7353
547
4676
141
143
137
7217
144
4696
4697
151
152
4694
619
7351
620
4701
190
192
186
7237
193
4721
4722
200
201
4719
692
7349
693
4726
239
241
235
7257
242
4746
4747
249
250
4744
765
7347
766
4751
288
290
284
7277
291
4771
4772
298
299
4769
838
7345
839
4776
337
339
386
388
4644
333
7297
340
4796
4797
347
348
4794
8180
8182
8184
8186
8188
911
7343
912
4801
382
7317
389
4821
4822
396
397
4819
8190
984
7341
985
4826
46
47
49
51
45
7179
52
4649
4650
55
56
4647
8192
475
476
4652
4846
98
100
96
7199
101
4674
4675
104
105
4673
8194
548
549
4677
4885
147
149
145
7219
150
4699
4700
153
154
4698
8196
621
622
4702
4922
196
198
194
7239
199
4724
4725
202
203
4723
8198
694
695
4727
4959
245
247
243
7259
248
4749
4750
251
252
4748
8200
767
768
4752
4996
294
296
292
7279
297
4774
4775
300
301
4773
8202
840
841
4777
5033
343
345
392
394
4648
341
7299
346
4799
4800
349
350
4798
8204
913
914
4802
5070
390
7319
395
4824
4825
398
399
4823
8206
986
987
4827
5107
449
451
453
455
447
7181
456
4855
4856
465
467
4852
8208
466
7339
468
4861
477
478
4862
4865
1065
7389
1066
4867
528
530
524
7201
531
4893
4894
538
540
4891
539
7337
541
4898
550
551
4899
4902
1138
7387
1139
4904
601
603
597
7221
604
4930
4931
611
613
4928
612
7335
614
4935
623
624
4936
4939
1211
7385
1212
4941
674
676
670
7241
677
4967
4968
684
686
4965
685
7333
687
4972
696
697
4973
4976
1284
7383
1285
4978
747
749
743
7261
750
5004
5005
757
759
5002
8210
758
7331
760
5009
769
770
5010
5013
1357
7381
1358
5015
820
822
816
7281
823
5041
5042
830
832
5039
831
7329
833
5046
842
8212
8189
843
5047
5050
1430
7407
1431
5052
893
895
966
968
4854
889
7301
896
5078
5079
903
905
5076
8214
904
7327
906
5083
915
8216
8191
916
5084
5087
1503
7417
1504
5089
962
7321
969
5115
5116
976
978
5113
977
7325
979
5120
988
8218
8193
989
5121
5124
1576
7435
1577
5126
458
459
461
463
457
7183
464
4859
4860
469
471
4857
470
472
4848
4863
479
8220
8195
480
4864
4866
1067
1068
4868
5146
534
536
532
7203
537
4896
4897
542
544
4895
543
545
4887
4900
552
8222
8197
553
4901
4903
1140
1141
4905
5185
607
609
605
7223
610
4933
4934
615
617
4932
616
618
4924
4937
625
8224
8199
626
4938
4940
1213
1214
4942
5222
680
682
678
7243
683
4970
4971
688
690
4969
689
691
4961
4974
698
8226
8201
699
4975
4977
1286
1287
4979
5259
753
755
751
7263
756
5007
5008
761
763
5006
762
764
4998
5011
771
8203
772
5012
5014
1359
1360
5016
5296
826
828
824
7283
829
5044
5045
834
836
5043
835
837
5035
5048
844
8228
8205
845
5049
5051
1432
1433
5053
5333
899
901
972
974
4858
897
7303
902
5081
5082
907
909
5080
908
910
5072
5085
917
8230
8207
918
5086
5088
1505
1506
5090
5370
970
975
5118
5119
980
982
5117
981
983
5109
5122
990
8232
8209
991
5123
5125
1578
1579
5127
5407
1041
1043
1045
1047
1039
7459
1048
5155
5156
1057
1059
5152
1058
7433
1060
5161
1069
1070
5162
5165
1657
7525
1658
5167
1120
1122
1116
7463
1123
5193
5194
1130
1132
5191
1131
7431
1133
5198
1142
1143
5199
5202
1730
7523
1731
5204
1193
1195
1189
7467
1196
5230
5231
1203
1205
5228
1204
7429
1206
5235
1215
8234
8217
1216
5236
5239
1803
7521
1804
5241
1266
1268
1262
7471
1269
5267
5268
1276
1278
5265
8236
1277
7427
1279
5272
1288
8238
8211
1289
5273
5276
1876
7539
1877
5278
1339
1341
1335
7475
1342
5304
5305
1349
1351
5302
1350
7443
1352
5309
1361
8240
8213
1362
5310
5313
1949
7537
1950
5315
1412
1414
1408
7479
1415
5341
5342
1422
1424
5339
1423
7453
1425
5346
1434
8242
8215
1435
5347
5350
2022
7551
2023
5352
1485
1487
1558
1560
5154
1481
7483
1488
5378
5379
1495
1497
5376
1496
7509
1498
5383
1507
8244
8219
1508
5384
5387
2095
7561
2096
5389
1554
7487
1561
5415
5416
1568
1570
5413
1569
7507
1571
5420
1580
8246
8221
1581
5421
5424
2168
7579
2169
5426
1050
1051
1053
1055
1049
7461
1056
5159
5160
1061
1063
5157
1062
1064
5148
5163
1071
8248
8223
1072
5164
5166
1659
1660
5168
5446
1126
1128
1124
7465
1129
5196
5197
1134
1136
5195
1135
1137
5187
5200
1144
8250
8225
1145
5201
5203
1732
1733
5205
5485
1199
1201
1197
7469
1202
5233
5234
1207
1209
5232
1208
1210
5224
5237
1217
8252
8227
1218
5238
5240
1805
1806
5242
5522
1272
1274
1270
7473
1275
5270
5271
1280
1282
5269
1281
1283
5261
5274
1290
1291
5275
5277
1878
1879
5279
5559
1345
1347
1343
7477
1348
5307
5308
1353
1355
5306
1354
1356
5298
5311
1363
8254
8229
1364
5312
5314
1951
1952
5316
5596
1418
1420
1416
7481
1421
5344
5345
1426
1428
5343
1427
1429
5335
5348
1436
8256
8231
1437
5349
5351
2024
2025
5353
5633
1491
1493
1564
1566
5158
1489
7485
1494
5381
5382
1499
1501
5380
1500
1502
5372
5385
1509
8233
1510
5386
5388
2097
2098
5390
5670
1562
7489
1567
5418
5419
1572
1574
5417
1573
1575
5409
5422
1582
1583
5423
5425
2170
2171
5427
5707
1633
1635
1637
1639
1631
7603
1640
5455
5456
1649
1651
5452
1650
7577
1652
5461
1661
8239
1662
5462
5465
2249
7667
2250
5467
1712
1714
1708
7607
1715
5493
5494
1722
1724
5491
1723
7575
1725
5498
1734
8258
8235
1735
5499
5502
2322
7665
2323
5504
1785
1787
1781
7611
1788
5530
5531
1795
1797
5528
1796
7573
1798
5535
1807
8260
8237
1808
5536
5539
2395
7677
2396
5541
1858
1860
1854
7615
1861
5567
5568
1868
1870
5565
8262
1869
7571
1871
5572
1880
8264
8241
1881
5573
5576
2468
7675
2469
5578
1931
1933
1927
7619
1934
5604
5605
1941
1943
5602
1942
7591
1944
5609
1953
8266
8243
1954
5610
5613
2541
7689
2542
5615
2004
2006
2000
7623
2007
5641
5642
2014
2016
5639
8268
2015
7597
2017
5646
2026
8270
8245
2027
5647
5650
2614
7699
2615
5652
2077
2079
2150
2152
5454
2073
7627
2080
5678
5679
2087
2089
5676
2088
7653
2090
5683
2099
8272
8247
2100
5684
5687
2687
7709
2688
5689
2146
7631
2153
5715
5716
2160
2162
5713
2161
7651
2163
5720
2172
8274
8249
2173
5721
5724
2760
7727
2761
5726
1642
1643
1645
1647
1641
7605
1648
5459
5460
1653
1655
5457
1654
1656
5448
5463
1663
8276
8251
1664
5464
5466
2251
2252
5468
5746
1718
1720
1716
7609
1721
5496
5497
1726
1728
5495
1727
1729
5487
5500
1736
8278
8253
1737
5501
5503
2324
2325
5505
5785
1791
1793
1789
7613
1794
5533
5534
1799
1801
5532
1800
1802
5524
5537
1809
1810
5538
5540
2397
2398
5542
5822
1864
1866
1862
7617
1867
5570
5571
1872
1874
5569
1873
1875
5561
5574
1882
8255
1883
5575
5577
2470
2471
5579
5859
1937
1939
1935
7621
1940
5607
5608
1945
1947
5606
1946
1948
5598
5611
1955
8257
1956
5612
5614
2543
2544
5616
5896
2010
2012
2008
7625
2013
5644
5645
2018
2020
5643
2019
2021
5635
5648
2028
2029
5649
5651
2616
2617
5653
5933
2083
2085
2156
2158
5458
2081
7629
2086
5681
5682
2091
2093
5680
2092
2094
5672
5685
2101
8280
8271
2102
5686
5688
2689
2690
5690
5970
2154
7633
2159
5718
5719
2164
2166
5717
2165
2167
5709
5722
2174
8282
8265
2175
5723
5725
2762
2763
5727
6007
2225
2227
2229
2231
2223
7753
2232
5755
5756
2241
2243
5752
2242
7725
2244
5761
2253
8284
8259
2254
5762
5765
2841
7823
2842
5767
2304
2306
2300
7757
2307
5793
5794
2314
2316
5791
2315
7723
2317
5798
2326
8286
8261
2327
5799
5802
2914
7821
2915
5804
2377
2379
2373
7761
2380
5830
5831
2387
2389
5828
8288
2388
7721
2390
5835
2399
8290
8263
2400
5836
5839
2987
7819
2988
5841
2450
2452
2446
7765
2453
5867
5868
2460
2462
5865
2461
7719
2463
5872
2472
8292
8267
2473
5873
5876
3060
7817
3061
5878
2523
2525
2519
7769
2526
5904
5905
2533
2535
5902
2534
7741
2536
5909
2545
8294
8269
2546
5910
5913
3133
7815
3134
5915
2596
2598
2592
7773
2599
5941
5942
2606
2608
5939
2607
7747
2609
5946
2618
8296
8273
2619
5947
5950
3206
7841
3207
5952
2669
2671
2742
2744
5754
2665
7777
2672
5978
5979
2679
2681
5976
2680
7803
2682
5983
2691
8298
8275
2692
5984
5987
3279
7851
3280
5989
2738
7781
2745
6015
6016
2752
2754
6013
8300
2753
7801
2755
6020
2764
8302
8304
8277
2765
6021
6024
3352
7871
3353
6026
2234
2235
2237
2239
2233
7755
2240
5759
5760
2245
2247
5757
8306
2246
2248
5748
5763
2255
8308
8279
2256
5764
5766
2843
2844
5768
6046
2310
2312
2308
7759
2313
5796
5797
2318
2320
5795
2319
2321
5787
5800
2328
2329
5801
5803
2916
2917
5805
6085
2383
2385
2381
7763
2386
5833
5834
2391
2393
5832
2392
2394
5824
5837
2401
2402
5838
5840
2989
2990
5842
6122
2456
2458
2454
7767
2459
5870
5871
2464
2466
5869
2465
2467
5861
5874
2474
2475
5875
5877
3062
3063
5879
6159
2529
2531
2527
7771
2532
5907
5908
2537
2539
5906
2538
2540
5898
5911
2547
8310
8291
2548
5912
5914
3135
3136
5916
6196
2602
2604
2600
7775
2605
5944
5945
2610
2612
5943
2611
2613
5935
5948
2620
8281
2621
5949
5951
3208
3209
5953
6233
2675
2677
2748
2750
5758
2673
7779
2678
5981
5982
2683
2685
5980
2684
2686
5972
5985
2693
8312
8283
2694
5986
5988
3281
8305
3282
5990
6270
2746
7783
2751
6018
6019
2756
2758
6017
2757
8303
2759
6009
6022
2766
8314
8285
2767
6023
6025
3354
8309
3355
6027
6307
2817
2819
2821
2823
2815
7893
2824
6055
6056
2833
2835
6052
2834
7869
2836
6061
2845
8316
8287
2846
6062
6065
3433
7955
3434
6067
2896
2898
2892
7897
2899
6093
6094
2906
2908
6091
2907
7867
2909
6098
2918
8318
8289
2919
6099
6102
3506
7963
3507
6104
2969
2971
2965
7901
2972
6130
6131
2979
2981
6128
8320
2980
7865
2982
6135
2991
8322
8293
2992
6136
6139
3579
7979
3580
6141
3042
3044
3038
7905
3045
6167
6168
3052
3054
6165
3053
7863
3055
6172
3064
8324
8295
3065
6173
6176
3652
7977
3653
6178
3115
3117
3111
7909
3118
6204
6205
3125
3127
6202
3126
7861
3128
6209
3137
8326
8297
3138
6210
6213
3725
7975
3726
6215
3188
3190
3184
7913
3191
6241
6242
3198
3200
6239
8328
3199
7887
3201
6246
3210
8330
8332
8299
3211
6247
6250
3798
7973
3799
6252
3261
3263
3334
3336
6054
3257
7917
3264
6278
6279
3271
3273
6276
8334
3272
7943
3274
6283
3283
8336
8338
8301
3284
6284
6287
3871
7995
3872
6289
3330
7921
3337
6315
6316
3344
3346
6313
8340
3345
7941
3347
6320
3356
8342
8344
8307
3357
6321
6324
3944
8015
3945
6326
2826
2827
2829
2831
2825
7895
2832
6059
6060
2837
2839
6057
8346
2838
2840
6048
6063
2847
2848
6064
6066
3435
3436
6068
6346
2902
2904
2900
7899
2905
6096
6097
2910
2912
6095
2911
2913
6087
6100
2920
2921
6101
6103
3508
3509
6105
6385
2975
2977
2973
7903
2978
6133
6134
2983
2985
6132
2984
2986
6124
6137
2993
2994
6138
6140
3581
3582
6142
6422
3048
3050
3046
7907
3051
6170
6171
3056
3058
6169
3057
3059
6161
6174
3066
8311
3067
6175
6177
3654
3655
6179
6459
3121
3123
3119
7911
3124
6207
6208
3129
3131
6206
3130
3132
6198
6211
3139
8323
3140
6212
6214
3727
8333
3728
6216
6496
3194
3196
3192
7915
3197
6244
6245
3202
3204
6243
3203
8331
3205
6235
6248
3212
8348
8313
3213
6249
6251
3800
8339
3801
6253
6533
3267
3269
3340
3342
6058
3265
7919
3270
6281
6282
3275
3277
6280
3276
8337
3278
6272
6285
3285
8350
8315
3286
6286
6288
3873
8345
3874
6290
6570
3338
7923
3343
6318
6319
3348
3350
6317
3349
8343
3351
6309
6322
3358
8352
8317
3359
6323
6325
3946
3947
6327
6607
3409
3411
3413
3415
3407
8037
3416
6355
6356
3425
3427
6352
3426
8013
3428
6361
3437
8354
8319
3438
6362
6365
4025
8089
4026
6367
3488
3490
3484
8041
3491
6393
6394
3498
3500
6391
8356
3499
8011
3501
6398
3510
8358
8321
3511
6399
6402
4108
8087
4109
6404
3561
3563
3557
8045
3564
6430
6431
3571
3573
6428
3572
8009
3574
6435
3583
8360
8325
3584
6436
6439
4191
8085
4192
6441
3634
3636
3630
8049
3637
6467
6468
3644
3646
6465
8362
3645
8007
3647
6472
3656
8364
8366
8327
3657
6473
6476
4274
8083
4275
6478
3707
3709
3703
8053
3710
6504
6505
3717
3719
6502
8368
3718
8005
3720
6509
3729
8370
8372
8329
3730
6510
6513
4357
8095
4358
6515
3780
3782
3776
8057
3783
6541
6542
3790
3792
6539
8374
3791
8031
3793
6546
3802
8376
8378
8335
3803
6547
6550
4440
8103
4441
6552
3853
3855
3926
3928
6354
3849
8061
3856
6578
6579
3863
3865
6576
8380
3864
8071
3866
6583
3875
8382
8384
8341
3876
6584
6587
4523
8111
4524
6589
3922
8065
3929
6615
6616
3936
3938
6613
8386
3937
8069
3939
6620
3948
8388
8390
8347
3949
6621
6624
4606
8139
4607
6626
3418
3419
3421
3423
3417
8039
3424
6359
6360
3429
3431
6357
8392
3430
3432
6348
6363
3439
3440
6364
6366
4027
4028
6368
6646
3494
3496
3492
8043
3497
6396
6397
3502
3504
6395
3503
3505
6387
6400
3512
3513
6401
6403
4110
4111
6405
6688
3567
3569
3565
8047
3570
6433
6434
3575
3577
6432
3576
3578
6424
6437
3585
3586
6438
6440
4193
8367
4194
6442
6728
3640
3642
3638
8051
3643
6470
6471
3648
3650
6469
3649
8365
3651
6461
6474
3658
8359
3659
6475
6477
4276
8373
4277
6479
6768
3713
3715
3711
8055
3716
6507
6508
3721
3723
6506
3722
8371
3724
6498
6511
3731
8349
3732
6512
6514
4359
8379
4360
6516
6808
3786
3788
3784
8059
3789
6544
6545
3794
3796
6543
3795
8377
3797
6535
6548
3804
8394
8351
3805
6549
6551
4442
8385
4443
6553
6848
3859
3861
3932
3934
6358
3857
8063
3862
6581
6582
3867
3869
6580
3868
8383
3870
6572
6585
3877
8396
8353
3878
6586
6588
4525
8391
4526
6590
6888
3930
8067
3935
6618
6619
3940
3942
6617
3941
8389
3943
6609
6622
3950
8398
8355
3951
6623
6625
4608
4609
6627
6928
4001
4003
4005
4007
3999
8149
4008
6655
6656
4017
4019
6652
4018
8137
4020
6661
4029
8400
8357
4030
6662
6665
4035
8135
4036
6667
4039
6670
4090
4092
4086
8153
4093
6696
6697
4100
4102
6694
4101
8133
4103
6701
4112
8402
8361
4113
6702
6705
4118
8127
4119
6707
4122
6710
4173
4175
4169
8157
4176
6736
6737
4183
4185
6734
4184
8125
4186
6741
4195
8404
8363
4196
6742
6745
4201
8123
4202
6747
4205
6750
4256
4258
4252
8161
4259
6776
6777
4266
4268
6774
4267
8121
4269
6781
4278
8369
4279
6782
6785
4284
8119
4285
6787
4288
6790
4339
4341
4335
8165
4342
6816
6817
4349
4351
6814
4350
8131
4352
6821
4361
8375
4362
6822
6825
4367
8129
4368
6827
4371
6830
4422
4424
4418
8169
4425
6856
6857
4432
4434
6854
4433
8145
4435
6861
4444
8381
4445
6862
6865
4450
8143
4451
6867
4454
6870
4505
4507
4588
4590
6654
4501
8173
4508
6896
6897
4515
4517
6894
4516
8187
4518
6901
4527
8387
4528
6902
6905
4533
8185
4534
6907
4537
6910
4584
8177
4591
6936
6937
4598
4600
6934
4599
8183
4601
6941
4610
8393
4611
6942
6945
4616
8181
4617
6947
4620
6950
4010
4011
4013
4015
4009
8151
4016
6659
6660
4021
4023
6657
4022
4024
6648
6663
4031
4032
6664
6666
4037
4038
6668
6669
4040
6671
4096
4098
4094
8155
4099
6699
6700
4104
4106
6698
4105
4107
6690
6703
4114
4115
6704
6706
4120
4121
6708
6709
4123
6711
4179
4181
4177
8159
4182
6739
6740
4187
4189
6738
4188
4190
6730
6743
4197
8405
4198
6744
6746
4203
4204
6748
6749
4206
6751
4262
4264
4260
8163
4265
6779
6780
4270
4272
6778
4271
4273
6770
6783
4280
8403
4281
6784
6786
4286
4287
6788
6789
4289
6791
4345
4347
4343
8167
4348
6819
6820
4353
4355
6818
4354
4356
6810
6823
4363
8395
4364
6824
6826
4369
4370
6828
6829
4372
6831
4428
4430
4426
8171
4431
6859
6860
4436
4438
6858
4437
4439
6850
6863
4446
8397
4447
6864
6866
4452
4453
6868
6869
4455
6871
4511
4513
4594
4596
6658
4509
8175
4514
6899
6900
4519
4521
6898
4520
4522
6890
6903
4529
8399
4530
6904
6906
4535
4536
6908
6909
4538
6911
4592
8179
4597
6939
6940
4602
4604
6938
4603
4605
6930
6943
4612
8401
4613
6944
6946
4618
4619
6948
6949
4621
6951
