2
3
80
81
84
85
1790
82
83
87
88
1791
4
5
8
9
1752
0
10
1754
6
7
11
12
1753
1
13
1751
1755
18
19
26
27
1760
15
28
1764
20
21
29
30
1761
14
31
1757
1765
22
23
32
33
1762
17
34
1749
1766
24
25
35
36
1763
16
37
1750
1759
1767
42
43
50
51
1772
39
52
1776
44
45
53
54
1773
38
55
1769
1777
46
47
56
57
1774
41
58
1756
1778
48
49
59
60
1775
40
61
1758
1771
1779
329
330
345
346
1916
331
332
348
349
1917
333
334
351
352
1918
335
336
354
355
1919
337
338
357
358
1920
339
340
360
361
1921
341
342
363
364
1922
343
344
366
367
1923
377
378
393
394
1940
379
380
396
397
1941
381
382
399
400
1942
383
384
402
403
1943
385
386
405
406
1944
387
388
408
409
1945
389
390
411
412
1946
391
392
414
415
1947
425
426
441
442
1964
427
428
444
445
1965
429
430
447
448
1966
431
432
450
451
1967
433
434
453
454
1968
435
436
456
457
1969
437
438
459
460
1970
439
440
462
463
1971
288
289
300
301
1896
292
293
306
307
1898
296
297
312
313
1900
290
291
2580
2582
303
304
1897
294
295
2584
2586
309
310
1899
298
299
2588
2590
315
316
1901
778
779
2592
2594
2596
2598
780
781
2125
802
803
2600
2602
2604
2606
804
805
2137
826
827
2608
2610
2612
2614
828
829
2149
850
851
2616
2618
2620
2622
852
853
2161
784
785
2624
2626
2628
2630
786
787
2128
808
809
2632
2634
2636
810
811
2140
832
833
2638
834
835
2152
856
857
2640
2642
858
859
2164
790
791
2644
792
793
2131
814
815
2646
816
817
2143
838
839
2648
840
841
2155
862
863
2650
864
865
2167
796
797
2652
798
799
2134
820
821
2654
822
823
2146
844
845
2656
846
847
2158
868
869
2658
870
871
2170
1062
1063
2660
1064
1065
2261
1086
1087
2662
1088
1089
2273
1068
1069
2664
1070
1071
2264
1092
1093
2666
1094
1095
2276
1074
1075
2668
1076
1077
2267
1110
1111
2670
1112
1113
2285
1116
1117
2672
1118
1119
2288
1098
1099
2674
1100
1101
2279
1122
1123
2676
1124
1125
2291
1134
1135
2678
1136
1137
2297
1140
1141
2680
1142
1143
2300
1146
1147
2682
1148
1149
2303
1080
1081
2684
1082
1083
2270
1104
1105
2686
1106
1107
2282
1128
1129
2688
1130
1131
2294
1152
1153
2690
1154
1155
2306
68
69
2692
2694
2696
72
73
1784
70
71
2698
2700
2702
75
76
1785
94
95
2704
2706
102
103
1798
96
97
2708
105
106
1799
98
99
2710
108
109
1800
100
101
2712
111
112
1801
118
119
2714
126
127
1810
120
121
2716
129
130
1811
122
123
2718
132
133
1812
142
143
2720
150
151
1822
124
125
2722
135
136
1813
146
147
2724
156
157
1824
144
145
2726
153
154
1823
148
149
2728
159
160
1825
473
474
2730
489
490
1988
477
478
2732
495
496
1990
475
476
2734
492
493
1989
481
482
2736
501
502
1992
479
480
2738
498
499
1991
521
522
2740
553
554
2012
529
530
2742
565
566
2016
537
538
2744
577
578
2020
545
546
2746
589
590
2024
485
486
2748
507
508
1994
483
484
2750
504
505
1993
523
524
2752
556
557
2013
531
532
2754
568
569
2017
539
540
2756
580
581
2021
547
548
2758
592
593
2025
487
488
2760
510
511
1995
525
526
2762
559
560
2014
166
167
2764
174
175
1834
533
534
2766
571
572
2018
170
171
2768
180
181
1836
541
542
2770
583
584
2022
549
550
2772
595
596
2026
527
528
2774
562
563
2015
168
169
2776
177
178
1835
535
536
2778
574
575
2019
172
173
2780
183
184
1837
543
544
2782
586
587
2023
551
552
2784
598
599
2027
609
610
2786
641
642
2052
190
191
2788
198
199
1846
611
612
2790
644
645
2053
617
618
2792
653
654
2056
192
193
2794
201
202
1847
893
894
2796
925
926
2188
194
195
2798
204
205
1848
613
614
2800
647
648
2054
619
620
2802
656
657
2057
625
626
2804
665
666
2060
196
197
2806
207
208
1849
214
215
2808
222
223
1858
615
616
2810
650
651
2055
621
622
2812
659
660
2058
627
628
2814
668
669
2061
633
634
2816
677
678
2064
218
219
2818
228
229
1860
216
217
2820
225
226
1859
697
698
2822
729
730
2092
623
624
2824
662
663
2059
629
630
2826
671
672
2062
635
636
2828
680
681
2065
220
221
2830
231
232
1861
238
239
2832
246
247
1870
699
700
2834
732
733
2093
895
896
2836
928
929
2189
901
902
2838
937
938
2192
631
632
2840
674
675
2063
637
638
2842
683
684
2066
242
243
2844
252
253
1872
240
241
2846
249
250
1871
244
245
2848
255
256
1873
701
702
2850
735
736
2094
639
640
2852
686
687
2067
703
704
2854
738
739
2095
705
706
2856
741
742
2096
707
708
2858
744
745
2097
903
904
2860
940
941
2193
897
898
2862
931
932
2190
909
910
2864
949
950
2196
709
710
2866
747
748
2098
711
712
2868
750
751
2099
713
714
2870
753
754
2100
715
716
2872
756
757
2101
905
906
2874
943
944
2194
911
912
2876
952
953
2197
899
900
2878
934
935
2191
917
918
2880
961
962
2200
717
718
2882
759
760
2102
719
720
2884
762
763
2103
721
722
2886
765
766
2104
723
724
2888
768
769
2105
907
908
2890
946
947
2195
913
914
2892
955
956
2198
919
920
2894
964
965
2201
981
982
2896
1013
1014
2228
725
726
2898
771
772
2106
727
728
2900
774
775
2107
915
916
2902
958
959
2199
921
922
2904
967
968
2202
983
984
2906
1016
1017
2229
923
924
2908
970
971
2203
985
986
2910
1019
1020
2230
987
988
2912
1022
1023
2231
989
990
2914
1025
1026
2232
1177
1178
2916
1193
1194
2324
991
992
2918
1028
1029
2233
993
994
2920
1031
1032
2234
995
996
2922
1034
1035
2235
997
998
2924
1037
1038
2236
1179
1180
2926
1196
1197
2325
1181
1182
2928
1199
1200
2326
999
1000
2930
1040
1041
2237
1001
1002
2932
1043
1044
2238
1003
1004
2934
1046
1047
2239
1005
1006
2936
1049
1050
2240
1183
1184
2938
1202
1203
2327
1185
1186
2940
1205
1206
2328
1225
1226
2942
1257
1258
2348
1007
1008
2944
1052
1053
2241
1009
1010
2946
1055
1056
2242
1011
1012
2948
1058
1059
2243
1187
1188
2950
1208
1209
2329
1189
1190
2952
1211
1212
2330
1227
1228
2954
1260
1261
2349
1233
1234
2956
1269
1270
2352
1191
1192
2958
1214
1215
2331
1235
1236
2960
1272
1273
2353
1229
1230
2962
1263
1264
2350
1241
1242
2964
1281
1282
2356
1237
1238
2966
1275
1276
2354
1243
1244
2968
1284
1285
2357
1231
1232
2970
1266
1267
2351
1249
1250
2972
1293
1294
2360
1313
1314
2974
1345
1346
2388
1239
1240
2976
1278
1279
2355
1245
1246
2978
1287
1288
2358
1251
1252
2980
1296
1297
2361
1315
1316
2982
1348
1349
2389
1321
1322
2984
1357
1358
2392
1247
1248
2986
1290
1291
2359
1253
1254
2988
1299
1300
2362
1323
1324
2990
1360
1361
2393
1317
1318
2992
1351
1352
2390
1329
1330
2994
1369
1370
2396
1255
1256
2996
1302
1303
2363
1325
1326
2998
1363
1364
2394
1331
1332
3000
1372
1373
2397
1319
1320
3002
1354
1355
2391
1337
1338
3004
1381
1382
2400
1327
1328
3006
1366
1367
2395
1333
1334
3008
1375
1376
2398
1339
1340
3010
1384
1385
2401
1401
1402
3012
1433
1434
2428
1335
1336
3014
1378
1379
2399
1341
1342
3016
1387
1388
2402
1403
1404
3018
1436
1437
2429
1409
1410
3020
1445
1446
2432
1343
1344
3022
1390
1391
2403
1405
1406
3024
1439
1440
2430
1411
1412
3026
1448
1449
2433
1407
1408
3028
1442
1443
2431
1413
1414
3030
1451
1452
2434
1489
1490
3032
1521
1522
2468
1417
1418
3034
1457
1458
2436
1415
1416
3036
1454
1455
2435
1419
1420
3038
1460
1461
2437
1491
1492
3040
1524
1525
2469
1497
1498
3042
1533
1534
2472
1421
1422
3044
1463
1464
2438
1425
1426
3046
1469
1470
2440
1423
1424
3048
1466
1467
2439
1427
1428
3050
1472
1473
2441
1499
1500
3052
1536
1537
2473
1493
1494
3054
1527
1528
2470
1505
1506
3056
1545
1546
2476
1429
1430
3058
1475
1476
2442
1431
1432
3060
1478
1479
2443
1501
1502
3062
1539
1540
2474
1507
1508
3064
1548
1549
2477
1495
1496
3066
1530
1531
2471
1513
1514
3068
1557
1558
2480
1503
1504
3070
1542
1543
2475
1509
1510
3072
1551
1552
2478
1515
1516
3074
1560
1561
2481
1577
1578
3076
1609
1610
2508
1579
1580
3078
1612
1613
2509
1585
1586
3080
1621
1622
2512
1511
1512
3082
1554
1555
2479
1517
1518
3084
1563
1564
2482
1587
1588
3086
1624
1625
2513
1581
1582
3088
1615
1616
2510
1593
1594
3090
1633
1634
2516
1519
1520
3092
1566
1567
2483
1589
1590
3094
1627
1628
2514
1595
1596
3096
1636
1637
2517
1583
1584
3098
1618
1619
2511
1601
1602
3100
1645
1646
2520
1591
1592
3102
1630
1631
2515
1597
1598
3104
1639
1640
2518
1603
1604
3106
1648
1649
2521
1665
1666
3108
1697
1698
2548
1673
1674
3110
1709
1710
2552
1681
1682
3112
1721
1722
2556
1689
1690
3114
1733
1734
2560
1667
1668
3116
1700
1701
2549
1675
1676
3118
1712
1713
2553
1683
1684
3120
1724
1725
2557
1691
1692
3122
1736
1737
2561
1599
1600
3124
1642
1643
2519
1605
1606
3126
1651
1652
2522
1669
1670
3128
1703
1704
2550
1677
1678
3130
1715
1716
2554
1685
1686
3132
1727
1728
2558
1693
1694
3134
1739
1740
2562
1607
1608
3136
1654
1655
2523
1671
1672
3138
1706
1707
2551
1679
1680
3140
1718
1719
2555
1687
1688
3142
1730
1731
2559
1695
1696
3144
1742
1743
2563
262
263
3146
3148
270
271
1882
266
267
3150
276
277
1884
264
265
3152
273
274
1883
268
269
3154
279
280
1885
64
65
66
67
62
74
1786
63
3149
77
1787
78
2631
86
1792
79
2629
89
1782
1783
1793
91
2709
104
1802
3156
3158
3160
90
2711
107
1788
1795
1803
93
3161
2713
110
1780
1804
92
2715
113
1781
1789
1797
1805
115
2717
128
1814
114
2719
131
1807
1815
117
2721
134
1816
116
2725
137
1809
1817
139
2723
152
1826
138
2729
155
1794
1819
1827
466
2733
491
1996
468
2735
497
1998
470
2739
503
2000
472
2751
509
2002
163
2767
176
1838
165
2771
182
1840
3162
3164
3166
3168
3170
141
2727
158
1806
1828
140
2731
161
1796
1808
1821
1829
465
2737
494
1981
1997
467
2741
500
1983
1999
469
3171
2753
506
1985
2001
471
3169
2763
512
1987
2003
162
3167
2779
179
1831
1839
164
3165
2783
185
1833
1841
187
2791
200
1850
186
2797
3159
203
1768
1843
1851
189
2801
206
1830
1852
188
2809
3157
209
1770
1832
1845
1853
211
2811
224
1862
210
2823
227
1855
1863
235
2835
248
1874
237
2847
254
1854
1876
213
2821
230
1842
1864
212
2833
233
1844
1857
1865
234
2849
251
1867
1875
236
2851
257
1856
1869
1877
259
3151
272
1886
261
3153
278
1866
1888
258
3155
275
1879
1887
260
281
1868
1881
1889
283
2643
302
1902
282
2641
305
1891
1903
285
2639
308
1904
284
2637
311
1893
1905
287
2635
314
1906
286
2633
317
1895
1907
322
2627
347
1924
321
2625
350
1909
1925
324
2623
353
1926
323
2621
356
1911
1927
326
2619
359
1928
325
2617
362
1913
1929
328
2615
365
1930
327
2613
368
1915
1931
370
2611
395
1948
369
2609
398
1933
1949
372
2607
401
1950
371
2605
404
1935
1951
374
2603
407
1952
373
2601
410
1937
1953
376
2599
413
1954
375
2597
416
1939
1955
418
2595
443
1972
417
2593
446
1957
1973
420
2591
449
1974
419
2589
452
1959
1975
422
2587
455
1976
421
2585
458
1961
1977
424
2583
461
1878
1978
423
2581
464
1880
1963
1979
318
1890
319
1892
320
1894
514
2743
555
2028
2755
558
2029
2765
561
2030
513
2777
564
2005
2031
602
2789
643
2068
604
2795
655
2072
606
2807
667
2076
608
2819
679
2080
516
2745
567
2032
2757
570
2033
2769
573
2034
515
2781
576
2007
2035
2793
646
2069
2805
658
2073
2817
670
2077
2831
682
2081
518
2747
579
2036
2759
582
2037
2773
585
2038
517
2785
588
2009
2039
2803
649
2070
2815
661
2074
2829
673
2078
2845
685
2082
520
2749
591
1980
2040
2761
594
1982
2041
2775
597
1984
2042
519
2787
600
1986
2011
2043
601
2813
652
2045
2071
603
2827
664
2047
2075
605
2843
676
2049
2079
607
2855
688
2051
2083
690
2825
731
2108
2837
734
2109
2853
737
2110
689
2857
740
1908
2085
2111
777
2707
782
2126
801
2705
806
2138
825
2703
830
2150
849
2701
854
2084
2162
873
874
875
2124
2136
2148
2160
2173
692
2859
743
2112
2861
746
2113
2869
749
2114
691
2871
752
1910
2087
2115
783
2699
788
2129
807
2697
812
2141
831
2695
836
2153
855
2645
860
2086
2165
876
877
878
2127
2139
2151
2163
2175
694
2873
755
2116
2875
758
2117
2885
761
2118
693
2887
764
1912
2089
2119
696
2889
767
2044
2120
2891
770
2046
2121
2901
773
2048
2122
695
2903
776
1914
2050
2091
2123
789
2647
794
2132
813
2649
818
2144
837
2651
842
2156
861
2653
866
2088
2168
879
880
881
2130
2142
2154
2166
2177
795
2655
800
2135
819
2657
824
2147
843
2659
848
2159
867
2661
872
2090
2171
882
883
884
2133
2145
2157
2169
2179
886
2799
927
2204
2839
930
2205
2865
933
2206
885
2881
936
2172
2181
2207
888
2841
939
2208
2863
942
2209
2877
945
2210
887
2893
948
2174
2183
2211
890
2867
951
2212
2879
954
2213
2895
957
2214
889
2905
960
2176
2185
2215
892
2883
963
2004
2216
2897
966
2006
2217
2907
969
2008
2218
891
2911
972
2010
2178
2187
2219
974
2899
1015
2244
2909
1018
2245
2913
1021
2246
973
2915
1024
1932
2221
2247
1061
2663
1066
2262
1085
2665
1090
2274
1109
2673
1114
2286
1133
2681
1138
2220
2298
1157
1158
1159
2260
2272
2284
2296
2309
976
2917
1027
2248
2921
1030
2249
2923
1033
2250
975
2925
1036
1934
2223
2251
1067
2667
1072
2265
1091
2669
1096
2277
1115
2675
1120
2289
1139
2683
1144
2222
2301
1160
3172
3174
3176
3178
3180
3182
3184
1161
1162
2263
2275
2287
2299
2311
978
2927
1039
2252
2933
1042
2253
2935
1045
2254
977
2937
3183
1048
1936
2225
2255
1073
2671
1078
2268
1097
2677
1102
2280
1121
2679
1126
2292
1145
2685
1150
2224
2304
1163
3186
3188
3190
3192
3194
1164
1165
2266
2278
2290
2302
2313
980
3193
2939
1051
2180
2256
3191
2947
1054
2182
2257
3189
2949
1057
2184
2258
979
3187
2951
3181
1060
1938
2186
2227
2259
1079
2687
1084
2271
1103
2689
1108
2283
1127
2691
1132
2295
1151
2693
1156
2226
2307
1166
3196
1167
1168
2269
2281
2293
2305
2315
1170
3163
2919
1195
2332
3198
1169
3185
2929
1198
2308
2317
2333
1172
2931
1201
2334
1171
3200
3202
3195
2941
1204
2310
2319
2335
1174
3203
2943
1207
2336
1173
3197
2953
1210
2312
2321
2337
1176
2955
1213
1818
2338
1175
3199
2961
1216
1820
2314
2323
2339
1218
3201
2945
1259
2364
2957
1262
2365
2965
1265
2366
1217
2973
1268
2341
2367
1220
2959
1271
2368
2963
1274
2369
2969
1277
2370
1219
2979
1280
2343
2371
1222
2967
1283
2372
2971
1286
2373
2981
1289
2374
3204
1221
2989
1292
2345
2375
1224
2975
1295
2316
2376
2983
1298
2318
2377
2991
1301
2320
2378
1223
2999
1304
2322
2347
2379
1306
2977
1347
2404
3205
2985
1350
2405
2995
1353
2406
1305
3005
3179
1356
1956
2381
2407
1308
2987
1359
2408
2993
1362
2409
3001
1365
2410
1307
3009
3177
1368
1958
2383
2411
1310
2997
1371
2412
3003
1374
2413
3011
1377
2414
3206
1309
3017
3175
1380
1960
2385
2415
1312
3007
1383
2340
2416
3013
1386
2342
2417
3019
1389
2344
2418
1311
3025
3173
1392
1962
2346
2387
2419
1394
3015
1435
2444
3207
3021
1438
2445
3027
1441
2446
1393
3031
1444
2421
2447
1396
3023
1447
2448
3029
1450
2449
3033
1453
2450
3208
3210
3212
1395
3039
1456
2423
2451
1482
3035
1523
2484
3043
1526
2485
3214
3216
1398
3213
3037
1459
2452
3218
3211
3041
1462
2453
3220
3209
3047
1465
2454
3222
3224
1397
3051
1468
2425
2455
3225
3057
1529
2486
3226
1400
3219
3049
1471
2380
2456
3221
3053
1474
2382
2457
3223
3061
1477
2384
2458
3228
1399
3063
1480
2386
2427
2459
1481
3229
3069
1532
2461
2487
1484
3230
3217
3045
1535
2488
3232
3215
3055
1538
2489
3234
3227
3065
1541
2490
3236
1483
3073
1544
2463
2491
1486
3238
3233
3059
1547
2492
3240
3235
3067
1550
2493
3242
3237
3075
1553
2494
3244
1485
3085
1556
2465
2495
1488
3246
3241
3071
1559
2420
2496
3243
3077
1562
2422
2497
3245
3087
1565
2424
2498
1487
3095
1568
2426
2467
2499
1570
3231
3079
1611
2524
3248
3239
3081
1614
2525
3250
3247
3091
1617
2526
3252
1569
3101
1620
2501
2527
1572
3254
3249
3083
1623
2528
3256
3251
3089
1626
2529
3258
3253
3097
1629
2530
3260
1571
3105
1632
2503
2531
1574
3262
3257
3093
1635
2532
3264
3259
3099
1638
2533
3266
3261
3107
1641
2534
3268
1573
3127
1644
2505
2535
1576
3270
3265
3103
1647
2460
2536
3267
3109
1650
2462
2537
3269
3129
1653
2464
2538
1575
3139
1656
2466
2507
2539
1658
3255
3111
1699
2564
3263
3119
1702
2565
3272
3271
3131
1705
2566
3274
1657
3141
1708
2541
2567
1745
2540
1660
3113
1711
2568
3273
3121
1714
2569
3276
3275
3133
1717
2570
3278
1659
3143
1720
2543
2571
1746
2542
1662
3115
1723
2572
3277
3123
1726
2573
3280
3279
3135
1729
2574
3282
1661
3145
1732
2545
2575
1747
2544
1664
3117
1735
2500
2576
3281
3125
1738
2502
2577
3283
3137
1741
2504
2578
1663
3147
1744
2506
2547
2579
1748
2546
