1
3
2
4
5
7
6
8
0
9
1147
1148
10
12
11
13
14
16
15
17
18
1151
1152
19
21
1144
20
22
23
24
25
1156
26
27
1153
1154
28
29
1157
30
31
32
33
34
1159
1161
36
38
1158
37
39
40
42
41
43
35
44
1165
1166
46
47
48
50
1163
49
51
45
52
1169
1170
53
54
1162
55
56
1167
58
59
60
62
61
63
57
64
1175
1176
65
66
67
69
68
70
71
1178
1179
72
74
1173
73
75
76
77
78
1183
79
80
1180
1181
81
82
1184
83
84
85
86
87
1186
1188
89
90
1185
91
93
92
94
88
95
1191
1192
97
99
1190
98
100
96
101
1194
1195
102
103
1189
104
105
1193
107
108
109
111
110
112
106
113
1200
1201
114
115
116
118
117
119
120
1203
1204
121
123
1198
122
124
125
126
127
1208
128
129
1205
1206
130
131
1209
132
133
134
135
136
1211
1213
138
139
1210
140
142
141
143
137
144
1216
1217
146
148
1215
147
149
145
150
1219
1220
151
152
1214
153
154
1218
156
157
158
160
159
161
1146
155
162
1225
1226
163
164
165
167
166
168
1150
169
1228
1229
170
172
1223
171
173
174
175
176
1233
177
178
1230
1231
179
180
1234
181
182
183
184
185
1236
1238
187
188
1235
189
191
190
192
1164
186
193
1241
1242
195
197
1240
196
198
1168
194
199
1244
1245
200
201
1239
202
203
1243
205
206
207
209
208
210
204
211
1250
1251
212
213
214
216
215
217
218
1253
1254
219
221
1248
220
222
223
224
225
1258
226
227
1255
1256
228
229
1259
230
231
232
233
234
1261
1263
235
236
237
238
1155
239
240
1265
241
242
1257
243
244
1267
245
246
1262
247
248
1160
249
250
1269
1270
252
254
1260
253
255
256
258
257
259
251
260
1275
1276
262
263
264
266
1273
265
267
261
268
1279
1280
269
271
1272
270
272
1281
273
275
1277
274
276
1268
1283
277
278
1171
279
280
1172
1266
281
282
1282
1285
283
284
1284
1286
286
288
287
289
285
290
1290
1291
291
293
292
294
295
1292
1293
296
298
1289
297
299
300
301
302
1297
303
304
1294
1295
305
306
1298
307
308
309
310
311
1300
1302
312
313
314
315
1182
316
317
1304
318
319
1296
320
321
1306
322
323
1301
324
325
1187
326
327
1308
1309
329
330
1299
331
333
332
334
328
335
1313
1314
337
339
1312
338
340
336
341
1316
1317
342
344
1311
343
345
1318
346
348
1315
347
349
1307
1320
350
351
1196
352
353
1197
1305
354
355
1319
1322
356
357
1321
1323
359
361
360
362
358
363
1327
1328
364
366
365
367
368
1329
1330
369
371
1326
370
372
373
374
375
1334
376
377
1331
1332
378
379
1335
380
381
382
383
384
1337
1339
385
386
387
388
1207
389
390
1341
391
392
1333
393
394
1343
395
396
1338
397
398
1212
399
400
1345
1346
402
403
1336
404
406
405
407
401
408
1350
1351
410
412
1349
411
413
409
414
1353
1354
415
417
1348
416
418
1355
419
421
1352
420
422
1344
1357
423
424
1221
425
426
1222
1342
427
428
1356
1359
429
430
1358
1360
432
434
433
435
1249
431
436
1364
1365
437
439
438
440
1252
441
1366
1367
442
444
1363
443
445
446
447
448
1371
449
450
1368
1369
451
452
1372
453
454
455
456
457
1374
1376
458
459
460
461
1232
462
463
1378
464
465
1370
466
467
1380
468
469
1375
470
471
1237
472
473
1382
1383
475
476
1373
477
479
478
480
1274
474
481
1387
1388
483
485
1386
484
486
1278
482
487
1390
1391
488
490
1385
489
491
1392
492
494
1389
493
495
1381
1394
496
497
1246
498
499
1247
1379
500
501
1393
1396
502
503
1395
1397
505
506
507
509
508
510
504
511
1402
1403
512
513
514
516
515
517
518
1405
1406
519
521
1400
520
522
523
524
525
1410
526
527
1407
1408
528
529
1411
530
531
532
533
534
1413
1415
535
536
537
538
1264
539
540
1417
541
542
1409
543
544
1419
545
546
1414
547
548
1271
549
550
1421
1422
552
554
1412
553
555
556
558
557
559
551
560
1427
1428
562
563
564
566
1425
565
567
561
568
1431
1432
569
571
1424
570
572
1433
573
575
1429
574
576
1420
1435
577
578
1287
579
580
1288
1418
581
582
1434
1437
583
584
1436
1438
586
588
587
589
585
590
1442
1443
591
593
592
594
595
1444
1445
596
598
1441
597
599
600
601
602
1449
603
604
1446
1447
605
606
1450
607
608
609
610
611
1452
1454
612
613
614
615
1303
616
617
1456
618
619
1448
620
621
1458
622
623
1453
624
625
1310
626
627
1460
1461
629
630
1451
631
633
632
634
628
635
1465
1466
637
639
1464
638
640
636
641
1468
1469
642
644
1463
643
645
1470
646
648
1467
647
649
1459
1472
650
651
1324
652
653
1325
1457
654
655
1471
1474
656
657
1473
1475
659
661
660
662
658
663
1479
1480
664
666
665
667
668
1481
1482
669
671
1478
670
672
673
674
675
1486
676
677
1483
1484
678
679
1487
680
681
682
683
684
1489
1491
685
686
687
688
1340
689
690
1493
691
692
1485
693
694
1495
695
696
1490
697
698
1347
699
700
1497
1498
702
703
1488
704
706
705
707
701
708
1502
1503
710
712
1501
711
713
709
714
1505
1506
715
717
1500
716
718
1507
719
721
1504
720
722
1496
1509
723
724
1361
725
726
1362
1494
727
728
1508
1511
729
730
1510
1512
732
734
733
735
1401
731
736
1516
1517
737
739
738
740
1404
741
1518
1519
742
744
1515
743
745
746
747
748
1523
749
750
1520
1521
751
752
1524
753
754
755
756
757
1526
1528
758
759
760
761
1377
762
763
1530
764
765
1522
766
767
1532
768
769
1527
770
771
1384
772
773
1534
1535
775
776
1525
777
779
778
780
1426
774
781
1539
1540
783
785
1538
784
786
1430
782
787
1542
1543
788
790
1537
789
791
1544
792
794
1541
793
795
1533
1546
796
797
1398
798
799
1399
1531
800
801
1545
1548
802
803
1547
1549
805
806
807
809
1145
808
810
804
811
1554
1555
812
813
814
816
1149
815
817
818
1557
1558
819
821
1552
820
822
823
824
825
1562
826
827
1559
1560
828
829
1563
830
831
832
833
834
1565
1567
835
836
837
838
1416
839
840
1569
841
842
1561
843
844
1571
845
846
1566
847
848
1423
849
850
1573
1574
852
854
1564
853
855
856
858
857
859
851
860
1579
1580
862
863
864
866
1577
865
867
861
868
1583
1584
869
871
1576
870
872
1585
873
875
1581
874
876
1572
1587
877
878
1439
879
880
1440
1570
881
882
1586
1589
883
884
1588
1590
885
886
887
888
1591
889
890
1592
1593
891
1594
892
1595
893
1575
894
1568
896
898
1174
897
899
895
900
1597
1598
901
903
1177
902
904
905
1599
1600
906
908
1596
907
909
910
911
912
1604
913
914
1601
1602
915
916
1605
917
918
919
920
921
1607
1609
922
923
924
925
1455
926
927
1611
928
929
1603
930
931
1613
932
933
1608
934
935
1462
936
937
1615
1616
939
940
1606
941
943
942
944
938
945
1620
1621
947
949
1619
948
950
946
951
1623
1624
952
954
1618
953
955
1625
956
958
1622
957
959
1614
1627
960
961
1476
962
963
1477
1612
964
965
1626
1629
966
967
1628
1630
968
969
970
971
1631
972
973
1632
1633
974
1634
975
1635
976
1617
977
1610
979
981
1199
980
982
978
983
1637
1638
984
986
1202
985
987
988
1639
1640
989
991
1636
990
992
993
994
995
1644
996
997
1641
1642
998
999
1645
1000
1001
1002
1003
1004
1647
1649
1005
1006
1007
1008
1492
1009
1010
1651
1011
1012
1643
1013
1014
1653
1015
1016
1648
1017
1018
1499
1019
1020
1655
1656
1022
1023
1646
1024
1026
1025
1027
1021
1028
1660
1661
1030
1032
1659
1031
1033
1029
1034
1663
1664
1035
1037
1658
1036
1038
1665
1039
1041
1662
1040
1042
1654
1667
1043
1044
1513
1045
1046
1514
1652
1047
1048
1666
1669
1049
1050
1668
1670
1051
1052
1053
1054
1671
1055
1056
1672
1673
1057
1674
1058
1675
1059
1657
1060
1650
1062
1064
1224
1063
1065
1553
1061
1066
1677
1678
1067
1069
1227
1068
1070
1556
1071
1679
1680
1072
1074
1676
1073
1075
1076
1077
1078
1684
1079
1080
1681
1682
1081
1082
1685
1083
1084
1085
1086
1087
1687
1689
1088
1089
1090
1091
1529
1092
1093
1691
1094
1095
1683
1096
1097
1693
1098
1099
1688
1100
1101
1536
1102
1103
1695
1696
1105
1106
1686
1107
1109
1108
1110
1578
1104
1111
1700
1701
1113
1115
1699
1114
1116
1582
1112
1117
1703
1704
1118
1120
1698
1119
1121
1705
1122
1124
1702
1123
1125
1694
1707
1126
1127
1550
1128
1129
1551
1692
1130
1131
1706
1709
1132
1133
1708
1710
1134
1135
1136
1137
1711
1138
1139
1712
1713
1140
1714
1141
1715
1142
1697
1143
1690
