1
3
2
4
75
76
133
134
191
192
249
250
307
308
365
366
423
424
481
482
833
834
1185
1186
10
12
11
13
82
83
140
141
198
199
256
257
314
315
372
373
430
431
488
489
840
841
19
21
20
22
89
90
147
148
205
206
263
264
321
322
379
380
437
438
4160
495
496
5
7
6
8
0
9
2947
2948
77
79
78
80
74
81
2979
2980
135
137
136
138
4162
132
139
3004
3005
193
195
194
196
4164
190
197
3029
3030
251
253
252
254
4166
248
255
3054
3055
309
311
310
312
4168
306
313
3079
3080
367
369
425
427
2945
368
370
4170
364
371
3104
3105
426
428
4172
422
429
3129
3130
483
485
484
486
4174
480
487
3154
3155
539
541
540
542
4176
538
543
3178
3179
581
583
582
584
4178
580
585
3195
3196
623
625
847
848
624
626
4180
622
627
3212
3213
665
667
666
668
4182
664
669
3229
3230
707
709
708
710
4184
706
711
3246
3247
749
751
791
793
3153
750
752
4186
748
753
3263
3264
792
794
4188
790
795
3280
3281
835
837
836
838
4190
832
839
3298
3299
891
893
892
894
4192
890
895
3322
3323
933
935
934
936
4194
932
937
3339
3340
28
30
4196
29
31
4198
96
97
4200
154
155
4202
212
213
4204
270
271
4206
328
329
4208
386
387
4210
444
445
4212
502
503
14
16
15
17
18
2951
2952
84
86
85
87
4214
4163
88
2982
2983
142
144
143
145
4216
4165
146
3007
3008
200
202
201
203
4218
4167
204
3032
3033
258
260
259
261
4220
4169
262
3057
3058
316
318
317
319
4222
4171
320
3082
3083
374
376
432
434
2949
854
855
375
377
4224
4173
378
3107
3108
433
435
4226
4175
436
3132
3133
490
492
491
493
4228
4177
494
3157
3158
544
546
545
547
4230
4179
548
3180
3181
586
588
587
589
4232
4181
590
3197
3198
628
630
629
631
4234
4183
632
3214
3215
670
672
671
673
4236
4185
674
3231
3232
712
714
713
715
4238
4187
716
3248
3249
754
756
796
798
3156
755
757
4240
4189
758
3265
3266
975
977
976
978
4242
974
979
3356
3357
797
799
4244
4191
800
3282
3283
842
844
843
845
4246
4193
846
3301
3302
896
898
897
899
4248
4195
900
3324
3325
938
940
1017
1019
1018
1020
4250
1016
1021
3373
3374
939
941
942
3341
3342
980
982
981
983
4252
4245
984
3358
3359
1022
1024
1023
1025
1026
3375
3376
37
39
4254
38
40
4256
103
104
4258
161
162
4260
219
220
4262
277
278
4264
335
336
4266
393
394
4268
451
452
4270
509
510
23
25
24
26
4272
4215
27
2955
2956
91
93
4274
861
862
92
94
4276
4217
95
2985
2986
149
151
150
152
4278
4219
153
3010
3011
207
209
208
210
4280
4221
211
3035
3036
265
267
266
268
4282
4223
269
3060
3061
323
325
324
326
4284
4225
327
3085
3086
381
383
439
441
2953
382
384
4286
4227
385
3110
3111
440
442
4288
4229
443
3135
3136
497
499
498
500
4290
4231
501
3160
3161
549
551
550
552
4292
4233
553
3182
3183
591
593
592
594
4294
4235
595
3199
3200
633
635
634
636
4296
4237
637
3216
3217
675
677
676
678
4298
4239
679
3233
3234
717
719
718
720
4300
4241
721
3250
3251
759
761
801
803
3159
760
762
4302
4243
763
3267
3268
802
804
4304
4247
805
3284
3285
1059
1061
1060
1062
4306
1058
1063
3390
3391
1064
1066
1065
1067
1068
3392
3393
849
851
850
852
4308
4249
853
3304
3305
901
903
902
904
4310
4251
905
3326
3327
943
945
944
946
4312
4253
947
3343
3344
1101
1103
1102
1104
4314
1100
1105
3407
3408
1106
1108
1107
1109
1110
3409
3410
985
987
986
988
989
3360
3361
1027
1029
1028
1030
4316
4273
1031
3377
3378
1069
1071
1070
1072
4318
4309
1073
3394
3395
1143
1145
3297
1144
1146
4320
1142
1147
3424
3425
1148
1150
3300
1149
1151
1152
3426
3427
1111
1113
1153
1155
3303
1112
1114
1115
3411
3412
1154
1156
1157
3428
3429
46
48
47
49
110
111
168
169
226
227
4322
284
285
4324
342
343
4326
400
401
4328
458
459
4330
516
517
4332
868
869
32
34
33
35
4334
4277
36
2959
2960
98
100
99
101
4336
4279
102
2988
2989
156
158
157
4338
4203
159
4340
4281
160
3013
3014
214
216
215
4342
4205
217
4344
4283
218
3038
3039
272
274
273
4346
4207
275
4348
4285
276
3063
3064
330
332
331
4350
4209
333
4352
4287
334
3088
3089
388
390
446
448
2957
389
4211
391
4354
4289
392
3113
3114
447
4356
4213
449
4358
4291
450
3138
3139
504
506
505
507
4360
4293
508
3163
3164
554
556
555
557
4362
4295
558
3184
3185
596
598
597
599
4364
4297
600
3201
3202
638
640
639
641
4366
4299
642
3218
3219
680
682
681
683
4368
4301
684
3235
3236
722
724
723
725
4370
4303
726
3252
3253
764
766
806
808
3162
765
767
4372
4305
768
3269
3270
807
809
4374
4307
810
3286
3287
856
858
857
859
4376
4311
860
3307
3308
906
908
907
909
4378
4313
910
3328
3329
948
950
949
951
4380
4315
952
3345
3346
990
992
1187
4161
1189
1188
4382
4201
1190
4384
1184
1191
3442
3443
4386
1192
1193
1194
1196
1195
1197
1198
3445
3446
4388
1199
1200
1201
1203
1202
1204
1205
3448
3449
4390
1206
1207
991
993
4392
4317
994
3362
3363
1032
1034
4394
1213
1214
1033
1035
4396
4319
1036
3379
3380
1074
1076
4398
1220
1221
1075
1077
4400
4321
1078
3396
3397
1116
1118
1158
1160
3306
1117
1119
1120
3413
3414
1243
1245
1244
4199
1246
4402
1242
1247
3466
3467
1248
1250
1249
1251
1252
3468
3469
1253
1255
1254
1256
1257
3470
3471
1159
1161
4404
4335
1162
3430
3431
1208
1210
1209
1211
4406
4393
1212
3451
3452
1258
1260
1259
1261
1262
3472
3473
4408
55
57
4410
56
58
4412
117
118
4414
175
176
4416
233
234
4418
291
292
4420
349
350
4422
407
408
4424
465
466
4426
523
524
4428
875
876
41
43
42
44
4430
4337
45
2963
2964
105
107
106
108
4432
4341
109
2991
2992
163
165
164
166
4434
4345
167
3016
3017
221
223
222
224
4436
4349
225
3041
3042
279
281
280
4438
4265
282
4440
4353
283
3066
3067
337
339
338
4442
4267
340
4444
4355
341
3091
3092
395
397
453
455
2961
396
4269
398
4446
4359
399
3116
3117
454
4448
4271
456
4450
4361
457
3141
3142
511
4452
4275
513
512
514
4454
4363
515
3166
3167
559
561
560
562
4456
4365
563
3186
3187
601
603
602
604
4458
4367
605
3203
3204
643
645
644
646
4460
4369
647
3220
3221
685
687
686
688
4462
4371
689
3237
3238
727
729
728
730
4464
4373
731
3254
3255
769
771
811
813
3165
770
772
4466
4375
773
3271
3272
812
814
4468
4377
815
3288
3289
1227
1228
863
865
864
866
4470
4379
867
3310
3311
911
913
912
914
4472
4381
915
3330
3331
953
955
954
956
4474
4385
957
3347
3348
995
997
996
998
4476
4397
999
3364
3365
1037
1039
1285
1287
1286
4478
4197
1288
4480
1284
1289
3483
3484
1290
1292
1291
4482
4263
1293
1294
3485
3486
1295
1297
1296
1298
1299
3487
3488
1300
1302
1301
1303
1304
3489
3490
1038
1040
4484
4401
1041
3381
3382
1079
1081
1080
1082
4486
4405
1083
3398
3399
1121
1123
1163
1165
3309
1122
1124
4488
4403
1125
3415
3416
1327
1329
1328
4261
1330
4490
1326
1331
3500
3501
1332
1334
1333
4492
4259
1335
1336
3502
3503
1337
1339
1338
1340
1341
3504
3505
1342
1344
1343
1345
1346
3506
3507
1164
1166
4494
4407
1167
3432
3433
1215
1217
1216
1218
1219
3454
3455
1263
1265
1264
1266
4496
4431
1267
3474
3475
1305
1307
1369
1371
1370
4498
4257
1372
4500
1368
1373
3517
3518
1374
1376
1375
4502
4255
1377
1378
3519
3520
1379
1381
1380
1382
1383
3521
3522
1384
1386
1385
1387
1388
3523
3524
1306
1308
4504
4485
1309
3491
3492
1347
1349
1348
1350
4506
4495
1351
3508
3509
1389
1391
1390
1392
1393
3525
3526
4508
64
66
4510
65
67
4512
124
125
4514
182
183
4516
240
241
4518
298
299
4520
356
357
4522
414
415
4524
472
473
4526
530
531
4528
882
883
50
52
51
53
4530
4433
54
2967
2968
112
114
113
115
4532
4435
116
2994
2995
170
172
171
173
4534
4437
174
3019
3020
228
230
229
231
4536
4441
232
3044
3045
286
288
287
289
4538
4445
290
3069
3070
344
346
345
4540
4399
347
4542
4447
348
3094
3095
402
404
460
462
2965
403
4395
405
4544
4451
406
3119
3120
461
4546
4383
463
4548
4455
464
3144
3145
518
4550
4357
520
519
521
4552
4457
522
3169
3170
564
566
565
567
4554
4459
568
3188
3189
606
608
4556
1234
1235
607
609
4558
4461
610
3205
3206
648
650
649
651
4560
4463
652
3222
3223
690
692
691
693
4562
4465
694
3239
3240
732
734
733
735
4564
4467
736
3256
3257
774
776
816
818
3168
775
777
4566
4469
778
3273
3274
817
819
4568
4471
820
3290
3291
870
4351
872
871
873
4570
4473
874
3313
3314
916
918
917
919
4572
4475
920
3332
3333
958
960
959
961
4574
4477
962
3349
3350
1000
1002
1001
1003
4576
4481
1004
3366
3367
1042
1044
1043
1045
4578
4487
1046
3383
3384
1084
1086
1085
1087
4580
4489
1088
3400
3401
1126
1128
1168
1170
3312
1127
1129
4582
4491
1130
3417
3418
1411
1413
1412
4347
1414
4584
1410
1415
3534
3535
1416
1418
1417
4586
4343
1419
1420
3536
3537
1421
1423
1422
4588
4339
1424
1425
3538
3539
1426
1428
1427
1429
1430
3540
3541
1431
1433
1432
1434
1435
3542
3543
1169
1171
4590
4505
1172
3434
3435
1222
1224
1223
1225
4592
4497
1226
3457
3458
1268
1270
1269
1271
4594
4501
1272
3476
3477
1310
1312
1453
1455
1454
4596
4333
1456
4598
1452
1457
3551
3552
1458
1460
1459
4600
4331
1461
1462
3553
3554
1463
1465
1464
4602
4329
1466
1467
3555
3556
1468
1470
1469
1471
1472
3557
3558
1473
1475
1474
1476
1477
3559
3560
1311
1313
4604
4507
1314
3493
3494
1352
1354
1353
1355
1356
3510
3511
1394
1396
1395
1397
4606
4531
1398
3527
3528
1436
1438
1495
1497
3441
1496
4327
1498
4608
1494
1499
3568
3569
1500
1502
3444
1501
4325
1503
1504
3570
3571
1505
1507
3447
1506
4323
1508
1509
3572
3573
1510
1512
3450
1511
1513
1514
3574
3575
1515
1517
3453
1516
1518
1519
3576
3577
1437
1439
4610
4591
1440
3544
3545
1478
1480
1520
1522
3456
1479
1481
4612
4605
1482
3561
3562
1521
1523
1524
3578
3579
59
61
1537
1538
1539
1541
1540
4387
1542
4614
1536
1543
3586
3587
1544
1545
1546
1548
1547
4616
4389
1549
1550
3589
3590
4618
1551
1552
1553
1555
1554
4620
4391
1556
1557
3592
3593
4622
1558
1559
1560
1562
1561
4624
4453
1563
1564
3595
3596
4626
1565
1566
1567
1569
1568
1570
1571
3598
3599
4628
1572
1573
1574
1576
1575
1577
1578
3601
3602
4630
1579
1580
60
4632
4449
62
4634
4533
63
2971
2972
119
121
4636
1586
1587
120
4638
4443
122
4640
4535
123
2997
2998
177
179
1595
1597
1596
4642
4415
1598
4644
1594
1599
3610
3611
1600
1602
1601
4646
4413
1603
1604
3612
3613
1605
1607
1606
4648
4411
1608
1609
3614
3615
1610
1612
1611
4650
4409
1613
1614
3616
3617
1615
1617
1616
1618
1619
3618
3619
1620
1622
1621
1623
1624
3620
3621
178
4652
4417
180
4654
4537
181
3022
3023
235
237
236
4656
4419
238
4658
4539
239
3047
3048
293
295
1637
1639
1638
4660
4483
1640
4662
1636
1641
3627
3628
1642
1644
1643
1645
1646
3629
3630
1647
1649
1648
1650
1651
3631
3632
1652
1654
1653
1655
1656
3633
3634
1657
1659
1658
1660
1661
3635
3636
1662
1664
1663
1665
1666
3637
3638
294
4664
4421
296
4666
4543
297
3072
3073
351
353
352
4668
4423
354
4670
4545
355
3097
3098
409
411
467
469
2969
4672
1679
1681
1680
4493
1682
4674
1678
1683
3644
3645
1684
1686
1685
1687
1688
3646
3647
1689
1691
1690
1692
1693
3648
3649
1694
1696
1695
4676
4499
1697
1698
3650
3651
1699
1701
1700
1702
1703
3652
3653
1704
1706
1705
1707
1708
3654
3655
410
4678
4425
412
4680
4549
413
3122
3123
468
4682
4427
470
4684
4553
4673
471
3147
3148
525
4686
4429
527
1721
1723
1722
4688
4503
1724
4690
1720
1725
3661
3662
1726
1728
1727
4692
4557
1729
1730
3663
3664
1731
1733
1732
4694
4551
1734
1735
3665
3666
1736
1738
1737
4696
4547
1739
1740
3667
3668
1741
1743
1742
4698
4509
1744
1745
3669
3670
1746
1748
1747
1749
1750
3671
3672
526
528
4700
4555
529
3172
3173
569
571
570
572
4702
4559
573
3190
3191
611
613
1763
1765
1764
1766
4704
1762
1767
3678
3679
1768
1770
1769
4706
4589
1771
1772
3680
3681
1773
1775
1774
1776
1777
3682
3683
1778
1780
1779
1781
1782
3684
3685
1783
1785
1784
4708
4597
1786
1787
3686
3687
1788
1790
1789
1791
1792
3688
3689
612
614
4710
4561
615
3207
3208
653
655
654
656
4712
4563
657
3224
3225
695
697
1805
1807
1806
4714
4601
1808
4716
1804
1809
3695
3696
1810
1812
1811
4718
4603
1813
1814
3697
3698
1815
1817
1816
1818
1819
3699
3700
1820
1822
1821
1823
1824
3701
3702
1825
1827
1826
1828
1829
3703
3704
1830
1832
1831
1833
1834
3705
3706
696
698
4720
4565
699
3241
3242
737
739
738
740
4722
4567
741
3258
3259
779
781
1847
1849
3585
4724
821
823
3171
4726
1852
1854
3588
1848
1850
4728
1846
1851
3712
3713
1857
1859
3591
1853
1855
1856
3714
3715
1862
1864
3594
1858
4643
1860
1861
3716
3717
1867
1869
3597
1863
4637
1865
1866
3718
3719
1872
1874
3600
1868
4625
1870
1871
3720
3721
1873
4621
1875
1876
3722
3723
780
782
4730
4569
4725
783
3275
3276
822
824
4732
4571
4727
825
3292
3293
877
4439
879
1889
1890
1891
1893
1892
4617
1894
4734
1888
1895
3730
3731
4736
1896
1897
1898
1900
1899
4738
4619
1901
1902
3733
3734
4740
1903
1904
1905
1907
1906
4742
4623
1908
1909
3736
3737
4744
1910
1911
1912
1914
1913
4746
4627
1915
1916
3739
3740
4748
1917
1918
1919
1921
1920
4750
4629
1922
1923
3742
3743
4752
1924
1925
1926
1928
1927
4754
4631
1929
1930
3745
3746
4756
1931
1932
878
880
4758
4573
881
3316
3317
921
923
4760
1938
1939
922
924
4762
4575
925
3334
3335
963
965
1947
1949
1948
4764
4647
1950
4766
1946
1951
3754
3755
1952
1954
1953
4768
4649
1955
1956
3756
3757
1957
1959
1958
4770
4651
1960
1961
3758
3759
1962
1964
1963
4772
4661
1965
1966
3760
3761
1967
1969
1968
4774
4657
1970
1971
3762
3763
1972
1974
1973
4776
4653
1975
1976
3764
3765
964
966
4778
4577
967
3351
3352
1005
1007
1006
1008
4780
4579
1009
3368
3369
1047
1049
1989
1991
1990
1992
4782
1988
1993
3771
3772
1994
1996
1995
1997
1998
3773
3774
1999
2001
2000
2002
2003
3775
3776
2004
2006
2005
2007
2008
3777
3778
2009
2011
2010
4784
4669
2012
2013
3779
3780
2014
2016
2015
4786
4665
2017
2018
3781
3782
1048
1050
4788
4581
1051
3385
3386
1089
1091
1090
1092
4790
4583
1093
3402
3403
1131
1133
1173
1175
3315
4792
2031
2033
2032
2034
4794
2030
2035
3788
3789
2036
2038
2037
4689
2039
2040
3790
3791
2041
2043
2042
4796
4677
2044
2045
3792
3793
2046
2048
2047
4798
4687
2049
2050
3794
3795
2051
2053
2052
4800
4683
2054
2055
3796
3797
2056
2058
2057
4802
4679
2059
2060
3798
3799
1132
1134
4804
4585
1135
3419
3420
1174
1176
4806
4593
4793
1177
3436
3437
1229
4808
4479
1231
2073
2075
2074
4810
4693
2076
4812
2072
2077
3805
3806
2078
2080
2079
4814
4695
2081
2082
3807
3808
2083
2085
2084
4816
4697
2086
2087
3809
3810
2088
2090
2089
4818
4699
2091
2092
3811
3812
2093
2095
2094
2096
2097
3813
3814
2098
2100
2099
2101
2102
3815
3816
1230
1232
4820
4595
1233
3460
3461
1273
1275
1274
1276
4822
4599
1277
3478
3479
1315
1317
2115
2117
2116
4824
4707
2118
4826
2114
2119
3822
3823
2120
2122
2121
2123
2124
3824
3825
2125
2127
2126
2128
2129
3826
3827
2130
2132
2131
4828
4709
2133
2134
3828
3829
2135
2137
2136
2138
2139
3830
3831
2140
2142
2141
4830
4715
2143
2144
3832
3833
1316
1318
4832
4611
1319
3495
3496
1357
1359
1358
1360
4834
4607
1361
3512
3513
1399
1401
2157
2159
2158
4836
4719
2160
4838
2156
2161
3839
3840
2162
2164
2163
2165
2166
3841
3842
2167
2169
2168
2170
2171
3843
3844
2172
2174
2173
2175
2176
3845
3846
2177
2179
2178
2180
2181
3847
3848
2182
2184
2183
2185
2186
3849
3850
1400
1402
4840
4609
1403
3529
3530
1441
1443
1442
1444
4842
4613
1445
3546
3547
1483
1485
2199
2201
3729
4844
1525
1527
3459
4846
2204
2206
3732
2200
2202
4848
2198
2203
3856
3857
2209
2211
3735
2205
4755
2207
2208
3858
3859
2214
2216
3738
2210
4751
2212
2213
3860
3861
2219
2221
3741
2215
4747
2217
2218
3862
3863
2224
2226
3744
2220
4743
2222
2223
3864
3865
2225
4739
2227
2228
3866
3867
1484
1486
4845
1487
3563
3564
1526
1528
4850
4615
4847
1529
3580
3581
1581
4633
1583
2241
2242
2243
2245
2244
4852
4737
2246
4854
2240
2247
3874
3875
4856
2248
2249
2250
2252
2251
4858
4741
2253
2254
3877
3878
4860
2255
2256
2257
2259
2258
4862
4745
2260
2261
3880
3881
4864
2262
2263
2264
2266
2265
4866
4749
2267
2268
3883
3884
4868
2269
2270
2271
2273
2272
4870
4753
2274
2275
3886
3887
4872
2276
2277
2278
2280
2279
4874
4757
2281
2282
3889
3890
4876
2283
2284
1582
1584
4878
4635
1585
3604
3605
1625
1627
4880
2290
2291
1626
1628
4882
4655
1629
3622
3623
1667
1669
2299
2301
2300
4884
4769
2302
4886
2298
2303
3898
3899
2304
2306
2305
4888
4771
2307
2308
3900
3901
2309
2311
2310
4890
4773
2312
2313
3902
3903
2314
2316
2315
4892
4775
2317
2318
3904
3905
2319
2321
2320
4894
4777
2322
2323
3906
3907
2324
2326
2325
2327
2328
3908
3909
1668
1670
4896
4667
1671
3639
3640
1709
1711
1710
1712
4898
4681
1713
3656
3657
1751
1753
2341
2343
2342
2344
4900
2340
2345
3915
3916
2346
2348
2347
2349
2350
3917
3918
2351
2353
2352
2354
2355
3919
3920
2356
2358
2357
4902
4785
2359
2360
3921
3922
2361
2363
2362
4904
4787
2364
2365
3923
3924
2366
2368
2367
2369
2370
3925
3926
1752
1754
4906
4701
1755
3673
3674
1793
1795
1794
1796
4908
4711
1797
3690
3691
1835
1837
1877
1879
3603
4910
2383
2385
2384
4811
2386
4912
2382
2387
3932
3933
2388
2390
2389
4914
4797
2391
2392
3934
3935
2393
2395
2394
4916
4799
2396
2397
3936
3937
2398
2400
2399
4918
4801
2401
2402
3938
3939
2403
2405
2404
4920
4803
2406
2407
3940
3941
2408
2410
2409
4922
4809
2411
2412
3942
3943
1836
1838
4924
4721
1839
3707
3708
1878
1880
4926
4731
4911
1881
3724
3725
1933
4928
4761
1935
2425
2427
2426
4930
4815
2428
4932
2424
2429
3949
3950
2430
2432
2431
4934
4817
2433
2434
3951
3952
2435
2437
2436
4936
4819
2438
2439
3953
3954
2440
2442
2441
2443
2444
3955
3956
2445
2447
2446
2448
2449
3957
3958
2450
2452
2451
4938
4825
2453
2454
3959
3960
1934
1936
4940
4759
1937
3748
3749
1977
1979
1978
1980
4942
4779
1981
3766
3767
2019
2021
2467
2469
2468
2470
4944
2466
2471
3966
3967
2472
2474
2473
2475
2476
3968
3969
2477
2479
2478
4946
4829
2480
2481
3970
3971
2482
2484
2483
2485
2486
3972
3973
2487
2489
2488
4948
4831
2490
2491
3974
3975
2492
2494
2493
4950
4837
2495
2496
3976
3977
2020
2022
4952
4789
2023
3783
3784
2061
2063
2062
2064
4954
4805
2065
3800
3801
2103
2105
2509
2511
2510
2512
4956
2508
2513
3983
3984
2514
2516
2515
2517
2518
3985
3986
2519
2521
2520
2522
2523
3987
3988
2524
2526
2525
2527
2528
3989
3990
2529
2531
2530
2532
2533
3991
3992
2534
2536
2535
2537
2538
3993
3994
2104
2106
4958
4821
2107
3817
3818
2145
2147
2146
2148
4960
4833
2149
3834
3835
2187
2189
2551
2553
3873
4962
2229
2231
3747
4964
2556
2558
3876
2552
4875
2554
4966
2550
2555
4000
4001
2561
2563
3879
2557
4871
2559
2560
4002
4003
2566
2568
3882
2562
4867
2564
2565
4004
4005
2571
2573
3885
2567
4863
2569
2570
4006
4007
2576
2578
3888
2572
4859
2574
2575
4008
4009
2577
4853
2579
2580
4010
4011
2188
2190
4968
4841
4963
2191
3851
3852
2230
2232
4965
2233
3868
3869
2285
4881
2287
4970
2593
2594
2595
2597
2596
4972
4857
2598
2946
4974
2592
2599
4018
4019
2600
2601
2602
2604
2603
4976
4861
2605
2950
2606
4021
4022
2607
2608
2609
2611
2610
4978
4865
2612
2954
2613
4024
4025
2614
2615
2616
2618
2617
4980
4869
2619
2958
2620
4027
4028
2621
2622
2623
2625
2624
4982
4873
2626
2962
2627
4030
4031
2628
2629
2630
2632
2631
4984
4877
2633
2966
2634
4033
4034
2635
2636
2286
2288
4986
4879
2289
3892
3893
2638
2640
2970
2642
2643
2329
2331
2330
2332
4988
4897
2333
3910
3911
2651
2653
2652
4990
4889
2654
2978
4992
2650
2655
4042
4043
2656
2658
2657
4891
2659
2981
2660
4044
4045
2661
2663
2662
4893
2664
2984
2665
4046
4047
2666
2668
2667
4895
2669
2987
2670
4048
4049
2671
2673
2672
2674
2990
2675
4050
4051
2676
2678
2677
2679
2993
2680
4052
4053
2371
2373
2682
2684
2996
4994
2372
2374
4996
4907
2375
3927
3928
2413
2415
2693
2695
2694
2696
3003
4998
2692
2697
4059
4060
2698
2700
2699
2701
3006
2702
4061
4062
2703
2705
2704
4903
2706
3009
2707
4063
4064
2708
2710
2709
4905
2711
3012
2712
4065
4066
2713
2715
2714
2716
3015
2717
4067
4068
2718
2720
2719
4931
2721
3018
2722
4069
4070
2414
2416
5000
4925
2417
3944
3945
2724
2726
3021
2455
2457
5002
2456
2458
5004
4941
2459
3961
3962
2735
2737
2736
4915
2738
3028
5006
2734
2739
4076
4077
2740
2742
2741
4917
2743
3031
2744
4078
4079
2745
2747
2746
4919
2748
3034
2749
4080
4081
2750
2752
2751
4921
2753
3037
2754
4082
4083
2755
2757
2756
4923
2758
3040
2759
4084
4085
2760
2762
2761
4929
2763
3043
2764
4086
4087
2497
2499
2766
2768
3046
5008
2498
2500
5010
4953
2501
3978
3979
2539
2541
2581
2583
3891
2778
4935
2780
3053
5012
2777
2779
5014
2776
2781
4093
4094
2783
4937
2785
3056
2782
2784
2786
4095
4096
2788
2790
3059
2787
2789
2791
4097
4098
2793
2795
3062
2792
2794
2796
4099
4100
2798
4939
2800
3065
2797
2799
2801
4101
4102
2803
2805
3068
2802
2804
2806
4103
4104
2808
2810
3071
5016
2540
2542
5018
4959
2543
3995
3996
2582
2584
5020
4969
5013
2585
4012
4013
2819
2821
2820
2822
3078
5022
2818
2823
4110
4111
2824
2826
2825
4947
2827
3081
2828
4112
4113
2829
2831
2830
2832
3084
2833
4114
4115
2834
2836
2835
4949
2837
3087
2838
4116
4117
2839
2841
2840
4951
2842
3090
2843
4118
4119
2844
2846
2845
2847
3093
2848
4120
4121
2637
2639
2641
4036
4037
2850
2852
3096
2681
2683
5024
4997
4995
2685
4054
4055
2723
2725
5026
5001
5003
2727
4071
4072
2861
2863
2862
2864
3103
5028
2860
2865
4127
4128
2866
2868
2867
2869
3106
2870
4129
4130
2871
2873
2872
2874
3109
2875
4131
4132
2876
2878
2877
2879
3112
2880
4133
4134
2881
2883
2882
2884
3115
2885
4135
4136
2886
2888
2887
4985
2889
3118
2890
4137
4138
2765
2767
5030
5011
5009
2769
4088
4089
2892
2894
3121
2807
2809
5032
5019
5034
5017
2811
4105
4106
2849
2851
2853
4122
4123
2903
2905
4017
2904
4983
2906
3128
5036
2902
2907
4144
4145
2908
2910
4020
2909
4981
2911
3131
2912
4146
4147
2913
2915
4023
2914
4979
2916
3134
2917
4148
4149
2918
2920
4026
2919
4977
2921
3137
2922
4150
4151
2923
2925
4029
2924
4973
2926
3140
2927
4152
4153
2928
2930
4032
2929
4971
2931
3143
2932
4154
4155
2891
2893
5038
5031
5035
2895
4139
4140
2933
2935
4035
2934
2936
3146
2937
4156
4157
68
4511
70
69
4513
71
5040
4641
72
2975
2976
73
2944
126
128
127
4515
129
4645
130
3000
3001
131
2977
184
186
185
4517
187
4659
188
3025
3026
189
3002
242
244
243
4519
245
4663
246
3050
3051
247
3027
300
302
301
4521
303
4671
304
3075
3076
305
3052
358
360
359
4523
361
4675
362
3100
3101
363
3077
416
418
474
476
2973
417
4525
419
4685
420
3125
3126
421
3102
475
4527
477
4691
478
3150
3151
479
3127
532
4529
534
533
535
4703
536
3175
3176
537
3152
574
576
575
577
4705
578
3192
3193
579
3177
616
618
617
619
4713
620
3209
3210
621
3194
658
660
659
661
4717
662
3226
3227
663
3211
700
702
701
703
4723
704
3243
3244
705
3228
742
744
743
745
4729
746
3260
3261
747
3245
784
786
826
828
3174
785
787
4733
788
3277
3278
789
3262
827
829
4735
830
3294
3295
831
3279
884
4541
886
885
887
4763
888
3319
3320
889
3296
926
928
927
929
4767
930
3336
3337
931
3321
968
970
969
971
4781
972
3353
3354
973
3338
1010
1012
1011
1013
4783
1014
3370
3371
1015
3355
1052
1054
1053
1055
4791
1056
3387
3388
1057
3372
1094
1096
1095
1097
4795
1098
3404
3405
1099
3389
1136
1138
1178
1180
3318
1137
1139
4807
1140
3421
3422
1141
3406
1179
1181
4813
1182
3438
3439
1183
3423
1236
4587
1238
1237
1239
4823
1240
3463
3464
1241
3440
1278
1280
1279
1281
4827
1282
3480
3481
1283
3465
1320
1322
1321
1323
4835
1324
3497
3498
1325
3482
1362
1364
1363
1365
4839
1366
3514
3515
1367
3499
1404
1406
1405
1407
4843
1408
3531
3532
1409
3516
1446
1448
1447
1449
4849
1450
3548
3549
1451
3533
1488
1490
1530
1532
3462
1489
1491
4851
1492
3565
3566
1493
3550
1531
1533
4855
1534
3582
3583
1535
3567
1588
4639
1590
1589
1591
4883
1592
3607
3608
1593
3584
1630
1632
1631
1633
4887
1634
3624
3625
1635
3609
1672
1674
1673
1675
4899
1676
3641
3642
1677
3626
1714
1716
1715
1717
4901
1718
3658
3659
1719
3643
1756
1758
1757
1759
4909
1760
3675
3676
1761
3660
1798
1800
1799
1801
4913
1802
3692
3693
1803
3677
1840
1842
1882
1884
3606
1841
1843
4927
1844
3709
3710
1845
3694
1883
1885
4933
1886
3726
3727
1887
3711
1940
4765
1942
1941
1943
4943
1944
3751
3752
1945
3728
1982
1984
1983
1985
4945
1986
3768
3769
1987
3753
2024
2026
2025
2027
4955
2028
3785
3786
2029
3770
2066
2068
2067
2069
4957
2070
3802
3803
2071
3787
2108
2110
2109
2111
4961
2112
3819
3820
2113
3804
2150
2152
2151
2153
4967
2154
3836
3837
2155
3821
2192
2194
2234
2236
3750
2193
2195
4987
2196
3853
3854
2197
3838
2235
2237
4975
2238
3870
3871
2239
3855
2292
4885
2294
2293
2295
4989
2296
3895
3896
2297
3872
2645
2647
2974
2334
2336
2335
2337
4993
2338
3912
3913
2339
3897
2687
2689
2999
2376
2378
5042
2377
2379
4999
2380
3929
3930
2381
3914
2729
2731
3024
2418
2420
5044
2419
2421
5005
2422
3946
3947
2423
3931
2771
2773
3049
2460
2462
5046
2461
2463
5007
2464
3963
3964
2465
3948
2813
2815
3074
2502
2504
5048
2503
2505
5015
2506
3980
3981
2507
3965
2855
2857
3099
2544
2546
2586
2588
3894
5050
2545
2547
5021
2548
3997
3998
2549
3982
2897
2899
3124
5052
2587
2589
5023
2590
4014
4015
2591
3999
2939
2941
3149
2644
4991
2646
5025
2648
4039
4040
2649
4016
2686
2688
5027
5043
2690
4056
4057
2691
4041
2728
2730
5029
5045
2732
4073
4074
2733
4058
2770
2772
5033
5047
2774
4090
4091
2775
4075
2812
2814
5039
5049
2816
4107
4108
2817
4092
2854
2856
5037
5051
2858
4124
4125
2859
4109
2896
2898
5053
2900
4141
4142
2901
4126
2938
2940
4038
5041
2942
4158
4159
2943
4143
