64
65
66
67
68
69
72
73
1784
70
71
62
74
1786
94
95
75
76
1785
102
103
1798
80
81
84
85
1790
96
97
98
99
105
106
1799
2580
2582
108
109
1800
82
83
87
88
1791
100
101
63
77
1787
118
119
111
112
1801
2584
2586
126
127
1810
120
121
122
123
2588
129
130
1811
2590
132
133
1812
142
143
124
125
2592
150
151
1822
2594
135
136
1813
146
147
91
104
1802
156
157
1824
144
145
2596
153
154
1823
148
149
2598
159
160
1825
166
167
2600
170
171
2602
174
175
1834
473
474
2604
180
181
1836
2606
2608
78
2581
86
1792
477
478
2610
2612
90
2609
2614
2583
107
1788
1795
1803
475
476
479
480
481
482
483
484
485
486
93
2616
2618
2620
2601
110
1780
1804
489
2607
490
1988
492
493
1989
2622
495
2611
496
1990
2624
498
499
1991
2626
501
2621
502
1992
2628
504
2619
505
1993
2630
507
2617
508
1994
521
522
523
524
487
488
525
526
2632
510
511
1995
529
530
2634
2636
2638
2640
2642
2644
79
2646
2613
2585
89
1782
1783
1793
531
532
533
534
92
2647
2645
2648
2587
113
1781
1789
1797
1805
537
538
539
540
541
542
527
528
545
546
115
2643
2589
128
1814
547
548
549
550
168
169
535
536
553
2641
554
2012
2650
556
2639
557
2013
2652
559
2637
560
2014
2654
562
563
2015
2656
565
2635
566
2016
2658
568
569
2017
2660
571
572
2018
2662
177
178
1835
2664
577
578
2020
2666
580
581
2021
2668
583
584
2022
2670
589
590
2024
2672
592
593
2025
172
173
2674
595
596
2026
2676
574
575
2019
114
2678
2591
131
1807
1815
543
544
183
184
1837
551
552
2680
586
587
2023
609
610
2682
598
599
2027
190
191
611
612
2684
198
199
1846
117
2686
2593
134
1816
617
618
192
193
194
195
201
202
1847
613
614
2688
204
205
1848
619
620
2690
2692
2694
2696
2698
2700
2702
2704
139
2706
2595
152
1826
625
626
4
5
196
197
8
9
1752
214
215
207
208
1849
6
7
2708
2710
222
223
1858
2712
641
2701
642
2052
18
19
2714
644
2697
645
2053
11
12
1753
615
616
2716
2718
653
2695
654
2056
26
27
1760
2720
2722
647
2693
648
2054
2724
656
2691
657
2057
2726
665
666
2060
116
2728
2705
2703
137
1809
1817
621
622
650
651
2055
2
3
2730
659
660
2058
20
21
22
23
29
30
1761
627
628
32
33
1762
633
634
2732
2734
2736
668
669
2061
24
25
2738
677
678
2064
42
43
35
36
1763
218
219
50
51
1772
141
2740
2742
2729
2744
2746
2748
2597
158
1806
1828
44
45
228
229
1860
216
217
53
54
1773
697
698
2750
2752
225
226
1859
623
624
629
630
2754
662
663
2059
2756
2758
138
2760
2699
2762
2599
155
1794
1819
1827
635
636
671
2759
672
2062
46
47
2764
680
681
2065
220
221
56
57
1774
48
49
2766
2768
231
232
1861
238
239
59
60
1775
699
700
2770
2772
246
247
1870
2774
729
2757
730
2092
631
632
2776
732
733
2093
140
2761
2743
2778
2603
161
1796
1808
1821
1829
637
638
674
675
2063
242
243
2780
683
684
2066
262
263
2782
252
253
1872
240
241
2784
2786
270
271
1882
266
267
249
250
1871
466
491
1996
264
265
2788
276
277
1884
468
2790
2625
497
1998
244
245
273
274
1883
465
2792
2623
494
1981
1997
268
269
255
256
1873
470
2629
503
2000
701
702
2794
279
280
1885
639
640
2796
735
736
2094
467
2627
500
1983
1999
703
704
686
687
2067
514
2798
2651
555
2028
705
706
738
739
2095
516
2800
2659
567
2032
707
708
741
742
2096
329
330
2802
744
745
2097
518
2804
2667
579
2036
331
332
345
346
1916
709
710
348
349
1917
520
2673
591
1980
2040
778
779
747
748
2098
893
894
2806
2808
2810
780
781
2125
472
2812
2633
509
2002
895
896
897
898
469
2631
506
1985
2001
901
902
2653
558
2029
903
904
2661
570
2033
802
803
826
827
804
805
2137
909
910
828
829
2149
2814
2816
2669
582
2037
850
851
2675
594
1982
2041
711
712
852
853
2161
2818
713
714
2820
750
751
2099
471
2822
2649
512
1987
2003
715
716
753
754
2100
2824
2655
561
2030
905
906
756
757
2101
2826
925
926
2188
2828
928
929
2189
2830
931
932
2190
2832
937
938
2192
2834
940
941
2193
911
912
2836
949
2819
950
2196
163
2838
2605
176
1838
943
944
2194
899
900
2840
952
953
2197
2842
2663
573
2034
917
918
934
935
2191
165
2844
2615
182
1840
333
334
961
962
2200
335
336
351
352
1918
717
718
354
355
1919
2846
2848
2850
2671
585
2038
784
785
759
760
2102
808
809
2852
786
787
2128
2854
2677
597
1984
2042
832
833
810
811
2140
856
857
834
835
2152
719
720
2856
858
859
2164
513
2858
2860
2657
564
2005
2031
721
722
762
763
2103
162
2862
2665
179
1831
1839
723
724
765
766
2104
515
2864
2679
576
2007
2035
907
908
768
769
2105
913
914
2866
946
947
2195
164
2868
2681
185
1833
1841
919
920
955
956
2198
517
2870
2683
588
2009
2039
337
338
964
965
2201
339
340
357
358
1920
981
982
360
361
1921
519
2872
2874
2876
2685
600
1986
2011
2043
725
726
602
2715
643
2068
790
791
771
772
2106
2878
1013
1014
2228
187
2880
2687
200
1850
814
815
792
793
2131
0
2709
2741
10
1754
1
2717
13
1751
1755
15
2721
28
1764
2882
2719
646
2069
838
839
816
817
2143
604
2884
2723
655
2072
862
863
840
841
2155
14
2735
31
1757
1765
17
2733
34
1749
1766
16
2747
37
1750
1759
1767
39
2745
52
1776
38
2751
55
1769
1777
186
2886
2689
203
1768
1843
1851
727
728
864
865
2167
886
927
2204
915
916
774
775
2107
189
2888
2890
2707
206
1830
1852
921
922
958
959
2199
2725
649
2070
2727
658
2073
606
2787
667
2076
341
342
967
968
2202
343
344
363
364
1922
41
2767
58
1756
1778
40
2771
61
1758
1771
1779
188
2892
2894
2711
209
1770
1832
1845
1853
983
984
366
367
1923
211
2713
224
1862
601
2731
652
2045
2071
796
797
1016
1017
2229
2896
2898
2737
661
2074
820
821
798
799
2134
2900
2739
670
2077
608
2749
679
2080
844
845
822
823
2146
213
2902
2753
230
1842
1864
868
869
846
847
2158
210
2904
2755
227
1855
1863
870
871
2170
923
924
690
2906
2777
731
2108
603
2763
664
2047
2075
2765
673
2078
985
986
970
971
2203
2908
2769
682
2081
212
2773
233
1844
1857
1865
1019
1020
2230
987
988
235
2910
2775
248
1874
2779
734
2109
2831
930
2205
377
378
1022
1023
2231
379
380
393
394
1940
989
990
396
397
1941
888
2912
2914
2916
2835
939
2208
1177
1178
1025
1026
2232
1062
1063
605
2918
2781
676
2049
2079
2783
685
2082
1086
1087
1064
1065
2261
237
2920
2785
254
1854
1876
234
2789
251
1867
1875
1110
1111
1088
1089
2273
236
2922
2795
257
1856
1869
1877
1193
1194
2324
2924
2829
737
2110
1134
1135
1112
1113
2285
259
272
1886
607
2799
688
2051
2083
991
992
1136
1137
2297
261
2791
278
1866
1888
258
2793
275
1879
1887
260
2797
281
1868
1881
1889
322
2809
347
1924
321
2807
350
1909
1925
689
2801
740
1908
2085
2111
1028
1029
2233
993
994
692
2926
2928
2930
2803
743
2112
2805
746
2113
1031
1032
2234
995
996
2837
942
2209
381
382
1034
1035
2235
383
384
399
400
1942
997
998
402
403
1943
2932
2934
2936
2833
933
2206
1179
1180
1037
1038
2236
890
2938
2839
951
2212
1181
1182
1196
1197
2325
777
2813
782
2126
1068
1069
2940
1199
1200
2326
801
2817
806
2138
825
2815
830
2150
1092
1093
1070
1071
2264
849
2942
2821
854
2084
2162
1116
1117
1094
1095
2276
2944
2946
2811
749
2114
873
874
875
2124
2136
2148
2160
2173
1140
1141
324
2849
353
1926
323
2847
356
1911
1927
691
2823
752
1910
2087
2115
999
1000
1118
1119
2288
1142
1143
2300
694
2948
2825
755
2116
2827
758
2117
1040
1041
2237
1001
1002
2950
2952
2841
945
2210
1043
1044
2238
1003
1004
2954
2843
954
2213
385
386
1046
1047
2239
387
388
405
406
1944
1005
1006
408
409
1945
885
2956
2958
2960
2845
936
2172
2181
2207
1183
1184
1049
1050
2240
892
2962
2851
963
2004
2216
1185
1186
1202
1203
2327
1225
1226
2964
1205
1206
2328
783
2855
788
2129
807
2861
812
2141
831
2857
836
2153
1074
1075
2966
1257
1258
2348
855
2859
860
2086
2165
1098
1099
1076
1077
2267
876
877
878
2127
2139
2151
2163
2175
2968
2970
2853
761
2118
1122
1123
326
2875
359
1928
325
2873
362
1913
1929
693
2863
764
1912
2089
2119
1146
1147
1100
1101
2279
1124
1125
2291
696
2972
2865
767
2044
2120
1007
1008
1148
1149
2303
2974
2867
770
2046
2121
887
2869
948
2174
2183
2211
1052
1053
2241
1009
1010
2976
2978
1055
1056
2242
1011
1012
2980
2877
966
2006
2217
389
390
1058
1059
2243
391
392
411
412
1946
2982
2984
2871
957
2214
414
415
1947
1187
1188
1189
1190
1208
1209
2329
789
2883
794
2132
813
2885
818
2144
1227
1228
2986
2988
1211
1212
2330
837
2887
842
2156
861
2889
866
2088
2168
974
2990
2881
1015
2244
879
880
881
2130
2142
2154
2166
2177
1233
1234
1260
1261
2349
1080
1081
2992
1269
1270
2352
2994
2879
773
2048
2122
1104
1105
1082
1083
2270
328
2893
365
1930
327
2897
368
1915
1931
695
2891
776
1914
2050
2091
2123
1128
1129
1106
1107
2282
889
960
2176
2185
2215
1152
1153
1130
1131
2294
1154
1155
2306
1191
1192
2996
2895
969
2008
2218
1235
1236
1214
1215
2331
1229
1230
2998
3000
1272
1273
2353
795
3002
2901
800
2135
819
2903
824
2147
843
2905
848
2159
1241
1242
3004
1263
1264
2350
867
2907
872
2090
2171
3006
2899
1018
2245
882
883
884
2133
2145
2157
2169
2179
1237
1238
1281
1282
2356
891
3008
2909
972
2010
2178
2187
2219
1243
1244
1275
1276
2354
1231
1232
3010
1284
1285
2357
3012
2911
1021
2246
1249
1250
1266
1267
2351
3014
1293
1294
2360
1313
1314
370
2915
395
1948
369
2913
398
1933
1949
973
3016
2917
1024
1932
2221
2247
1239
1240
1345
1346
2388
976
3018
2919
1027
2248
1245
1246
1278
1279
2355
1251
1252
3020
1287
1288
2358
1170
3022
2925
1195
2332
1296
1297
2361
1315
1316
1321
1322
3024
1348
1349
2389
1247
1248
3026
1357
1358
2392
1253
1254
3028
1290
1291
2359
3030
1299
1300
2362
1323
1324
1061
2921
1066
2262
1317
1318
3032
1360
1361
2393
1085
2923
1090
2274
1329
1330
3034
1351
1352
2390
3036
3038
3040
3042
3044
3046
1109
2929
1114
2286
1255
1256
3048
1369
1370
2396
1133
2927
1138
2220
2298
3050
1302
1303
2363
1325
1326
3052
2931
1030
2249
3054
3056
3058
3060
1157
1158
1159
2260
2272
2284
2296
2309
1331
1332
1319
1320
3045
1033
2250
1337
1338
372
2935
3039
401
1950
371
2933
3037
404
1935
1951
975
3043
2937
1036
1934
2223
2251
425
426
1363
3057
1364
2394
1372
1373
2397
427
428
441
442
1964
3062
3064
1354
1355
2391
1327
1328
3066
1381
1382
2400
444
445
1965
978
3041
3068
3070
2939
1039
2252
1333
1334
1366
1367
2395
1169
3061
3072
3074
3076
3078
3080
3059
3082
2941
1198
2308
2317
2333
1339
1340
1375
1376
2398
1401
1402
3084
1384
1385
2401
429
430
3086
1433
1434
2428
431
432
447
448
1966
450
451
1967
1335
1336
1341
1342
3088
3090
3092
1378
1379
2399
1403
1404
3094
1387
1388
2402
1172
3047
3096
2947
1201
2334
433
434
1436
1437
2429
435
436
453
454
1968
456
457
1969
1409
1410
1343
1344
3098
3100
3102
1445
1446
2432
1405
1406
3104
1390
1391
2403
437
438
3106
1439
1440
2430
439
440
459
460
1970
462
463
1971
1411
1412
1067
3108
2943
1072
2265
1407
1408
3110
3112
1448
1449
2433
1091
2945
1096
2277
3114
1442
1443
2431
1413
1414
1489
1490
3116
1451
1452
2434
3118
1115
2951
1120
2289
1417
1418
3120
1521
1522
2468
1139
2949
1144
2222
2301
3122
1457
1458
2436
1415
1416
3055
3124
2953
1042
2253
3126
3128
3130
3132
1160
3134
1161
1162
2263
2275
2287
2299
2311
1419
1420
3081
2955
1045
2254
1491
1492
1497
1498
374
2959
3075
407
1952
373
2957
3073
410
1937
1953
977
3079
2961
1048
1936
2225
2255
1454
3129
1455
2435
3136
1460
1461
2437
1421
1422
3138
1524
1525
2469
3140
1533
1534
2472
980
3077
3142
2963
1051
2180
2256
1425
1426
1463
1464
2438
3144
1469
1470
2440
1423
1424
1171
3135
3146
3148
3150
3133
3152
2965
1204
2310
2319
2335
1427
1428
1466
1467
2439
3154
1472
1473
2441
1499
1500
1493
1494
3156
1536
1537
2473
1505
1506
3158
1527
1528
2470
1429
1430
3160
1545
1546
2476
1174
3131
3162
2967
1207
2336
1475
1476
2442
1431
1432
3164
1478
1479
2443
1501
1502
1507
1508
3166
1539
1540
2474
1495
1496
3168
1548
1549
2477
1513
1514
3170
1530
1531
2471
1073
2969
1078
2268
3172
1557
1558
2480
1503
1504
3174
3176
1097
2977
1102
2280
1509
1510
3178
1542
1543
2475
1515
1516
3180
1551
1552
2478
1121
2973
1126
2292
1577
1578
3182
1560
1561
2481
3184
1145
2975
1150
2224
2304
3186
1609
1610
2508
1579
1580
3188
3190
3192
3194
1218
3119
3196
2971
1259
2364
1163
3198
3200
1164
1165
2266
2278
2290
2302
2313
1585
1586
1511
1512
1517
1518
1612
3189
1613
2509
3202
1621
1622
2512
1587
1588
3204
1554
1555
2479
3206
1563
1564
2482
1581
1582
3208
1624
1625
2513
3193
3127
3210
2979
1054
2182
2257
1593
1594
1615
1616
2510
3175
3212
2981
1057
2184
2258
1519
1520
1633
1634
2516
3214
1566
1567
2483
1589
1590
376
2983
3149
413
1954
375
2987
3147
416
1939
1955
979
3151
3216
2985
1060
1938
2186
2227
2259
1595
1596
1627
1628
2514
1173
3195
3191
3218
2989
1210
2312
2321
2337
1583
1584
1636
1637
2517
1601
1602
3220
1618
1619
2511
3222
1645
1646
2520
1591
1592
1597
1598
3224
1630
1631
2515
1603
1604
3226
1639
1640
2518
1665
1666
3228
1648
1649
2521
1176
3185
3230
2991
1213
1818
2338
1673
1674
1697
1698
2548
1681
1682
3232
1709
1710
2552
1689
1690
3234
1721
1722
2556
3236
1733
1734
2560
1667
1668
1675
1676
3238
1700
1701
2549
1079
3003
1084
2271
1683
1684
3240
1712
1713
2553
1103
3001
1108
2283
1691
1692
3242
1724
1725
2557
1127
2999
1132
2295
1599
1600
3244
1736
1737
2561
1151
2997
1156
2226
2307
1605
1606
3246
1642
1643
2519
3248
1651
1652
2522
1669
1670
3250
3252
3254
3256
3258
3260
3201
3177
3262
2993
1262
2365
1166
3264
3266
1167
1168
2269
2281
2293
2305
2315
1677
1678
1685
1686
1693
1694
1703
3257
1704
2550
3268
1715
1716
2554
3270
1727
1728
2558
1607
1608
3272
1739
1740
2562
3274
1654
1655
2523
1671
1672
1220
3199
3276
2995
1271
2368
1679
1680
1706
1707
2551
1687
1688
3278
1718
1719
2555
1695
1696
3280
1730
1731
2559
3282
1742
1743
2563
288
289
292
293
300
301
1896
296
297
306
307
1898
1175
3284
3286
3288
3261
3259
1216
1820
2314
2323
2339
290
291
312
3285
313
1900
294
295
303
304
1897
298
299
309
310
1899
315
316
1901
3289
3265
3290
3292
3294
3296
3005
1274
2369
3267
3298
3255
3007
1265
2366
3300
3302
3304
1222
3287
3009
1283
2372
3303
3011
1277
2370
3306
3301
3013
1286
2373
3308
1217
3310
3305
3312
3299
3015
1268
2341
2367
1224
3314
3313
3017
1295
2316
2376
3316
1306
3019
1347
2404
1219
3318
3315
3021
1280
2343
2371
3317
3320
3309
3025
1298
2318
2377
3322
3311
3307
3023
1289
2374
3027
1350
2405
3324
3326
3328
1308
3319
3029
1359
2408
1221
3330
3321
3031
1292
2345
2375
3323
3332
3327
3033
1301
2320
2378
3325
3035
1362
2409
3334
3336
3329
3049
1353
2406
3338
3340
1310
3331
3051
1371
2412
1223
3342
3333
3053
1304
2322
2347
2379
418
3063
3253
443
1972
417
3069
3251
446
1957
1973
3337
3339
1365
2410
3344
3346
3348
3350
3335
3065
1374
2413
3352
1305
3354
3341
3067
3349
1356
1956
2381
2407
1312
3356
3343
3071
1383
2340
2416
420
3091
3347
449
1974
419
3089
3345
452
1959
1975
1307
3083
1368
1958
2383
2411
3353
3087
1386
2342
2417
3355
3358
3360
3362
3351
3085
1377
2414
3364
3366
3368
1394
3357
3093
1435
2444
422
3101
3361
455
1976
421
3099
3359
458
1961
1977
1309
3370
3372
3374
3367
3095
1380
1960
2385
2415
3369
3376
3365
3097
1389
2344
2418
3363
3103
1438
2445
424
3111
3373
461
1978
3378
3380
3382
3384
3386
1396
3375
3105
1447
2448
423
3109
3381
3371
464
1963
1979
1311
3388
3390
3385
3107
1392
1962
2346
2387
2419
3387
3377
3113
1441
2446
3392
3383
3115
1450
2449
3394
3396
1393
3117
1444
2421
2447
3397
3393
3121
1453
2450
3398
3400
1482
3123
1523
2484
3402
3404
1398
3391
3125
1459
2452
3406
1395
3408
3401
3137
1456
2423
2451
3409
3395
3139
1462
2453
3410
3412
3405
3141
1526
2485
3414
3416
1484
3403
3143
1535
2488
3418
3399
3145
1465
2454
3420
3422
1400
3407
3153
1471
2380
2456
1397
3424
3413
3155
1468
2425
2455
3425
3411
3157
1474
2382
2457
3426
3423
3428
3415
3159
1538
2489
3430
3417
3161
1529
2486
3432
3434
1486
3419
3163
1547
2492
3436
3438
3429
3421
3165
1477
2384
2458
1399
3440
3427
3167
1480
2386
2427
2459
3441
3433
3169
1541
2490
3442
3439
3444
3431
3171
1550
2493
1481
3446
3448
3435
3173
1532
2461
2487
1488
3437
3179
1559
2420
2496
1483
3450
3452
3445
3181
1544
2463
2491
3453
3447
3187
1562
2422
2497
3454
3449
3456
3443
3183
1553
2494
3458
1570
3460
3451
3197
1611
2524
3203
1614
2525
3462
3464
1572
3205
1623
2528
1485
3466
3461
3468
3455
3207
1556
2465
2495
3457
3459
3209
1565
2424
2498
3470
3469
3472
3463
3211
1626
2529
3474
3465
3213
1617
2526
3476
3478
1574
3467
3215
1635
2532
3480
1487
3482
3473
3484
3471
3217
1568
2426
2467
2499
3485
3477
3219
1629
2530
3486
3483
3488
3475
3221
1638
2533
1569
3490
3492
3479
3223
1620
2501
2527
1576
3481
3225
1647
2460
2536
1571
3494
3496
3489
3227
1632
2503
2531
3497
3491
3231
1650
2462
2537
3498
3493
3500
3487
3229
1641
2534
3502
3504
1658
3495
3233
1699
2564
3506
1660
3235
1711
2568
3508
1662
3237
1723
2572
3510
1664
3239
1735
2500
2576
3501
3241
1702
2565
3512
3509
3243
1714
2569
3514
3511
3245
1726
2573
3247
1738
2502
2577
1573
3516
3507
3518
3499
3249
1644
2505
2535
3505
3503
3263
1653
2464
2538
3520
3513
3269
1705
2566
3522
3515
3271
1717
2570
3524
3519
3273
1729
2574
3526
3517
3275
1741
2504
2578
1575
3528
3521
3277
1656
2466
2507
2539
1657
3523
3279
1708
2541
2567
1659
3525
3281
1720
2543
2571
1745
2540
1661
3527
3283
1732
2545
2575
1746
2542
1663
3529
1744
2506
2547
2579
1747
2544
1748
2546
283
3379
302
1902
285
308
1904
287
3297
314
1878
1906
282
3295
3389
305
1891
1903
284
3293
311
1893
1905
286
3291
317
1880
1895
1907
318
1890
319
1892
320
1894
