2
1
11
10
6
5
0
19
20
23
24
37
36
46
65
45
73
76
77
89
114
122
125
126
138
163
174
175
187
212
236
261
4
3
13
12
8
7
9
4628
15
4627
14
17
16
18
4632
41
4631
40
21
4624
35
22
25
4636
26
27
4633
28
4634
30
39
29
4637
32
33
38
43
47
42
44
4645
48
4646
49
50
4643
58
59
66
31
4638
53
51
52
4650
61
4649
60
63
54
4642
57
62
64
4656
68
4655
67
70
69
71
4659
92
4658
91
34
4641
72
4639
55
74
4653
88
75
78
4663
79
80
4660
81
4661
83
82
4664
85
86
90
94
93
95
4671
97
4672
98
99
4670
107
108
115
84
4665
102
100
56
4647
96
101
4675
110
4674
109
112
103
4669
106
111
113
4681
117
4680
116
119
118
120
4684
141
4683
140
87
4668
121
4666
104
123
4678
137
124
127
4688
128
129
4685
130
4686
132
131
4689
134
135
139
143
142
144
4696
146
4697
147
148
4695
156
157
133
4690
153
164
149
105
4673
145
150
4700
159
4699
158
136
4693
151
4691
170
154
4698
194
6952
171
161
152
4694
155
160
162
4706
166
4705
165
168
167
169
4709
190
4708
189
6954
177
172
4703
186
173
178
4710
181
176
4711
179
4713
223
224
180
4714
183
184
188
192
191
193
4721
195
4722
196
197
4720
205
206
182
4715
202
213
198
199
4725
208
4724
207
6956
185
4718
200
4716
219
203
4723
243
6958
220
210
201
4719
204
209
211
4731
215
4730
214
217
216
218
4734
239
4733
238
6960
226
221
4728
235
222
227
4735
230
225
4736
228
4738
272
273
229
4739
232
233
237
241
240
242
4746
244
4747
245
246
4745
254
255
231
4740
251
262
247
248
4750
257
4749
256
6962
234
4743
249
4741
268
252
4748
292
6964
269
259
250
4744
253
258
260
4756
264
4755
263
266
265
267
4759
288
4758
287
6966
275
270
4753
284
271
276
4760
279
274
4761
277
4763
321
322
278
4764
281
282
6968
285
286
290
289
291
4771
293
4772
294
295
4770
303
304
296
297
4774
305
4775
306
280
4765
300
307
6970
310
311
6972
283
4768
298
4766
317
301
4773
341
6974
318
308
299
4769
302
309
4781
313
4780
312
315
314
316
4784
337
4783
336
6976
324
319
4778
333
320
325
4785
328
323
4786
326
4788
370
371
327
4789
330
331
6978
334
335
339
338
340
4797
343
4796
342
345
344
4795
352
346
4800
355
4799
354
353
329
4790
349
357
4626
359
360
6980
332
4793
347
4791
366
350
4798
390
6982
367
348
4794
351
356
358
4806
362
4805
361
364
4630
383
363
365
4809
386
4808
385
6984
373
368
4803
382
369
374
4810
377
372
4811
375
4813
419
420
376
4814
379
380
384
388
4644
408
387
389
4821
391
4822
392
393
4820
401
402
378
4815
398
409
394
4648
448
395
4825
404
4824
403
6986
381
4818
396
4816
415
399
4823
457
6988
416
406
397
4819
400
405
407
4831
411
4830
410
413
412
414
4834
453
4833
452
6990
422
417
4828
447
418
423
4835
426
6992
449
451
421
4836
424
4838
428
429
425
4839
465
6994
458
459
450
427
4840
466
455
454
456
4856
461
4855
460
463
462
4853
525
464
4860
483
4859
482
430
4843
431
433
439
4841
469
443
485
432
467
4852
481
484
434
4635
435
436
4845
437
486
4871
488
4870
487
438
4837
440
4847
441
471
4857
532
468
4861
470
472
4863
473
490
489
474
4651
475
491
4873
528
4872
527
476
4652
477
478
4862
479
4865
493
480
4866
492
4864
499
494
4869
524
495
500
4874
501
502
4878
543
442
4848
4842
444
4640
445
4846
496
446
4849
4850
497
526
498
4875
503
4877
505
506
504
4879
538
530
529
531
4894
534
4893
533
536
535
4892
598
507
4882
508
510
4880
539
537
4897
556
4896
555
509
511
4662
512
558
513
4884
514
540
4891
554
557
515
4876
516
559
4908
561
4907
560
517
4886
518
541
4898
542
544
4895
605
545
4900
546
563
562
547
4676
548
564
4910
601
4909
600
549
4677
550
551
4902
552
4899
566
553
4903
565
4901
572
567
4906
597
568
573
4911
574
575
4915
616
519
4881
520
4887
569
521
4667
522
4885
578
599
523
4888
570
4889
581
6996
571
4912
576
4914
579
6998
577
4916
611
603
602
604
4931
607
4930
606
6955
609
608
4929
671
6953
610
4934
629
4933
628
580
4919
583
585
4917
612
595
582
584
4687
631
586
4921
587
613
4928
627
630
588
4913
589
632
4945
634
4944
633
590
4923
591
614
4935
615
617
4932
678
618
4937
619
636
635
620
4701
621
637
4947
674
4946
673
622
4702
623
624
4939
625
4936
639
626
4940
638
4938
645
640
4943
670
641
646
4948
647
592
4918
593
4924
642
594
4922
4692
596
4925
4926
651
7000
643
648
4952
685
644
4949
649
4951
652
650
672
4953
684
7002
7004
676
675
677
4968
680
4967
679
653
4956
656
4954
689
668
6961
7006
654
6957
682
681
4966
744
6959
683
4971
702
4970
701
655
657
4712
658
704
659
4958
660
686
4965
700
703
661
4950
662
705
4982
707
4981
706
663
4960
664
687
4972
688
690
4969
751
691
4974
692
709
708
693
4726
694
710
4984
747
4983
746
695
4727
696
697
4976
698
4973
712
699
4977
711
4975
718
713
4980
743
714
719
4985
720
721
4989
762
665
4955
666
4961
715
667
4959
4717
669
4962
4963
724
745
7008
716
717
4986
722
4988
725
749
748
723
4990
757
750
5004
752
5005
753
7010
7012
754
5003
6969
726
4993
729
4991
758
741
6967
7014
727
6963
755
6965
756
5008
775
5007
774
728
730
4737
731
777
732
4995
733
759
5002
773
776
734
4987
735
778
5019
780
5018
779
736
4997
737
760
5009
761
763
5006
824
764
5011
765
782
781
766
4751
767
783
5021
820
5020
819
768
4752
769
770
5013
771
5010
785
772
5014
784
5012
791
786
5017
816
787
792
5022
793
794
5026
835
7016
817
818
822
821
823
5041
825
5042
826
827
5040
6971
738
4992
739
4998
788
740
4996
4742
742
4999
5000
797
7018
789
790
5023
795
5025
798
828
796
5027
830
829
5044
847
5045
848
7020
7022
849
7024
6979
799
5030
802
5028
831
814
6977
7026
800
6973
6975
801
803
4762
804
850
805
5032
806
832
5039
846
807
5024
808
851
5056
853
5055
852
809
5034
810
833
5046
834
836
5043
897
837
5048
838
855
854
839
4776
840
856
5058
893
5057
892
841
4777
842
843
5050
844
5047
858
845
5051
857
5049
864
859
5054
889
860
865
5059
866
811
5029
812
5035
861
813
5033
4767
815
5036
5037
870
7028
862
867
5063
908
863
5060
868
5062
871
869
7030
890
891
5064
903
7032
7034
895
894
896
5079
899
5078
898
872
5067
875
5065
904
887
6985
7036
873
6981
901
900
5077
1040
6983
902
5082
921
5081
920
874
876
4787
877
923
4829
963
878
5069
879
905
5076
919
922
880
5061
881
924
5093
926
5092
925
882
5071
883
906
5083
907
909
5080
970
910
5085
911
928
4832
927
912
4801
913
929
5095
966
5094
965
914
4802
915
916
5087
917
5084
931
918
5088
930
5086
937
932
5091
962
933
938
5096
939
940
5100
977
964
884
5066
885
5072
934
886
5070
4792
888
5073
5074
943
7038
935
968
4854
967
969
5116
972
5115
971
936
5097
941
5099
944
942
5101
976
6995
974
4858
993
7040
994
7042
6993
973
5114
1000
1001
945
5104
948
5102
960
6991
7044
946
6987
6989
975
5119
996
5118
995
947
949
4812
950
998
951
5106
952
978
5113
992
997
953
5098
954
999
5131
1003
5130
1002
955
5108
956
979
5120
980
957
5103
958
982
5117
1049
959
4817
981
983
5122
984
5109
1011
1005
1004
985
4826
986
1006
5134
1045
5133
1044
987
4827
988
5107
989
5124
990
5121
1008
991
5125
1007
5123
1014
1009
5128
1039
1010
1015
5135
1016
7046
1041
1043
1017
5139
1062
7048
1050
1051
961
5110
5111
1020
7050
1012
1042
1013
5136
1018
5138
1021
1019
5140
1057
1047
1046
1048
5156
1053
5155
1052
7052
1023
1055
1054
5153
1117
1056
5160
1075
5159
1074
1022
5143
1025
1027
5141
1058
1024
1026
4844
1077
1028
5145
1029
1059
5152
1073
1076
1030
5137
1031
1078
5171
1080
5170
1079
1032
5147
1033
1060
5161
1061
1063
5157
1124
1064
5163
1065
1082
1081
1066
4867
1067
1083
5173
1120
5172
1119
1068
4868
1069
1070
5165
1071
5162
1085
1072
5166
1084
5164
1091
1086
5169
1116
1087
1092
5174
1093
1094
5178
1135
1034
5142
1035
5148
1088
1036
4851
1037
5146
1038
5149
1089
5150
1097
1090
5175
1095
5177
1098
1096
1099
5182
1100
1102
5180
1131
1118
5179
1130
7054
7056
1101
1103
4883
1104
1105
5184
1106
1107
5176
1108
1109
5186
1110
1111
5181
1112
1122
1113
4890
1114
1121
1115
5189
5188
1123
5194
1126
5193
1125
7058
6999
1128
1127
5192
1190
6997
1129
5197
1148
5196
1147
1150
1132
5191
1146
1149
1151
5208
1153
5207
1152
1133
5198
1134
1136
5195
1197
1137
5200
1138
5187
1161
1155
1154
1139
4904
1140
1156
5210
1193
5209
1192
1141
4905
1142
5185
1143
5202
1144
5199
1158
1145
5203
1157
5201
1164
2119
1159
5206
1189
1160
1165
5211
1166
7060
1162
1167
5215
1208
1163
5212
1168
5214
1170
1171
1169
1191
5216
1203
7062
7064
1195
1194
1196
5231
1199
5230
1198
1172
5219
1173
1175
5217
1204
7005
7007
1201
1200
5229
1263
7003
1202
5234
1221
5233
1220
1174
1176
4920
1177
1223
1178
5221
1179
1205
5228
1219
1222
1180
5213
1181
1224
5245
1226
5244
1225
1182
5223
1183
1206
5235
1207
1209
5232
1270
1210
5237
1211
1228
1227
1212
4941
1213
1229
5247
1266
5246
1265
1214
4942
1215
1216
5239
1217
5236
1231
1218
5240
1230
5238
1237
1232
5243
1262
1233
7001
1238
5248
1239
1184
5218
1185
5224
1234
1186
4927
1187
5222
1188
5225
5226
7066
7068
1235
1240
5252
1281
1236
5249
1241
5251
1243
1244
1242
1264
5253
1276
7070
7072
1268
1267
1269
5268
1272
5267
1271
1245
5256
1246
1248
5254
1277
7013
7015
1274
1273
5266
1336
7011
1275
5271
1294
5270
1293
1247
1249
4957
1250
1296
1251
5258
1252
1278
5265
1292
1295
1253
5250
1254
1297
5282
1299
5281
1298
1255
5260
1256
1279
5272
1280
1282
5269
1343
1283
5274
1284
1301
1300
1285
4978
1286
1302
5284
1339
5283
1338
1287
4979
1288
1289
5273
1290
5276
1304
1291
5277
1303
5275
1310
1305
5280
1335
7009
1306
1257
5255
1258
5261
1307
1259
4964
1260
5259
1261
5262
5263
7074
7076
1308
1311
5285
1314
1309
5286
1312
5288
1316
1317
1313
5289
1354
1337
1341
1340
1342
5304
1344
5305
1345
1315
5290
1349
7078
7080
1346
5303
7017
1318
5293
1319
1321
5291
1350
1347
7023
7027
1348
5308
1367
5307
1366
7021
1369
1320
1351
5302
1365
1368
1322
4994
1323
1324
5295
1325
1370
5319
1372
5318
1371
1326
5287
1327
1328
5297
1329
1352
5309
1353
1355
5306
1416
1374
1373
1356
5311
1357
1375
5321
1412
5320
1411
1358
5015
1359
1360
5016
1361
1362
5313
1376
5310
1363
1378
5317
1408
1364
5314
1377
5312
1383
1379
1384
5322
1385
1386
5326
1427
7082
1409
1410
1414
1413
1415
5341
1417
5342
1418
1419
5340
7025
7019
1330
5292
1331
5298
1380
1332
5001
1333
5296
1334
5299
5300
7084
7086
1381
1382
5323
1387
5325
1389
1390
1420
1388
5327
1422
1421
5344
1439
5345
1440
7088
7090
1441
7092
7031
1391
5330
1392
1394
5328
1423
7035
7037
7033
1393
1395
5031
1396
1442
1397
5332
1398
1424
5339
1438
1399
5324
1400
1443
5356
1445
5355
1444
1401
5334
1402
1425
5346
1426
1428
5343
1489
1429
5348
1430
1447
1446
1431
5052
1432
1448
5358
1485
5357
1484
1433
5053
1434
1435
5347
1436
5350
1450
1437
5351
1449
5349
1456
1451
5354
1481
7029
1452
1403
5329
1404
5335
1453
1405
5038
1406
5333
1407
5336
5337
7094
7096
1454
1457
5359
1460
1455
5360
1458
5362
1462
1463
1459
5363
1500
7098
1482
1483
1461
5364
1495
7100
7102
1487
1486
1488
5379
1491
5378
1490
1464
5367
1465
1467
5365
1496
1493
1492
5377
1632
7043
7045
1494
5382
1513
5381
1512
7041
1515
5129
1555
1466
1497
5376
1511
1514
1468
5068
1469
1470
5369
1471
1516
5393
1518
5392
1517
1472
5361
1473
1474
5371
1475
1498
5383
1499
1501
5380
1562
1520
5132
1592
1519
1502
5385
1503
1521
5395
1558
5394
1557
1504
5089
1505
1506
5090
1507
1508
5387
1522
5384
1509
1524
5391
1554
1510
5388
1523
5386
1529
1525
1530
5396
1531
1532
5400
1573
1556
7039
1476
5366
1477
5372
1526
1478
5075
1479
5370
1480
5373
5374
7104
7106
1527
1560
5154
1559
1561
5416
1564
5415
1563
1528
5397
1533
5399
1535
1536
1566
5158
1534
5401
1568
7049
1565
5414
1585
1586
7047
1593
1537
5404
1538
1540
5402
1569
1604
7053
1567
5419
1588
5418
1587
1539
1541
5105
1542
1590
1543
5406
1544
1570
5413
1584
1589
1545
5398
1546
1591
5431
1595
5430
1594
1547
5408
1548
1571
5420
1572
1574
5417
1641
1575
5422
1576
1597
1596
1577
5126
1578
1598
5434
1637
5433
1636
1579
5127
1580
1581
5421
1582
5424
1600
1583
5425
1599
5423
1606
1601
5428
1631
1602
1607
5435
1610
1549
5409
1603
5403
1550
7108
1633
1635
1605
5436
1608
5438
1613
1609
5439
1654
7110
1642
1643
1634
7112
7114
1611
5440
1649
1639
1638
1640
5456
1645
5455
1644
7051
1647
1646
5453
1709
7057
1648
5460
1667
5459
1666
7055
1551
5112
1552
5407
1615
1553
5411
1612
5410
1617
1614
5443
1619
5441
1650
1627
1669
1616
1651
5452
1665
1668
1618
5144
1620
5445
1621
1670
5471
1672
5470
1671
1622
5437
1623
1624
5447
1625
1652
5461
1653
1655
5457
1716
1674
1673
1656
5463
1657
1675
5473
1712
5472
1711
1658
5167
1659
1660
5168
1661
1662
5465
1676
5462
1663
1678
5469
1708
1664
5466
1677
5464
1683
1679
1684
5474
1685
1686
5478
1727
1626
5448
1680
5442
1628
5151
1629
5446
1710
1630
5450
1681
5449
7116
1682
5475
1687
5477
1690
7118
1688
5479
1722
1714
1713
1715
5494
1718
5493
1717
7120
1689
7065
7122
1692
7061
1720
1719
5492
1782
7063
1721
5497
1740
5496
1739
1691
5482
1694
5480
1723
1693
1695
5183
1696
1742
1697
5484
1698
1724
5491
1738
1741
1699
5476
1700
1743
5508
1745
5507
1744
1701
5486
1702
1725
5498
1726
1728
5495
1789
1729
5500
1730
1747
1746
1731
5204
1732
1748
5510
1785
5509
1784
1733
5205
1734
1735
5499
1736
5502
1750
1737
5503
1749
5501
1756
1751
5506
1781
7059
1752
1703
5481
1704
5487
1753
1705
5190
1706
5485
1707
5488
5489
1762
7124
1754
1757
5511
1760
1755
5512
1758
5514
1763
1759
5515
1800
1783
7126
7128
1761
5516
1795
1787
1786
1788
5531
1791
5530
1790
1793
1792
5529
1855
7073
7130
1765
7069
1794
5534
1813
5533
1812
7071
1764
5519
1767
5517
1796
1815
1766
1797
5528
1811
1814
1768
5220
1769
1770
5521
1771
1816
5545
1818
5544
1817
1772
5513
1773
1774
5523
1775
1798
5535
1799
1801
5532
1862
1820
1819
1802
5537
1803
1821
5547
1858
5546
1857
1804
5241
1805
1806
5242
1807
1808
5539
1822
5536
1809
1824
5543
1854
1810
5540
1823
5538
1829
1825
1830
5548
1831
7067
1832
5552
1873
1776
5518
1777
5524
1826
1778
5227
1779
5522
1780
5525
5526
1835
7132
1827
1856
7134
1828
5549
1833
5551
1836
7136
1834
5553
1868
1860
1859
1861
5568
1864
5567
1863
7081
7138
1838
7077
1866
1865
5566
1928
7079
1867
5571
1886
5570
1885
1837
5556
1840
5554
1869
1839
1841
5257
1842
1888
1843
5558
1844
1870
5565
1884
1887
1845
5550
1846
1889
5582
1891
5581
1890
1847
5560
1848
1871
5572
1872
1874
5569
1935
1875
5574
1876
1893
1892
1877
5278
1878
1894
5584
1931
5583
1930
1879
5279
1880
1881
5573
1882
5576
1896
1883
5577
1895
5575
1902
1897
5580
1927
7075
1898
1849
5555
1850
5561
1899
1851
5264
1852
5559
1853
5562
5563
1908
7140
1900
1903
5585
1906
1901
5586
1904
5588
1909
1905
5589
1946
1929
1933
1932
1934
5604
1936
5605
1937
7142
7144
1938
5603
7083
1907
5590
1941
1939
7091
7146
1911
7087
1940
5608
1959
5607
1958
7089
1910
5593
1913
5591
1942
1961
1912
1943
5602
1957
1960
1914
5294
1915
1916
5595
1917
1962
5619
1964
5618
1963
1918
5587
1919
1920
5597
1921
1944
5609
1945
1947
5606
2008
1966
1965
1948
5611
1949
1967
5621
2004
5620
2003
1950
5315
1951
1952
5316
1953
1954
5613
1968
5610
1955
1970
5617
2000
1956
5614
1969
5612
1975
1971
1976
5622
1977
1978
5626
2019
7148
2001
2002
2006
2005
2007
5641
2009
5642
2010
2011
5640
7093
7085
1922
5592
1923
5598
1972
1924
5301
1925
5596
1926
5599
5600
1981
7150
1973
2012
2013
5644
2031
5645
2032
7152
1974
5623
1979
5625
1982
7154
2033
1980
5627
2014
7156
7099
7103
7158
1984
7097
7101
1983
5630
1986
5628
2015
1985
1987
5331
1988
2034
1989
5632
1990
2016
5639
2030
1991
5624
1992
2035
5656
2037
5655
2036
1993
5634
1994
2017
5646
2018
2020
5643
2081
2021
5648
2022
2039
2038
2023
5352
2024
2040
5658
2077
5657
2076
2025
5353
2026
2027
5647
2028
5650
2042
2029
5651
2041
5649
2048
2043
5654
2073
7095
2044
1995
5629
1996
5635
2045
1997
5338
1998
5633
1999
5636
5637
2054
7160
2046
2049
5659
2052
2047
5660
2050
5662
2055
2051
5663
2092
7162
2074
2075
2053
5664
2087
2079
2078
2080
5679
2083
5678
2082
7164
2057
7107
2085
2084
5677
2224
2086
5682
2105
5681
2104
2056
5667
2059
5665
2088
2128
2058
2060
5368
2061
2107
5429
2147
2062
5669
2063
2089
5676
2103
2106
2064
5661
2065
2108
5693
2110
5692
2109
2066
5671
2067
7105
2090
5683
2091
2093
5680
2154
2094
5685
2095
2112
5432
2184
2111
2096
5389
2097
2068
5666
2069
5672
2113
5695
2150
5694
2149
2070
5375
2071
2098
5390
5670
2118
2072
5674
2099
5673
2127
2100
5687
2101
5684
2115
2102
5686
2114
5688
2121
2195
2204
2116
5691
2146
2117
2122
5696
2160
2120
5697
2123
5699
2273
2124
5700
2125
2148
2152
5454
2151
2153
5716
2156
5715
2155
2158
5458
7111
2157
5714
2177
7166
2178
7168
7109
2126
5701
2161
2185
7115
7113
2159
5719
2180
5718
2179
2129
5704
2130
2132
2134
5702
2164
2182
2131
2162
5713
2176
2181
2133
5405
2135
5706
2136
2183
5731
2187
5730
2186
2137
5698
2138
2139
5708
2140
2166
5717
2233
2163
5720
2165
2167
5722
2168
2189
2188
2169
5426
2170
2190
5734
2229
5733
2228
2171
5427
2172
2173
5721
2174
5724
2192
2175
5725
2191
5723
2198
2193
5728
2223
2194
2199
5735
2200
7170
2225
2227
2201
5739
2246
7172
2234
2235
7174
2226
7176
2141
5703
2142
5709
2207
7178
2143
5412
2144
5707
2145
5710
2196
5711
2209
2197
5736
2202
5738
2205
2203
5740
2241
2231
7180
2230
2232
5756
2237
5755
2236
7119
7123
2239
2238
5753
2301
7117
2240
5760
2259
5759
2258
2206
5743
2215
5741
2242
2219
2208
2210
5444
2211
2261
2212
5745
2213
2243
5752
2257
2260
2214
5737
2281
2262
5771
2264
5770
2263
2216
5747
2217
2244
5761
2245
2247
5757
2308
2248
5763
2249
2266
2265
2250
5467
2251
2267
5773
2304
5772
2303
2252
5468
2253
2254
5765
2255
5762
2275
2256
5764
2268
5766
2269
2270
5769
2300
2271
7182
2272
2276
5774
2314
2274
5775
2277
5777
2419
2278
5778
2279
2302
7184
7186
2306
2305
7121
2280
5779
2315
2307
5794
2310
5793
2309
7129
2312
2218
5742
2284
5748
2220
5451
2221
5746
2311
5792
2374
2222
5750
5749
2286
7127
7131
7188
2282
2313
5797
2332
5796
2331
2334
2285
2316
5791
2330
2283
5780
2318
5782
2296
2333
2287
5483
2288
2289
5784
2290
2335
5808
2337
5807
2336
2291
5776
2292
2293
5786
2294
2320
5795
2381
2317
5798
2319
2321
5800
2322
2339
2338
2323
5504
2324
2340
5810
2377
5809
2376
2325
5505
2326
2327
5799
2328
5802
2342
2329
5803
2341
5801
2348
2343
5806
2373
2344
2349
5811
2350
7125
2351
5815
2392
2295
5781
2345
5787
2357
2297
5490
2298
5785
2299
5789
5788
2359
7190
2346
2375
7192
7194
2347
5812
2352
5814
2355
2353
5816
2387
2379
2378
2380
5831
2383
5830
2382
7196
2354
7137
7139
2385
2384
5829
2447
7135
2386
5834
2405
5833
2404
2356
5819
2365
5817
2388
2369
2358
2360
5520
2361
2407
2362
5821
2363
2389
5828
2403
2406
2364
5813
2427
2408
5845
2410
5844
2409
2366
5823
2367
2390
5835
2391
2393
5832
2454
2394
5837
2395
2412
2411
2396
5541
2397
2413
5847
2450
5846
2449
2398
5542
2399
2400
5839
2401
5836
2421
2402
5838
2414
5840
2415
2416
5843
2446
2417
7198
2418
2422
5848
2460
2420
5849
2423
5851
2565
2424
5852
2425
2448
7200
7202
2452
2451
7133
2426
5853
2461
2453
5868
2456
5867
2455
7145
2458
2368
5818
2430
5824
2370
5527
2371
5822
2457
5866
2520
2372
5826
5825
2432
7143
7147
7204
2428
2459
5871
2478
5870
2477
2480
2431
2462
5865
2476
2429
5854
2464
5856
2442
2479
2433
5557
2434
2435
5858
2436
2481
5882
2483
5881
2482
2437
5850
2438
2439
5860
2440
2466
5869
2527
2463
5872
2465
2467
5874
2468
2485
2484
2469
5578
2470
2486
5884
2523
5883
2522
2471
5579
2472
2473
5873
2474
5876
2488
2475
5877
2487
5875
2494
2489
5880
2519
2490
2495
5885
2496
2497
5889
2538
2521
7141
2441
5855
2491
5861
2503
2443
5564
2444
5859
2445
5863
5862
2505
2525
7206
2492
2524
2526
5904
2528
5905
2529
7208
7210
2493
5886
2498
5888
2501
2530
5903
7149
2499
5890
2533
7212
2500
7155
7159
2531
7153
2532
5908
2551
5907
2550
2502
5893
2511
5891
2534
2515
2504
2506
5594
2507
2553
2508
5895
2509
2535
5902
2549
2552
2510
5887
2573
2554
5919
2556
5918
2555
2512
5897
2513
2536
5909
2537
2539
5906
2600
2540
5911
2541
2558
2557
2542
5615
2543
2559
5921
2596
5920
2595
2544
5616
2545
2546
5913
2547
5910
2567
2548
5912
2560
5914
2561
2562
5917
2592
2563
7214
2564
2568
5922
2606
2566
5923
2569
5925
2710
2711
2570
5926
2571
7216
2593
2594
2598
2597
2599
5941
2601
5942
2602
2603
5940
7157
2604
2605
5944
2623
5945
2624
2625
7218
7163
7151
2572
5927
2607
2514
5892
2576
5898
2516
5601
2517
5896
2518
5900
5899
2578
7165
7220
2574
2626
2577
2608
5939
2622
2575
5928
2610
5930
2638
2588
2579
5631
2580
2581
5932
2582
2627
5956
2629
5955
2628
2583
5924
2584
2585
5934
2586
2612
5943
2673
2609
5946
2611
2613
5948
2614
2631
2630
2615
5652
2616
2632
5958
2669
5957
2668
2617
5653
2618
2619
5947
2620
5950
2634
2621
5951
2633
5949
2640
2635
5954
2665
2636
2641
5959
2642
2643
5963
2684
7222
2666
2667
7224
7226
2587
5929
2637
5935
2649
2639
5960
2644
5962
2647
2645
5964
2679
2671
2670
2672
5979
2675
5978
2674
7161
7169
2677
2676
5977
2816
7167
2678
5982
2697
5981
2696
2589
5638
2590
5933
2651
2591
5937
2646
5936
2653
2648
5967
2657
5965
2680
2650
2652
5668
2699
5729
2739
2654
5969
2655
2681
5976
2695
2698
2656
5961
2787
2700
5993
2702
5992
2701
2658
5971
2659
2682
5983
2683
2685
5980
2746
2686
5985
2687
2704
5732
2776
2703
2688
5689
2689
2705
5995
2742
5994
2741
2690
5690
2691
2692
5987
2693
5984
2713
2694
5986
2706
5988
2707
2708
5991
2738
2709
2714
5996
2717
2712
5997
2715
5999
2719
2720
2716
6000
2756
2740
2744
5754
2743
2745
6016
2748
6015
2747
2750
5758
7173
2749
6014
2769
2718
6001
2753
7228
2770
7230
7171
2777
2721
6004
2722
6002
2752
2724
2730
2734
7179
7177
7175
2751
6019
2772
6018
2771
2774
2723
2754
6013
2768
2773
2725
5705
2726
2727
6006
2728
2775
6031
2779
6030
2778
2729
5998
2864
2731
6008
2732
2758
6017
2825
2755
6020
2757
2759
6022
2760
2781
2780
2761
5726
2762
2782
6034
2821
6033
2820
2763
5727
2764
2765
6021
2766
6024
2784
2767
6025
2783
6023
2790
2785
6028
2815
2786
2791
6035
2792
7232
2817
2819
2793
6039
2838
2660
5972
2788
5966
2661
7234
2826
2827
2789
6036
2794
6038
2796
2797
2795
2818
6040
2833
7236
7238
2823
2822
2824
6056
2829
6055
2828
2798
6043
2799
2801
2807
6041
2834
7187
7183
2831
2830
6053
2893
7185
2832
6060
2851
6059
2850
2800
2802
5744
2803
2853
2804
6045
2805
2835
6052
2849
2852
2806
6037
2937
2854
6071
2856
6070
2855
2808
6047
2809
2836
6061
2837
2839
6057
2900
2840
6063
2841
2858
2857
2842
5767
2843
2859
6073
2896
6072
2895
2844
5768
2845
2846
6065
2847
6062
2867
2848
6064
2860
6066
2861
2862
6069
2892
7181
2863
2733
6003
6009
2735
5712
2736
6007
2737
6010
6011
7240
7242
2865
2868
6074
2871
2866
6075
2869
6077
2873
2874
2870
6078
2910
2894
2872
6079
2907
7244
7246
2898
2897
2899
6094
2902
6093
2901
2875
6082
2876
6080
2906
2878
2884
2888
7195
2904
2903
6092
2966
7193
7197
2905
6097
2924
6096
2923
2926
2877
2908
6091
2922
2925
2879
5783
2880
2881
6084
2882
2927
6108
2929
6107
2928
2883
6076
3010
2885
6086
2886
2912
6095
2973
2909
6098
2911
2913
6100
2914
2931
2930
2915
5804
2916
2932
6110
2969
6109
2968
2917
5805
2918
2919
6099
2920
6102
2934
2921
6103
2933
6101
2940
2935
6106
2965
2936
7189
2941
6111
2942
2810
6042
2811
6048
2812
5751
2813
6046
2814
6049
6050
7248
7250
2938
2943
6115
2984
2939
6112
2944
6114
2946
2947
2945
2967
6116
2979
7252
7254
2971
2970
2972
6131
2975
6130
2974
2948
6119
2949
2951
2957
6117
2980
7203
7199
2977
2976
6129
3039
7201
2978
6134
2997
6133
2996
2950
2952
5820
2953
2999
2954
6121
2955
2981
6128
2995
2998
2956
6113
3083
3000
6145
3002
6144
3001
2958
6123
2959
2982
6135
2983
2985
6132
3046
2986
6137
2987
3004
3003
2988
5841
2989
3005
6147
3042
6146
3041
2990
5842
2991
2992
6139
2993
6136
3013
2994
6138
3006
6140
3007
3008
6143
3038
7191
3009
2887
6081
6087
2889
5790
2890
6085
2891
6088
6089
7256
7258
3011
3014
6148
3017
3012
6149
3015
6151
3019
3020
3016
6152
3056
3040
3018
6153
3053
7260
7262
3044
3043
3045
6168
3048
6167
3047
3021
6156
3022
6154
3052
3024
3030
3034
7211
3050
3049
6166
3112
7209
7213
3051
6171
3070
6170
3069
3072
3023
3054
6165
3068
3071
3025
5857
3026
3027
6158
3028
3073
6182
3075
6181
3074
3029
6150
3031
6160
3032
3058
6169
3119
3055
6172
3057
3059
6174
3060
3077
3076
3061
5878
3062
3078
6184
3115
6183
3114
3063
5879
3064
3065
6173
3066
6176
3080
3067
6177
3079
6175
3086
3081
6180
3111
3082
3087
6185
3088
3089
6189
3130
7205
2960
6118
2961
6124
2962
5827
2963
6122
2964
6125
6126
3113
7264
7266
3084
3085
6186
3090
6188
3092
3093
3117
3116
3091
6190
3125
3118
6204
3120
6205
3121
3122
6203
7217
3094
6193
3095
3097
3103
6191
3126
3157
7215
3123
3124
6208
3143
6207
3142
3096
3098
5894
3099
3145
3100
6195
3101
3127
6202
3141
3144
3102
6187
3156
3146
6219
3148
6218
3147
3104
6197
3105
3128
6209
3129
3131
6206
3192
3132
6211
3133
3150
3149
3134
5915
3135
3151
6221
3188
6220
3187
3136
5916
3137
3138
6213
3139
6210
3153
3140
6214
3152
6212
3159
3154
6217
3184
3155
3160
6222
3161
3162
6226
3203
7268
3185
3186
3190
3189
3191
6241
3193
6242
3194
3195
6240
7219
3196
3197
6244
3215
6245
3216
7270
7272
3217
3158
6223
3163
6225
3166
7274
7223
3164
6227
3198
7221
7227
7225
3106
6192
3107
6198
3176
3108
5901
3109
6196
3168
3110
6200
3165
6199
3170
3169
3167
6228
3199
6230
3182
3171
5931
3172
3218
3173
6232
3174
3200
6239
3214
3175
6224
3229
3219
6256
3221
6255
3220
3177
6234
3178
3201
6246
3202
3204
6243
3265
3205
6248
3206
3223
3222
3207
5952
3208
3224
6258
3261
6257
3260
3209
5953
3210
3211
6250
3212
6247
3226
3213
6251
3225
6249
3232
3227
6254
3257
3228
3233
6259
3234
3235
6263
3276
3179
6229
3180
6235
3243
3181
6233
3238
5938
3183
6236
6237
7276
3230
7278
3258
3259
7280
7282
3231
6260
3236
6262
3239
3237
6264
3271
3263
7284
3262
3264
6279
3267
6278
3266
7231
7286
3241
7285
3269
3268
6277
3408
7229
3270
6282
3289
6281
3288
3240
6267
3249
6265
3272
3253
3242
3244
5968
3245
3291
6029
3331
3246
6269
3247
3273
6276
3287
3290
3248
6261
3302
3292
6293
3294
6292
3293
3250
6271
3251
3274
6283
3275
3277
6280
3338
3278
6285
3279
3296
6032
3368
3295
3280
5989
3281
3297
6295
3334
6294
3333
3282
5990
3283
3284
6287
3285
6284
3299
3286
6288
3298
6286
3305
3300
6291
3330
3301
3306
6296
3307
3308
6300
3349
3332
2662
5675
2663
5970
2664
5973
5974
7288
3336
6054
7289
3335
3337
6316
3340
6315
3339
3252
6272
6266
3311
3254
5975
3255
6270
3342
6058
3256
6274
6273
3316
7290
3303
7235
3341
6314
3361
7292
3362
7294
3304
6297
3309
6299
3312
7233
3369
3310
6301
3344
7239
7296
3314
7243
7237
3343
6319
3364
6318
3363
3313
6304
3322
6302
3345
3326
3315
3317
6005
3318
3366
3319
6306
3320
3346
6313
3360
3365
3321
6298
3379
3367
6331
3371
6330
3370
3323
6308
3324
3347
6320
3348
3350
6317
3417
3351
6322
3352
3373
3372
3353
6026
3354
3374
6334
3413
6333
3412
3355
6027
3356
3357
6324
3358
6321
3376
3359
6325
3375
6323
3382
3377
6328
3407
3378
3383
6335
3384
7298
3409
3411
7241
3385
6339
3430
7300
3418
3419
3325
6309
6303
3388
3327
6012
3328
6307
3329
6311
6310
3393
7302
3380
3410
7304
7306
3381
6336
3386
6338
3389
3387
6340
3425
3415
3414
3416
6356
3421
6355
3420
7247
7308
3391
7251
3423
3422
6353
3485
7245
3424
6360
3443
6359
3442
3390
6343
3399
6341
3426
3403
3392
3394
6044
3395
3445
3396
6345
3397
3427
6352
3441
3444
3398
6337
3456
3446
6371
3448
6370
3447
3400
6347
3401
3428
6361
3429
3431
6357
3492
3432
6363
3433
3450
3449
3434
6067
3435
3451
6373
3488
6372
3487
3436
6068
3437
3438
6365
3439
6362
3453
3440
6366
3452
6364
3459
3454
6369
3484
3455
3460
6374
3461
7249
3462
6378
3503
3402
6348
6342
3465
3404
6051
3405
6346
3406
6350
6349
3470
7310
3457
3486
7312
7314
3458
6375
3463
6377
3466
3464
6379
3498
3490
3489
3491
6394
3494
6393
3493
7255
7316
3468
7259
3496
3495
6392
3558
7253
3497
6397
3516
6396
3515
3467
6382
3476
6380
3499
3480
3469
3471
6083
3472
3518
3473
6384
3474
3500
6391
3514
3517
3475
6376
3529
3519
6408
3521
6407
3520
3477
6386
3478
3501
6398
3502
3504
6395
3565
3505
6400
3506
3523
3522
3507
6104
3508
3524
6410
3561
6409
3560
3509
6105
3510
3511
6402
3512
6399
3526
3513
6403
3525
6401
3532
3527
6406
3557
3528
3533
6411
3534
7257
3535
6415
3576
3479
6387
6381
3538
3481
6090
3482
6385
3483
6389
6388
3543
7318
3530
3559
7320
7322
3531
6412
3536
6414
3539
3537
6416
3571
3563
3562
3564
6431
3567
6430
3566
7263
7324
3541
7267
3569
3568
6429
3631
7261
3570
6434
3589
6433
3588
3540
6419
3549
6417
3572
3553
3542
3544
6120
3545
3591
3546
6421
3547
3573
6428
3587
3590
3548
6413
3602
3592
6445
3594
6444
3593
3550
6423
3551
3574
6435
3575
3577
6432
3638
3578
6437
3579
3596
3595
3580
6141
3581
3597
6447
3634
6446
3633
3582
6142
3583
3584
6439
3585
6436
3599
3586
6440
3598
6438
3605
3600
6443
3630
3601
3606
6448
3607
3608
6452
3649
7265
3552
6424
6418
3611
3554
6127
3555
6422
3556
6426
6425
3616
7326
3603
3632
3604
6449
3609
6451
3612
3636
3610
6453
3644
3635
3637
6468
3640
6467
3639
7328
3642
3641
6466
3704
7330
3614
7329
3643
6471
3662
6470
3661
3613
6456
3622
6454
3645
3626
3676
3664
3615
3646
6465
3660
3663
3617
6157
3618
3619
6458
3620
3665
6482
3667
6481
3666
3621
6450
3623
6460
3624
3647
6472
3648
3650
6469
3711
3669
3668
3651
6474
3652
3670
6484
3707
6483
3706
3653
6178
3625
6455
3654
6461
3687
3655
6179
3656
3657
6473
3671
6476
3658
3673
6480
3703
3659
6477
3672
6475
3678
3674
3679
6485
3680
3681
6489
3722
7207
3033
6155
6161
3035
5864
3036
6159
3705
3037
6162
6163
7332
7333
3709
3708
3710
6504
3712
6505
3713
7334
3627
6459
3675
6164
3628
7336
3677
6486
3682
6488
3685
3714
6503
7269
3683
6490
3717
7273
3715
7271
3716
6508
3735
6507
3734
3629
6462
3684
6463
3689
3686
6493
3691
6491
3718
3688
3690
6194
3737
3692
6495
3693
3719
6502
3733
3736
3694
6487
3695
3738
6519
3740
6518
3739
3696
6497
3697
3720
6509
3721
3723
6506
3784
3724
6511
3725
3742
3741
3726
6215
3727
3743
6521
3780
6520
3779
3728
6216
3729
3730
6513
3731
6510
3745
3732
6514
3744
6512
3751
3746
6517
3776
3747
3752
6522
3753
3754
6526
3795
7338
3777
3778
3782
3781
3783
6541
3785
6542
3786
3787
6540
7275
3788
3789
6544
3807
6545
3808
7340
7342
3698
6492
3699
6498
3748
3700
6496
3749
6201
3701
3809
3750
6523
3755
6525
3758
7344
7279
3756
6527
3790
7346
3702
6500
3757
6499
3762
7283
7348
3760
7287
7281
3761
3759
6528
3791
6530
3763
6231
3764
3810
3765
6532
3766
3792
6539
3806
3767
6524
3768
3811
6556
3813
6555
3812
3769
6534
3770
3793
6546
3794
3796
6543
3857
3797
6548
3798
3815
3814
3799
6252
3800
3816
6558
3853
6557
3852
3801
6253
3802
3803
6550
3804
6547
3818
3805
6551
3817
6549
3824
3819
6554
3849
3820
3825
6559
3826
3827
6563
3868
7277
3771
6529
3772
6535
3821
3773
6238
3774
6533
3775
6537
3830
6536
3835
7350
3822
7352
3850
3851
7354
7356
3823
6560
3828
6562
3831
3855
3829
6564
3863
3854
3856
6579
3859
6578
3858
7295
7358
3833
7297
3861
3860
6577
4010
7293
3862
6582
3881
6581
3880
3834
3832
6565
3864
6567
3836
6268
3837
3883
6329
3923
3838
6569
3839
3865
6576
3879
3882
3840
6561
3841
3884
6593
3886
6592
3885
3842
6571
3843
3866
6583
3867
3869
6580
3930
3870
6585
3871
3888
6332
3887
3872
6289
3873
3889
6595
3926
6594
3925
3874
6290
3875
3876
6587
3877
6584
3891
3878
6588
3890
6586
3897
3892
6591
3922
3893
3898
6596
3899
3900
6600
3941
3924
3928
6354
4001
3927
3929
6616
3932
6615
3931
3934
6358
7301
7291
3844
6566
3845
6572
3894
3846
6275
3847
6570
3848
6574
3903
6573
3908
7360
3895
3933
6614
3953
7362
3954
7364
3935
6618
3955
6619
3956
3896
6597
3901
6599
3904
7299
3957
4625
3960
3961
3902
6601
3936
7307
7366
3906
7309
7305
3907
3905
6602
3937
6604
3909
6305
3910
3958
3911
6606
3912
3938
6613
3952
3913
6598
3914
3959
6631
3963
6630
3962
3915
6608
3916
3939
6620
3940
3942
6617
4009
3943
6622
3944
3965
3964
4629
4000
3945
6326
3946
3966
6634
4005
6633
4004
3947
6327
3948
3949
6624
3950
6621
3968
3951
6625
3967
6623
3974
3969
6628
3999
3970
3975
6635
3976
7303
4003
3917
6603
3918
6609
3971
3977
6639
4022
3919
6312
3920
6607
3921
6611
3980
6610
3985
4011
7368
3972
7370
7372
4002
3973
6636
3978
6638
3981
3979
6640
4017
4007
4006
7315
7374
3983
7317
4008
6656
4013
6655
4012
7313
4015
3984
4014
6653
4170
3982
6641
4018
6643
3986
6344
3987
4016
6660
4045
6659
4044
3988
6645
3989
3990
6637
3991
4019
6652
4043
3992
6647
3993
4020
6661
4021
7311
4023
6657
4094
4024
6663
4025
4026
6367
4027
4047
4046
4654
4028
6368
4029
3994
6642
3995
6648
4033
3996
6351
3997
6646
4048
6674
4050
6673
4049
4030
6665
4031
6662
3998
6650
4067
6649
4072
4032
6666
4035
6664
4034
4036
6667
4037
4039
6670
4054
4038
6668
4061
6669
4058
4052
4051
4657
4087
4040
6671
4055
4053
6676
4090
6675
4089
4056
6672
4086
4057
4062
6677
4063
4064
6681
4105
4041
6651
4059
4060
6678
4065
6680
4068
4088
4066
6682
4100
4092
4091
7323
7325
4042
6644
4070
4093
6697
4096
6696
4095
7321
4098
4071
4069
6685
6683
4101
4097
6695
4073
6383
4074
4099
6700
4128
6699
4127
4075
6687
4076
4077
6679
4078
4102
6694
4126
4079
6689
4080
7319
4103
6701
4104
4106
6698
4177
4130
4129
4679
4107
6703
4108
4131
6714
4133
6713
4132
4109
6404
4110
4081
6684
4082
6690
4116
4083
6390
4084
4111
6405
4112
6688
4085
6692
4150
6691
4155
4113
6702
4118
6705
4114
4117
4119
6707
4286
4135
4134
4682
4122
6710
4138
4136
6716
4173
6715
4172
4115
6704
4120
6706
4284
4121
6708
4137
6709
4141
4139
6712
4169
4140
4123
6711
4144
4145
6717
4146
4147
6721
4188
4124
6693
4142
4171
4143
6718
4148
6720
4151
4149
6722
4183
4175
4174
7331
4125
6686
4153
4176
6737
4179
6736
4178
4181
4154
4180
6735
4253
4152
6723
4184
6725
4156
6420
4157
4182
6740
4211
6739
4210
4158
6727
4159
4160
6719
4161
4185
6734
4209
4162
6729
4163
4186
6741
4187
7327
4189
6738
4260
4190
6743
4191
4192
6441
4193
4194
6442
4195
4164
6724
4165
6730
4199
4213
4166
6427
4167
6728
4238
4212
4704
4196
6745
4197
6742
4168
6732
4233
6731
4240
4214
6754
4216
6753
4215
4198
6746
4201
6744
4200
4202
6747
4203
4204
6748
4227
6749
4224
4206
6751
4220
4218
4217
4707
4205
6750
4221
4219
6756
4256
6755
4255
4222
6752
4252
4223
4228
6757
4229
4230
6761
4271
4207
6733
4225
4254
4226
6758
4231
6760
4234
4232
6762
4266
4258
4257
4259
6777
4262
6776
4261
7337
4208
6726
4236
7335
4264
4263
6775
4336
4265
6780
4294
6779
4293
4235
6765
4244
6763
4267
4248
4237
4239
6457
4241
6767
4242
4296
4243
6759
4268
6774
4292
4295
4729
4245
6769
4246
4297
6794
4299
6793
4298
4269
6781
4270
4272
6778
4343
4273
6783
4274
4275
6478
4276
4301
4300
4732
4277
6479
4278
4302
6796
4339
6795
4338
4247
6764
6770
4249
6464
4250
6768
4279
6785
4280
6782
4304
4251
6771
4282
6772
4281
6784
4307
4308
6786
4283
4287
6788
4303
4305
6792
4335
4306
4309
6800
4310
4311
6797
4312
6798
4314
4313
6801
4316
4317
4337
4315
6802
4349
4341
4340
4342
6816
4344
6817
4345
4346
6815
7339
4285
6787
6789
4288
6790
4318
6803
4319
4321
4327
6805
4354
4331
7347
7343
7341
4347
4348
6820
4377
6819
4376
4320
4322
6494
4323
4324
6807
4325
4326
6799
4379
4328
6809
4329
4351
6814
4375
4378
4754
4330
6804
4350
7349
4380
6834
4382
6833
4381
4352
6821
4353
4355
6818
4426
4289
6791
4369
4367
4356
6823
4357
6810
4358
6515
4359
4384
4383
4757
4419
4332
6501
4333
4360
6516
4361
6808
4365
4334
6811
6812
4385
6836
4422
6835
4421
4362
6825
4363
6822
4390
4373
4374
6806
4364
6824
4391
6826
4366
6813
4370
6828
4386
4388
6832
4418
4368
6829
4387
6827
4389
4392
6840
4393
4394
6837
4395
6838
4397
4396
6841
4399
4400
4420
4424
4423
4425
6856
4427
6857
4428
4429
6855
7345
4398
6842
4432
4430
4431
6859
4459
6860
4460
4461
4779
7353
4401
6843
4402
4404
4410
6845
4437
4414
7359
7357
7355
4403
4405
6531
4406
4407
6847
4408
4409
6839
4462
4411
6849
4412
4434
6854
4458
4413
6844
4433
7351
4463
6874
4465
6873
4464
4435
6861
4436
4438
6858
4509
4372
6831
4452
4439
6863
4440
6850
4371
6830
4450
4441
6552
4442
4467
4466
4782
4502
4415
6538
4416
4443
6553
4444
6848
4448
4417
6851
6852
4468
6876
4505
6875
4504
4445
6865
4446
6862
4473
4456
4457
6846
4447
6864
4474
6866
4449
6853
4453
6868
4469
4471
6872
4501
4451
6869
4470
6867
4472
4475
6880
4476
4477
6877
4478
6878
4480
4479
6881
4482
4483
4481
4503
6882
4515
4484
6883
4485
4487
4493
6885
4520
4497
4507
4506
4508
6897
4511
6896
4510
7367
7365
7363
4513
4512
6895
4514
6900
4543
6899
4542
4486
4488
6568
4489
4490
6887
4491
4492
6879
4545
6629
4585
4494
6889
4495
4517
6894
4541
4544
4804
4496
6884
4516
7361
4546
6914
4548
6913
4547
4518
6901
4519
4521
6898
4592
4455
6871
4535
4522
6903
4523
6890
4454
6870
4533
4524
6589
4525
4550
6632
4549
4807
4498
6575
4499
4526
6590
4527
6888
4531
4500
6891
6892
4551
6916
4588
6915
4587
4528
6905
4529
6902
4556
4539
4540
6886
4530
6904
4557
6906
4532
6893
4536
6908
4552
4554
6912
4584
4534
6909
4553
6907
4555
4558
6920
4559
4560
6917
4561
6918
4563
4562
6921
4565
4566
4564
4586
6922
4598
4567
6923
4568
4570
4576
6925
4603
4580
4590
6654
7375
4589
7373
4591
6937
4594
6936
4593
7371
4569
4596
6658
4571
6605
4572
4595
6935
4573
6927
4574
4597
6939
6940
4575
6919
4577
6929
4578
4600
6934
4579
6924
4599
4601
6941
4602
7369
4604
6938
4537
6910
4616
4538
6911
4618
4605
6943
4606
6930
4607
6626
4608
4609
6627
4610
4581
6612
4582
6928
4614
4611
6945
4612
6942
4583
6931
6932
4613
6944
6946
4615
4617
6947
4619
6948
6949
4620
6950
4621
6951
4290
6773
4291
6766
4622
6933
4623
6926
